StartDate,AskOpen,AskHigh,AskLow,AskClose,BidOpen,BidHigh,BidLow,BidClose
2016/01/03 14:00:00,120.235000,120.293000,120.138000,120.251000,120.181000,120.200000,120.039000,120.170000
2016/01/03 22:00:00,120.251000,120.479000,119.253000,119.393000,120.170000,120.455000,119.229000,119.369000
2016/01/04 06:00:00,119.393000,119.484000,118.716000,119.271000,119.369000,119.461000,118.692000,119.247000
2016/01/04 14:00:00,119.271000,119.513000,119.020000,119.470000,119.247000,119.492000,118.996000,119.420000
2016/01/04 22:00:00,119.470000,119.713000,119.109000,119.435000,119.420000,119.689000,119.087000,119.412000
2016/01/05 06:00:00,119.435000,119.592000,118.805000,119.157000,119.412000,119.569000,118.783000,119.134000
2016/01/05 14:00:00,119.157000,119.288000,118.851000,119.076000,119.134000,119.265000,118.829000,119.042000
2016/01/05 22:00:00,119.076000,119.185000,118.366000,118.764000,119.042000,119.159000,118.344000,118.741000
2016/01/06 06:00:00,118.764000,118.810000,118.264000,118.730000,118.741000,118.787000,118.240000,118.708000
2016/01/06 14:00:00,118.730000,118.780000,118.363000,118.484000,118.708000,118.759000,118.339000,118.452000
2016/01/06 22:00:00,118.484000,118.768000,117.680000,118.023000,118.452000,118.746000,117.653000,117.998000
2016/01/07 06:00:00,118.023000,118.206000,117.341000,117.844000,117.998000,118.182000,117.319000,117.821000
2016/01/07 14:00:00,117.844000,118.289000,117.457000,117.690000,117.821000,118.271000,117.436000,117.642000
2016/01/07 22:00:00,117.690000,118.612000,117.504000,118.326000,117.642000,118.585000,117.448000,118.303000
2016/01/08 06:00:00,118.326000,118.884000,118.179000,118.283000,118.303000,118.808000,118.155000,118.261000
2016/01/08 14:00:00,118.283000,118.346000,117.280000,117.293000,118.261000,118.322000,117.188000,117.191000
2016/01/10 14:00:00,117.293000,117.320000,117.228000,117.256000,117.191000,117.276000,117.176000,117.176000
2016/01/10 22:00:00,117.256000,117.472000,116.705000,117.336000,117.176000,117.436000,116.680000,117.311000
2016/01/11 06:00:00,117.336000,118.037000,117.106000,117.916000,117.311000,118.018000,117.084000,117.894000
2016/01/11 14:00:00,117.916000,117.987000,117.205000,117.768000,117.894000,117.964000,117.182000,117.736000
2016/01/11 22:00:00,117.768000,118.048000,117.422000,117.546000,117.736000,118.020000,117.402000,117.522000
2016/01/12 06:00:00,117.546000,117.997000,117.240000,117.786000,117.522000,117.973000,117.217000,117.764000
2016/01/12 14:00:00,117.786000,118.085000,117.396000,117.670000,117.764000,118.061000,117.372000,117.622000
2016/01/12 22:00:00,117.670000,118.370000,117.660000,118.295000,117.622000,118.347000,117.620000,118.272000
2016/01/13 06:00:00,118.295000,118.392000,118.031000,118.182000,118.272000,118.370000,118.008000,118.160000
2016/01/13 14:00:00,118.182000,118.367000,117.654000,117.712000,118.160000,118.343000,117.630000,117.649000
2016/01/13 22:00:00,117.712000,117.724000,117.305000,117.646000,117.649000,117.691000,117.281000,117.627000
2016/01/14 06:00:00,117.646000,118.192000,117.536000,117.760000,117.627000,118.169000,117.513000,117.736000
2016/01/14 14:00:00,117.760000,118.292000,117.442000,118.080000,117.736000,118.270000,117.424000,118.042000
2016/01/14 22:00:00,118.080000,118.284000,117.607000,117.858000,118.042000,118.260000,117.584000,117.834000
2016/01/15 06:00:00,117.858000,117.943000,116.611000,116.918000,117.834000,117.922000,116.587000,116.895000
2016/01/15 14:00:00,116.918000,117.189000,116.522000,117.081000,116.895000,117.166000,116.498000,116.944000
2016/01/17 14:00:00,117.081000,117.081000,116.587000,116.761000,116.944000,116.944000,116.544000,116.648000
2016/01/17 22:00:00,116.761000,117.376000,116.760000,117.198000,116.648000,117.354000,116.648000,117.174000
2016/01/18 06:00:00,117.198000,117.451000,117.023000,117.333000,117.174000,117.429000,117.000000,117.310000
2016/01/18 14:00:00,117.333000,117.422000,117.267000,117.375000,117.310000,117.399000,117.244000,117.259000
2016/01/18 22:00:00,117.375000,117.846000,117.246000,117.737000,117.259000,117.823000,117.223000,117.713000
2016/01/19 06:00:00,117.737000,118.126000,117.728000,117.915000,117.713000,118.104000,117.705000,117.893000
2016/01/19 14:00:00,117.915000,117.952000,117.318000,117.666000,117.893000,117.930000,117.296000,117.614000
2016/01/19 22:00:00,117.666000,117.706000,116.791000,116.900000,117.614000,117.675000,116.766000,116.878000
2016/01/20 06:00:00,116.900000,116.982000,115.985000,116.832000,116.878000,116.955000,115.960000,116.809000
2016/01/20 14:00:00,116.832000,117.059000,116.214000,116.977000,116.809000,117.036000,116.193000,116.926000
2016/01/20 22:00:00,116.977000,117.490000,116.797000,116.810000,116.926000,117.467000,116.773000,116.787000
2016/01/21 06:00:00,116.810000,117.455000,116.481000,117.011000,116.787000,117.429000,116.460000,116.988000
2016/01/21 14:00:00,117.011000,117.826000,116.903000,117.740000,116.988000,117.803000,116.880000,117.658000
2016/01/21 22:00:00,117.740000,118.152000,117.553000,118.106000,117.658000,118.129000,117.530000,118.083000
2016/01/22 06:00:00,118.106000,118.328000,117.878000,118.053000,118.083000,118.307000,117.853000,118.027000
2016/01/22 14:00:00,118.053000,118.890000,118.010000,118.836000,118.027000,118.869000,117.988000,118.734000
2016/01/24 14:00:00,118.836000,118.836000,118.598000,118.717000,118.734000,118.734000,118.547000,118.603000
2016/01/24 22:00:00,118.717000,118.868000,118.445000,118.723000,118.603000,118.845000,118.421000,118.699000
2016/01/25 06:00:00,118.723000,118.861000,118.186000,118.374000,118.699000,118.838000,118.161000,118.351000
2016/01/25 14:00:00,118.374000,118.672000,118.302000,118.312000,118.351000,118.650000,118.273000,118.275000
2016/01/25 22:00:00,118.312000,118.376000,117.976000,118.072000,118.275000,118.347000,117.953000,118.048000
2016/01/26 06:00:00,118.072000,118.540000,117.667000,118.539000,118.048000,118.518000,117.645000,118.516000
2016/01/26 14:00:00,118.539000,118.634000,118.388000,118.440000,118.516000,118.611000,118.366000,118.392000
2016/01/26 22:00:00,118.440000,118.465000,118.055000,118.331000,118.392000,118.439000,118.032000,118.307000
2016/01/27 06:00:00,118.331000,118.507000,118.086000,118.436000,118.307000,118.485000,118.065000,118.412000
2016/01/27 14:00:00,118.436000,119.086000,118.419000,118.718000,118.412000,119.059000,118.396000,118.642000
2016/01/27 22:00:00,118.718000,118.946000,118.428000,118.632000,118.642000,118.922000,118.404000,118.608000
2016/01/28 06:00:00,118.632000,118.953000,118.558000,118.926000,118.608000,118.930000,118.535000,118.902000
2016/01/28 14:00:00,118.926000,119.004000,118.575000,118.845000,118.902000,118.981000,118.553000,118.796000
2016/01/28 22:00:00,118.845000,121.455000,118.513000,120.576000,118.796000,121.404000,118.474000,120.549000
2016/01/29 06:00:00,120.576000,121.312000,120.460000,121.200000,120.549000,121.289000,120.436000,121.179000
2016/01/29 14:00:00,121.200000,121.701000,120.931000,121.149000,121.179000,121.678000,120.907000,121.109000
2016/01/31 14:00:00,121.149000,121.405000,121.149000,121.362000,121.109000,121.358000,121.109000,121.314000
2016/01/31 22:00:00,121.362000,121.505000,121.116000,121.363000,121.314000,121.477000,121.092000,121.339000
2016/02/01 06:00:00,121.363000,121.421000,121.069000,121.273000,121.339000,121.399000,121.045000,121.252000
2016/02/01 14:00:00,121.273000,121.320000,120.691000,121.025000,121.252000,121.297000,120.669000,120.954000
2016/02/01 22:00:00,121.025000,121.074000,120.368000,120.444000,120.954000,121.025000,120.346000,120.420000
2016/02/02 06:00:00,120.444000,120.875000,120.433000,120.492000,120.420000,120.851000,120.409000,120.469000
2016/02/02 14:00:00,120.492000,120.589000,119.851000,119.991000,120.469000,120.568000,119.827000,119.948000
2016/02/02 22:00:00,119.991000,120.015000,119.431000,119.614000,119.948000,119.962000,119.408000,119.591000
2016/02/03 06:00:00,119.614000,120.058000,119.048000,119.344000,119.591000,120.035000,119.026000,119.320000
2016/02/03 14:00:00,119.344000,119.402000,117.067000,117.940000,119.320000,119.380000,117.042000,117.869000
2016/02/03 22:00:00,117.940000,118.254000,117.662000,117.917000,117.869000,118.231000,117.637000,117.893000
2016/02/04 06:00:00,117.917000,118.183000,116.867000,117.107000,117.893000,118.158000,116.841000,117.083000
2016/02/04 14:00:00,117.107000,117.340000,116.539000,116.794000,117.083000,117.316000,116.517000,116.745000
2016/02/04 22:00:00,116.794000,116.997000,116.571000,116.872000,116.745000,116.973000,116.545000,116.848000
2016/02/05 06:00:00,116.872000,117.333000,116.321000,117.020000,116.848000,117.302000,116.281000,116.996000
2016/02/05 14:00:00,117.020000,117.441000,116.847000,116.850000,116.996000,117.419000,116.781000,116.788000
2016/02/07 14:00:00,116.850000,116.994000,116.826000,116.887000,116.788000,116.880000,116.769000,116.769000
2016/02/07 22:00:00,116.887000,117.503000,116.882000,117.417000,116.769000,117.480000,116.769000,117.394000
2016/02/08 06:00:00,117.417000,117.538000,116.132000,116.439000,117.394000,117.515000,116.108000,116.416000
2016/02/08 14:00:00,116.439000,116.445000,115.185000,115.871000,116.416000,116.423000,115.163000,115.832000
2016/02/08 22:00:00,115.871000,115.872000,114.220000,114.849000,115.832000,115.837000,114.196000,114.823000
2016/02/09 06:00:00,114.849000,115.558000,114.357000,114.390000,114.823000,115.534000,114.334000,114.367000
2016/02/09 14:00:00,114.390000,115.400000,114.333000,115.138000,114.367000,115.377000,114.310000,115.090000
2016/02/09 22:00:00,115.138000,115.276000,114.270000,114.542000,115.090000,115.250000,114.246000,114.520000
2016/02/10 06:00:00,114.542000,115.199000,114.505000,114.866000,114.520000,115.177000,114.482000,114.841000
2016/02/10 14:00:00,114.866000,115.210000,113.134000,113.382000,114.841000,115.187000,113.107000,113.306000
2016/02/10 22:00:00,113.382000,113.618000,112.550000,112.736000,113.306000,113.579000,112.523000,112.711000
2016/02/11 06:00:00,112.736000,113.266000,110.991000,112.438000,112.711000,113.168000,110.958000,112.414000
2016/02/11 14:00:00,112.438000,112.668000,111.589000,112.440000,112.414000,112.643000,111.564000,112.395000
2016/02/11 22:00:00,112.440000,113.030000,111.907000,112.448000,112.395000,113.004000,111.882000,112.423000
2016/02/12 06:00:00,112.448000,113.179000,111.670000,112.902000,112.423000,113.154000,111.641000,112.878000
2016/02/12 14:00:00,112.902000,113.553000,112.603000,113.258000,112.878000,113.530000,112.579000,113.160000
2016/02/14 14:00:00,113.258000,113.539000,113.258000,113.440000,113.160000,113.449000,113.160000,113.370000
2016/02/14 22:00:00,113.440000,114.021000,113.284000,113.924000,113.370000,113.996000,113.261000,113.900000
2016/02/15 06:00:00,113.924000,114.211000,113.613000,114.196000,113.900000,114.191000,113.590000,114.173000
2016/02/15 14:00:00,114.196000,114.744000,114.123000,114.643000,114.173000,114.721000,114.100000,114.547000
2016/02/15 22:00:00,114.643000,114.888000,114.305000,114.591000,114.547000,114.865000,114.281000,114.569000
2016/02/16 06:00:00,114.591000,114.640000,113.653000,113.889000,114.569000,114.616000,113.631000,113.866000
2016/02/16 14:00:00,113.889000,114.143000,113.606000,114.125000,113.866000,114.120000,113.584000,114.023000
2016/02/16 22:00:00,114.125000,114.408000,113.605000,113.875000,114.023000,114.384000,113.582000,113.851000
2016/02/17 06:00:00,113.875000,114.356000,113.387000,114.200000,113.851000,114.333000,113.364000,114.177000
2016/02/17 14:00:00,114.200000,114.517000,113.759000,114.144000,114.177000,114.494000,113.733000,114.064000
2016/02/17 22:00:00,114.144000,114.336000,113.809000,113.914000,114.064000,114.311000,113.786000,113.890000
2016/02/18 06:00:00,113.914000,114.033000,113.629000,113.871000,113.890000,114.008000,113.606000,113.848000
2016/02/18 14:00:00,113.871000,113.941000,113.157000,113.275000,113.848000,113.919000,113.132000,113.214000
2016/02/18 22:00:00,113.275000,113.392000,112.725000,113.078000,113.214000,113.365000,112.702000,113.054000
2016/02/19 06:00:00,113.078000,113.229000,112.764000,112.897000,113.054000,113.207000,112.741000,112.875000
2016/02/19 14:00:00,112.897000,113.102000,112.320000,112.606000,112.875000,113.081000,112.294000,112.529000
2016/02/21 14:00:00,112.606000,112.608000,112.438000,112.606000,112.529000,112.574000,112.388000,112.535000
2016/02/21 22:00:00,112.606000,113.065000,112.441000,112.928000,112.535000,113.045000,112.414000,112.905000
2016/02/22 06:00:00,112.928000,113.400000,112.707000,113.217000,112.905000,113.378000,112.685000,113.195000
2016/02/22 14:00:00,113.217000,113.257000,112.799000,112.962000,113.195000,113.236000,112.774000,112.843000
2016/02/22 22:00:00,112.962000,113.066000,111.983000,112.439000,112.843000,113.042000,111.957000,112.414000
2016/02/23 06:00:00,112.439000,112.486000,111.786000,112.332000,112.414000,112.462000,111.763000,112.308000
2016/02/23 14:00:00,112.332000,112.430000,111.875000,112.126000,112.308000,112.406000,111.852000,112.078000
2016/02/23 22:00:00,112.126000,112.148000,111.646000,111.788000,112.078000,112.117000,111.623000,111.767000
2016/02/24 06:00:00,111.788000,112.279000,111.718000,111.796000,111.767000,112.254000,111.696000,111.773000
2016/02/24 14:00:00,111.796000,112.222000,111.055000,112.196000,111.773000,112.195000,111.031000,112.157000
2016/02/24 22:00:00,112.196000,112.638000,111.911000,112.478000,112.157000,112.614000,111.887000,112.453000
2016/02/25 06:00:00,112.478000,112.811000,111.993000,112.746000,112.453000,112.786000,111.972000,112.724000
2016/02/25 14:00:00,112.746000,113.037000,112.550000,113.024000,112.724000,113.012000,112.529000,112.978000
2016/02/25 22:00:00,113.024000,113.235000,112.572000,112.625000,112.978000,113.210000,112.550000,112.602000
2016/02/26 06:00:00,112.625000,113.460000,112.617000,113.430000,112.602000,113.436000,112.593000,113.406000
2016/02/26 14:00:00,113.430000,114.011000,113.387000,114.004000,113.406000,113.980000,113.362000,113.954000
2016/02/28 14:00:00,114.004000,114.004000,113.876000,114.000000,113.954000,113.954000,113.827000,113.930000
2016/02/28 22:00:00,114.000000,114.015000,112.907000,112.909000,113.930000,113.972000,112.882000,112.887000
2016/02/29 06:00:00,112.909000,113.268000,112.782000,113.176000,112.887000,113.246000,112.759000,113.151000
2016/02/29 14:00:00,113.176000,113.197000,112.668000,112.727000,113.151000,113.175000,112.642000,112.658000
2016/02/29 22:00:00,112.727000,112.762000,112.171000,112.622000,112.658000,112.729000,112.146000,112.599000
2016/03/01 06:00:00,112.622000,113.350000,112.617000,113.018000,112.599000,113.326000,112.592000,112.994000
2016/03/01 14:00:00,113.018000,114.198000,113.018000,114.051000,112.994000,114.174000,112.993000,113.958000
2016/03/01 22:00:00,114.051000,114.167000,113.755000,113.904000,113.958000,114.131000,113.730000,113.881000
2016/03/02 06:00:00,113.904000,114.569000,113.891000,114.253000,113.881000,114.546000,113.868000,114.228000
2016/03/02 14:00:00,114.253000,114.275000,113.230000,113.500000,114.228000,114.251000,113.205000,113.450000
2016/03/02 22:00:00,113.500000,114.253000,113.421000,114.135000,113.450000,114.230000,113.395000,114.111000
2016/03/03 06:00:00,114.135000,114.283000,113.759000,113.850000,114.111000,114.258000,113.736000,113.828000
2016/03/03 14:00:00,113.850000,113.937000,113.309000,113.710000,113.828000,113.916000,113.287000,113.664000
2016/03/03 22:00:00,113.710000,113.885000,113.245000,113.862000,113.664000,113.862000,113.226000,113.840000
2016/03/04 06:00:00,113.862000,114.226000,113.564000,113.574000,113.840000,114.204000,113.539000,113.551000
2016/03/04 14:00:00,113.574000,114.270000,113.134000,113.830000,113.551000,114.247000,113.111000,113.764000
2016/03/06 14:00:00,113.830000,114.112000,113.830000,114.007000,113.764000,114.054000,113.764000,113.893000
2016/03/06 22:00:00,114.007000,114.008000,113.511000,113.698000,113.893000,113.919000,113.488000,113.674000
2016/03/07 06:00:00,113.698000,113.778000,113.413000,113.538000,113.674000,113.756000,113.391000,113.514000
2016/03/07 14:00:00,113.538000,113.708000,113.237000,113.531000,113.514000,113.685000,113.214000,113.418000
2016/03/07 22:00:00,113.531000,113.535000,112.759000,113.164000,113.418000,113.510000,112.734000,113.139000
2016/03/08 06:00:00,113.164000,113.212000,112.814000,112.981000,113.139000,113.189000,112.792000,112.958000
2016/03/08 14:00:00,112.981000,112.997000,112.436000,112.649000,112.958000,112.975000,112.414000,112.606000
2016/03/08 22:00:00,112.649000,112.777000,112.425000,112.568000,112.606000,112.753000,112.402000,112.546000
2016/03/09 06:00:00,112.568000,112.854000,112.238000,112.759000,112.546000,112.830000,112.215000,112.736000
2016/03/09 14:00:00,112.759000,113.468000,112.707000,113.409000,112.736000,113.444000,112.686000,113.308000
2016/03/09 22:00:00,113.409000,113.818000,113.165000,113.752000,113.308000,113.796000,113.142000,113.729000
2016/03/10 06:00:00,113.752000,114.460000,113.366000,114.006000,113.729000,114.435000,113.343000,113.982000
2016/03/10 14:00:00,114.006000,114.244000,112.620000,113.241000,113.982000,114.219000,112.592000,113.125000
2016/03/10 22:00:00,113.241000,113.604000,112.770000,113.425000,113.125000,113.581000,112.744000,113.401000
2016/03/11 06:00:00,113.425000,113.932000,113.409000,113.603000,113.401000,113.908000,113.385000,113.581000
2016/03/11 14:00:00,113.603000,113.888000,113.353000,113.886000,113.581000,113.820000,113.328000,113.780000
2016/03/13 13:00:00,113.886000,114.032000,113.886000,113.978000,113.780000,113.974000,113.780000,113.926000
2016/03/13 21:00:00,113.978000,114.020000,113.656000,113.768000,113.926000,113.997000,113.631000,113.744000
2016/03/14 05:00:00,113.768000,113.897000,113.519000,113.620000,113.744000,113.873000,113.496000,113.597000
2016/03/14 13:00:00,113.620000,113.891000,113.555000,113.849000,113.597000,113.868000,113.533000,113.808000
2016/03/14 21:00:00,113.849000,114.169000,113.228000,113.325000,113.808000,114.133000,113.208000,113.300000
2016/03/15 05:00:00,113.325000,113.499000,112.646000,112.751000,113.300000,113.476000,112.621000,112.728000
2016/03/15 13:00:00,112.751000,113.216000,112.702000,113.208000,112.728000,113.170000,112.679000,113.098000
2016/03/15 21:00:00,113.208000,113.571000,113.036000,113.462000,113.098000,113.548000,113.012000,113.439000
2016/03/16 05:00:00,113.462000,113.801000,113.356000,113.657000,113.439000,113.783000,113.332000,113.633000
2016/03/16 13:00:00,113.657000,113.831000,112.341000,112.602000,113.633000,113.807000,112.319000,112.520000
2016/03/16 21:00:00,112.602000,112.971000,111.988000,112.054000,112.520000,112.949000,111.963000,112.032000
2016/03/17 05:00:00,112.054000,112.289000,110.680000,111.693000,112.032000,112.266000,110.657000,111.669000
2016/03/17 13:00:00,111.693000,111.814000,110.986000,111.408000,111.669000,111.792000,110.963000,111.360000
2016/03/17 21:00:00,111.408000,111.488000,110.837000,111.380000,111.360000,111.457000,110.810000,111.356000
2016/03/18 05:00:00,111.380000,111.594000,111.069000,111.554000,111.356000,111.570000,111.044000,111.531000
2016/03/18 13:00:00,111.554000,111.773000,111.342000,111.592000,111.531000,111.748000,111.319000,111.532000
2016/03/20 13:00:00,111.592000,111.702000,111.528000,111.622000,111.532000,111.598000,111.485000,111.508000
2016/03/20 21:00:00,111.622000,111.632000,111.232000,111.475000,111.508000,111.572000,111.208000,111.451000
2016/03/21 05:00:00,111.475000,111.657000,111.364000,111.653000,111.451000,111.632000,111.341000,111.630000
2016/03/21 13:00:00,111.653000,111.991000,111.591000,111.972000,111.630000,111.966000,111.569000,111.928000
2016/03/21 21:00:00,111.972000,112.223000,111.848000,111.992000,111.928000,112.197000,111.823000,111.969000
2016/03/22 05:00:00,111.992000,112.195000,111.390000,111.725000,111.969000,112.171000,111.367000,111.700000
2016/03/22 13:00:00,111.725000,112.504000,111.555000,112.425000,111.700000,112.481000,111.532000,112.326000
2016/03/22 21:00:00,112.425000,112.486000,112.155000,112.458000,112.326000,112.462000,112.130000,112.435000
2016/03/23 05:00:00,112.458000,112.861000,112.241000,112.805000,112.435000,112.839000,112.217000,112.783000
2016/03/23 13:00:00,112.805000,112.920000,112.354000,112.394000,112.783000,112.897000,112.331000,112.348000
2016/03/23 21:00:00,112.394000,112.868000,112.308000,112.774000,112.348000,112.845000,112.283000,112.751000
2016/03/24 05:00:00,112.774000,113.019000,112.415000,112.528000,112.751000,112.997000,112.393000,112.506000
2016/03/24 13:00:00,112.528000,112.916000,112.385000,112.916000,112.506000,112.891000,112.362000,112.889000
2016/03/24 21:00:00,112.916000,113.339000,112.771000,113.162000,112.889000,113.313000,112.737000,113.127000
2016/03/25 05:00:00,113.162000,113.182000,112.900000,113.091000,113.127000,113.152000,112.875000,113.068000
2016/03/25 13:00:00,113.091000,113.186000,113.028000,113.128000,113.068000,113.157000,112.999000,113.019000
2016/03/27 13:00:00,113.128000,113.259000,113.128000,113.222000,113.019000,113.213000,113.019000,113.151000
2016/03/27 21:00:00,113.222000,113.699000,113.161000,113.533000,113.151000,113.677000,113.100000,113.510000
2016/03/28 05:00:00,113.533000,113.672000,113.286000,113.368000,113.510000,113.648000,113.263000,113.344000
2016/03/28 13:00:00,113.368000,113.488000,113.164000,113.482000,113.344000,113.460000,113.141000,113.421000
2016/03/28 21:00:00,113.482000,113.749000,113.240000,113.652000,113.421000,113.726000,113.217000,113.628000
2016/03/29 05:00:00,113.652000,113.816000,113.418000,113.456000,113.628000,113.793000,113.395000,113.431000
2016/03/29 13:00:00,113.456000,113.501000,112.624000,112.706000,113.431000,113.478000,112.602000,112.652000
2016/03/29 21:00:00,112.706000,112.823000,112.407000,112.507000,112.652000,112.794000,112.381000,112.483000
2016/03/30 05:00:00,112.507000,112.688000,112.030000,112.606000,112.483000,112.664000,112.007000,112.583000
2016/03/30 13:00:00,112.606000,112.680000,112.398000,112.454000,112.583000,112.659000,112.376000,112.393000
2016/03/30 21:00:00,112.454000,112.673000,112.168000,112.245000,112.393000,112.652000,112.143000,112.221000
2016/03/31 05:00:00,112.245000,112.514000,112.205000,112.274000,112.221000,112.489000,112.181000,112.253000
2016/03/31 13:00:00,112.274000,112.617000,112.123000,112.582000,112.253000,112.594000,112.099000,112.544000
2016/03/31 21:00:00,112.582000,112.597000,112.071000,112.252000,112.544000,112.571000,112.047000,112.227000
2016/04/01 05:00:00,112.252000,112.451000,111.830000,112.066000,112.227000,112.415000,111.806000,112.042000
2016/04/01 13:00:00,112.066000,112.468000,111.598000,111.676000,112.042000,112.445000,111.575000,111.589000
2016/04/03 13:00:00,111.676000,111.799000,111.586000,111.666000,111.589000,111.698000,111.545000,111.584000
2016/04/03 21:00:00,111.666000,111.815000,111.334000,111.536000,111.584000,111.786000,111.309000,111.512000
2016/04/04 05:00:00,111.536000,111.754000,111.332000,111.400000,111.512000,111.730000,111.308000,111.377000
2016/04/04 13:00:00,111.400000,111.494000,111.109000,111.374000,111.377000,111.469000,111.086000,111.310000
2016/04/04 21:00:00,111.374000,111.378000,110.793000,110.885000,111.310000,111.338000,110.770000,110.861000
2016/04/05 05:00:00,110.885000,110.898000,110.277000,110.601000,110.861000,110.874000,110.253000,110.578000
2016/04/05 13:00:00,110.601000,110.713000,109.957000,110.369000,110.578000,110.688000,109.929000,110.299000
2016/04/05 21:00:00,110.369000,110.658000,110.242000,110.397000,110.299000,110.631000,110.218000,110.372000
2016/04/06 05:00:00,110.397000,110.557000,110.249000,110.343000,110.372000,110.533000,110.224000,110.320000
2016/04/06 13:00:00,110.343000,110.437000,109.354000,109.808000,110.320000,110.407000,109.328000,109.778000
2016/04/06 21:00:00,109.808000,109.922000,109.027000,109.108000,109.778000,109.893000,109.004000,109.085000
2016/04/07 05:00:00,109.108000,109.156000,108.031000,108.378000,109.085000,109.131000,108.005000,108.354000
2016/04/07 13:00:00,108.378000,108.471000,107.681000,108.258000,108.354000,108.447000,107.655000,108.165000
2016/04/07 21:00:00,108.258000,109.005000,108.108000,108.790000,108.165000,108.981000,108.054000,108.767000
2016/04/08 05:00:00,108.790000,109.111000,108.474000,108.718000,108.767000,109.088000,108.451000,108.695000
2016/04/08 13:00:00,108.718000,108.931000,108.091000,108.114000,108.695000,108.907000,108.010000,108.038000
2016/04/10 13:00:00,108.114000,108.137000,107.852000,108.016000,108.038000,108.038000,107.810000,107.922000
2016/04/10 21:00:00,108.016000,108.347000,107.645000,107.868000,107.922000,108.319000,107.620000,107.843000
2016/04/11 05:00:00,107.868000,108.360000,107.704000,108.188000,107.843000,108.333000,107.680000,108.165000
2016/04/11 13:00:00,108.188000,108.453000,107.802000,107.966000,108.165000,108.431000,107.780000,107.926000
2016/04/11 21:00:00,107.966000,108.290000,107.885000,108.251000,107.926000,108.267000,107.860000,108.227000
2016/04/12 05:00:00,108.251000,108.446000,108.121000,108.446000,108.227000,108.423000,108.097000,108.423000
2016/04/12 13:00:00,108.446000,108.800000,108.328000,108.565000,108.423000,108.777000,108.306000,108.518000
2016/04/12 21:00:00,108.565000,108.957000,108.520000,108.916000,108.518000,108.933000,108.495000,108.892000
2016/04/13 05:00:00,108.916000,109.405000,108.764000,109.132000,108.892000,109.382000,108.741000,109.111000
2016/04/13 13:00:00,109.132000,109.418000,109.036000,109.356000,109.111000,109.395000,109.012000,109.322000
2016/04/13 21:00:00,109.356000,109.558000,109.263000,109.455000,109.322000,109.537000,109.239000,109.432000
2016/04/14 05:00:00,109.455000,109.521000,109.070000,109.318000,109.432000,109.497000,109.047000,109.295000
2016/04/14 13:00:00,109.318000,109.478000,108.910000,109.437000,109.295000,109.454000,108.885000,109.364000
2016/04/14 21:00:00,109.437000,109.747000,109.299000,109.657000,109.364000,109.723000,109.274000,109.633000
2016/04/15 05:00:00,109.657000,109.678000,108.807000,108.990000,109.633000,109.654000,108.787000,108.967000
2016/04/15 13:00:00,108.990000,109.061000,108.613000,108.790000,108.967000,109.038000,108.590000,108.734000
2016/04/17 13:00:00,108.790000,108.790000,107.802000,108.224000,108.734000,108.734000,107.688000,108.166000
2016/04/17 21:00:00,108.224000,108.476000,107.850000,108.047000,108.166000,108.450000,107.826000,108.022000
2016/04/18 05:00:00,108.047000,108.808000,107.901000,108.658000,108.022000,108.783000,107.876000,108.634000
2016/04/18 13:00:00,108.658000,109.000000,108.530000,108.842000,108.634000,108.977000,108.507000,108.796000
2016/04/18 21:00:00,108.842000,109.234000,108.766000,109.087000,108.796000,109.208000,108.732000,109.063000
2016/04/19 05:00:00,109.087000,109.499000,108.803000,109.275000,109.063000,109.477000,108.779000,109.251000
2016/04/19 13:00:00,109.275000,109.466000,109.010000,109.228000,109.251000,109.443000,108.986000,109.182000
2016/04/19 21:00:00,109.228000,109.340000,108.890000,109.008000,109.182000,109.310000,108.866000,108.984000
2016/04/20 05:00:00,109.008000,109.375000,108.773000,109.350000,108.984000,109.352000,108.751000,109.328000
2016/04/20 13:00:00,109.350000,109.892000,109.203000,109.874000,109.328000,109.869000,109.182000,109.826000
2016/04/20 21:00:00,109.874000,109.911000,109.582000,109.723000,109.826000,109.887000,109.558000,109.700000
2016/04/21 05:00:00,109.723000,109.828000,109.524000,109.656000,109.700000,109.805000,109.500000,109.632000
2016/04/21 13:00:00,109.656000,109.778000,109.334000,109.482000,109.632000,109.753000,109.312000,109.441000
2016/04/21 21:00:00,109.482000,110.204000,109.274000,110.050000,109.441000,110.176000,109.251000,110.026000
2016/04/22 05:00:00,110.050000,111.202000,109.862000,111.198000,110.026000,111.177000,109.838000,111.173000
2016/04/22 13:00:00,111.198000,111.830000,111.138000,111.814000,111.173000,111.796000,111.117000,111.778000
2016/04/24 13:00:00,111.814000,111.939000,111.430000,111.878000,111.778000,111.888000,111.370000,111.841000
2016/04/24 21:00:00,111.878000,111.908000,111.052000,111.110000,111.841000,111.870000,111.029000,111.084000
2016/04/25 05:00:00,111.110000,111.360000,110.854000,111.139000,111.084000,111.337000,110.829000,111.115000
2016/04/25 13:00:00,111.139000,111.349000,110.893000,111.235000,111.115000,111.326000,110.871000,111.174000
2016/04/25 21:00:00,111.235000,111.316000,110.863000,111.045000,111.174000,111.287000,110.839000,111.022000
2016/04/26 05:00:00,111.045000,111.177000,110.683000,111.044000,111.022000,111.156000,110.660000,111.019000
2016/04/26 13:00:00,111.044000,111.487000,110.875000,111.331000,111.019000,111.464000,110.852000,111.300000
2016/04/26 21:00:00,111.331000,111.378000,111.040000,111.075000,111.300000,111.338000,111.017000,111.053000
2016/04/27 05:00:00,111.075000,111.411000,111.056000,111.165000,111.053000,111.386000,111.034000,111.143000
2016/04/27 13:00:00,111.165000,111.770000,111.086000,111.534000,111.143000,111.748000,111.049000,111.416000
2016/04/27 21:00:00,111.534000,111.898000,108.780000,108.912000,111.416000,111.872000,108.730000,108.889000
2016/04/28 05:00:00,108.912000,109.069000,107.931000,108.378000,108.889000,109.044000,107.905000,108.355000
2016/04/28 13:00:00,108.378000,108.745000,107.881000,108.148000,108.355000,108.722000,107.854000,108.075000
2016/04/28 21:00:00,108.148000,108.214000,107.089000,107.225000,108.075000,108.190000,107.062000,107.201000
2016/04/29 05:00:00,107.225000,107.430000,106.919000,107.244000,107.201000,107.404000,106.893000,107.219000
2016/04/29 13:00:00,107.244000,107.427000,106.294000,106.386000,107.219000,107.410000,106.267000,106.273000
2016/05/01 13:00:00,106.386000,106.509000,106.228000,106.261000,106.273000,106.450000,106.180000,106.214000
2016/05/01 21:00:00,106.261000,106.743000,106.153000,106.618000,106.214000,106.713000,106.126000,106.594000
2016/05/02 05:00:00,106.618000,106.761000,106.337000,106.616000,106.594000,106.737000,106.312000,106.594000
2016/05/02 13:00:00,106.616000,106.833000,106.385000,106.425000,106.594000,106.808000,106.362000,106.394000
2016/05/02 21:00:00,106.425000,106.473000,105.928000,106.009000,106.394000,106.450000,105.903000,105.986000
2016/05/03 05:00:00,106.009000,106.071000,105.560000,106.032000,105.986000,106.047000,105.539000,106.008000
2016/05/03 13:00:00,106.032000,106.694000,105.899000,106.656000,106.008000,106.671000,105.876000,106.545000
2016/05/03 21:00:00,106.656000,107.498000,106.539000,107.189000,106.545000,107.445000,106.514000,107.165000
2016/05/04 05:00:00,107.189000,107.241000,106.260000,106.591000,107.165000,107.217000,106.236000,106.567000
2016/05/04 13:00:00,106.591000,107.268000,106.517000,107.058000,106.567000,107.248000,106.492000,106.965000
2016/05/04 21:00:00,107.058000,107.223000,106.897000,107.137000,106.965000,107.199000,106.872000,107.113000
2016/05/05 05:00:00,107.137000,107.413000,106.820000,106.835000,107.113000,107.388000,106.794000,106.811000
2016/05/05 13:00:00,106.835000,107.513000,106.817000,107.270000,106.811000,107.490000,106.792000,107.241000
2016/05/05 21:00:00,107.270000,107.434000,107.052000,107.167000,107.241000,107.411000,107.030000,107.143000
2016/05/06 05:00:00,107.167000,107.273000,106.451000,106.524000,107.143000,107.250000,106.424000,106.502000
2016/05/06 13:00:00,106.524000,107.242000,106.501000,107.126000,106.502000,107.217000,106.478000,107.090000
2016/05/08 13:00:00,107.126000,107.155000,107.033000,107.090000,107.090000,107.090000,107.003000,107.040000
2016/05/08 21:00:00,107.090000,107.643000,107.084000,107.407000,107.040000,107.620000,107.026000,107.383000
2016/05/09 05:00:00,107.407000,108.390000,107.403000,108.320000,107.383000,108.365000,107.378000,108.298000
2016/05/09 13:00:00,108.320000,108.618000,108.220000,108.332000,108.298000,108.596000,108.198000,108.302000
2016/05/09 21:00:00,108.332000,108.895000,108.287000,108.882000,108.302000,108.871000,108.263000,108.859000
2016/05/10 05:00:00,108.882000,109.289000,108.698000,109.149000,108.859000,109.266000,108.676000,109.125000
2016/05/10 13:00:00,109.149000,109.363000,108.974000,109.284000,109.125000,109.338000,108.950000,109.248000
2016/05/10 21:00:00,109.284000,109.390000,108.625000,108.811000,109.248000,109.360000,108.602000,108.789000
2016/05/11 05:00:00,108.811000,108.865000,108.528000,108.758000,108.789000,108.841000,108.503000,108.735000
2016/05/11 13:00:00,108.758000,108.797000,108.384000,108.452000,108.735000,108.775000,108.359000,108.374000
2016/05/11 21:00:00,108.452000,108.859000,108.239000,108.853000,108.374000,108.836000,108.216000,108.828000
2016/05/12 05:00:00,108.853000,109.408000,108.754000,109.200000,108.828000,109.386000,108.730000,109.176000
2016/05/12 13:00:00,109.200000,109.256000,108.637000,109.062000,109.176000,109.234000,108.614000,108.971000
2016/05/12 21:00:00,109.062000,109.153000,108.720000,108.847000,108.971000,109.127000,108.699000,108.823000
2016/05/13 05:00:00,108.847000,109.463000,108.529000,109.194000,108.823000,109.440000,108.503000,109.169000
2016/05/13 13:00:00,109.194000,109.568000,108.586000,108.699000,109.169000,109.548000,108.562000,108.591000
2016/05/15 13:00:00,108.699000,108.801000,108.615000,108.664000,108.591000,108.699000,108.545000,108.582000
2016/05/15 21:00:00,108.664000,108.997000,108.482000,108.770000,108.582000,108.973000,108.453000,108.747000
2016/05/16 05:00:00,108.770000,108.970000,108.650000,108.851000,108.747000,108.947000,108.627000,108.827000
2016/05/16 13:00:00,108.851000,109.108000,108.762000,109.038000,108.827000,109.085000,108.740000,109.003000
2016/05/16 21:00:00,109.038000,109.120000,108.898000,108.985000,109.003000,109.095000,108.873000,108.961000
2016/05/17 05:00:00,108.985000,109.676000,108.956000,109.267000,108.961000,109.643000,108.933000,109.244000
2016/05/17 13:00:00,109.267000,109.318000,108.852000,109.168000,109.244000,109.292000,108.828000,109.120000
2016/05/17 21:00:00,109.168000,109.399000,108.736000,109.040000,109.120000,109.376000,108.712000,109.017000
2016/05/18 05:00:00,109.040000,109.621000,109.036000,109.434000,109.017000,109.597000,109.012000,109.412000
2016/05/18 13:00:00,109.434000,110.270000,109.413000,110.209000,109.412000,110.246000,109.390000,110.182000
2016/05/18 21:00:00,110.209000,110.288000,109.945000,110.090000,110.182000,110.263000,109.922000,110.067000
2016/05/19 05:00:00,110.090000,110.398000,109.793000,110.195000,110.067000,110.375000,109.771000,110.173000
2016/05/19 13:00:00,110.195000,110.234000,109.710000,109.983000,110.173000,110.212000,109.688000,109.943000
2016/05/19 21:00:00,109.983000,110.157000,109.861000,110.083000,109.943000,110.135000,109.839000,110.060000
2016/05/20 05:00:00,110.083000,110.459000,110.048000,110.356000,110.060000,110.437000,110.026000,110.335000
2016/05/20 13:00:00,110.356000,110.600000,110.095000,110.184000,110.335000,110.578000,110.070000,110.088000
2016/05/22 13:00:00,110.184000,110.238000,110.131000,110.200000,110.088000,110.166000,110.064000,110.094000
2016/05/22 21:00:00,110.200000,110.256000,109.651000,109.899000,110.094000,110.230000,109.627000,109.875000
2016/05/23 05:00:00,109.899000,109.964000,109.338000,109.437000,109.875000,109.940000,109.309000,109.415000
2016/05/23 13:00:00,109.437000,109.582000,109.124000,109.252000,109.415000,109.561000,109.100000,109.224000
2016/05/23 21:00:00,109.252000,109.476000,109.216000,109.290000,109.224000,109.451000,109.191000,109.265000
2016/05/24 05:00:00,109.290000,109.779000,109.181000,109.742000,109.265000,109.757000,109.159000,109.720000
2016/05/24 13:00:00,109.742000,110.142000,109.735000,110.010000,109.720000,110.119000,109.713000,109.981000
2016/05/24 21:00:00,110.010000,110.203000,109.877000,110.021000,109.981000,110.178000,109.853000,109.997000
2016/05/25 05:00:00,110.021000,110.375000,109.886000,110.375000,109.997000,110.353000,109.862000,110.352000
2016/05/25 13:00:00,110.375000,110.461000,110.075000,110.232000,110.352000,110.438000,110.052000,110.152000
2016/05/25 21:00:00,110.232000,110.244000,109.430000,109.765000,110.152000,110.221000,109.407000,109.742000
2016/05/26 05:00:00,109.765000,110.231000,109.580000,109.796000,109.742000,110.200000,109.556000,109.775000
2016/05/26 13:00:00,109.796000,109.862000,109.543000,109.782000,109.775000,109.837000,109.519000,109.741000
2016/05/26 21:00:00,109.782000,110.013000,109.571000,109.888000,109.741000,109.993000,109.545000,109.864000
2016/05/27 05:00:00,109.888000,109.931000,109.487000,109.630000,109.864000,109.908000,109.463000,109.605000
2016/05/27 13:00:00,109.630000,110.460000,109.617000,110.294000,109.605000,110.437000,109.593000,110.177000
2016/05/29 13:00:00,110.294000,110.508000,110.294000,110.434000,110.177000,110.462000,110.177000,110.402000
2016/05/29 21:00:00,110.434000,111.170000,110.385000,111.134000,110.402000,111.146000,110.347000,111.110000
2016/05/30 05:00:00,111.134000,111.460000,111.041000,111.184000,111.110000,111.439000,111.016000,111.160000
2016/05/30 13:00:00,111.184000,111.206000,111.052000,111.144000,111.160000,111.183000,111.028000,111.095000
2016/05/30 21:00:00,111.144000,111.362000,110.808000,111.173000,111.095000,111.342000,110.784000,111.148000
2016/05/31 05:00:00,111.173000,111.328000,110.905000,111.177000,111.148000,111.304000,110.882000,111.154000
2016/05/31 13:00:00,111.177000,111.261000,110.515000,110.768000,111.154000,111.241000,110.491000,110.690000
2016/05/31 21:00:00,110.768000,110.844000,110.427000,110.499000,110.690000,110.822000,110.404000,110.475000
2016/06/01 05:00:00,110.499000,110.512000,109.064000,109.094000,110.475000,110.489000,109.041000,109.071000
2016/06/01 13:00:00,109.094000,109.713000,109.068000,109.554000,109.071000,109.690000,109.045000,109.522000
2016/06/01 21:00:00,109.554000,109.600000,108.846000,109.187000,109.522000,109.577000,108.815000,109.162000
2016/06/02 05:00:00,109.187000,109.327000,108.657000,108.780000,109.162000,109.304000,108.633000,108.757000
2016/06/02 13:00:00,108.780000,108.932000,108.538000,108.890000,108.757000,108.910000,108.514000,108.857000
2016/06/02 21:00:00,108.890000,109.149000,108.505000,108.627000,108.857000,109.127000,108.481000,108.604000
2016/06/03 05:00:00,108.627000,109.037000,107.541000,107.608000,108.604000,109.016000,107.517000,107.586000
2016/06/03 13:00:00,107.608000,107.662000,106.522000,106.564000,107.586000,107.641000,106.498000,106.528000
2016/06/05 13:00:00,106.564000,106.767000,106.539000,106.609000,106.528000,106.686000,106.471000,106.555000
2016/06/05 21:00:00,106.609000,107.198000,106.391000,107.025000,106.555000,107.174000,106.349000,107.002000
2016/06/06 05:00:00,107.025000,107.295000,106.902000,107.165000,107.002000,107.270000,106.880000,107.142000
2016/06/06 13:00:00,107.165000,107.669000,106.851000,107.571000,107.142000,107.646000,106.826000,107.537000
2016/06/06 21:00:00,107.571000,107.902000,107.233000,107.707000,107.537000,107.879000,107.211000,107.685000
2016/06/07 05:00:00,107.707000,107.915000,107.515000,107.530000,107.685000,107.894000,107.493000,107.508000
2016/06/07 13:00:00,107.530000,107.561000,107.164000,107.399000,107.508000,107.539000,107.143000,107.319000
2016/06/07 21:00:00,107.399000,107.408000,106.734000,107.027000,107.319000,107.377000,106.713000,107.005000
2016/06/08 05:00:00,107.027000,107.229000,106.883000,106.966000,107.005000,107.207000,106.861000,106.945000
2016/06/08 13:00:00,106.966000,107.101000,106.595000,107.013000,106.945000,107.079000,106.574000,106.977000
2016/06/08 21:00:00,107.013000,107.121000,106.529000,106.615000,106.977000,107.073000,106.507000,106.594000
2016/06/09 05:00:00,106.615000,106.817000,106.266000,106.641000,106.594000,106.795000,106.243000,106.621000
2016/06/09 13:00:00,106.641000,107.189000,106.399000,107.134000,106.621000,107.167000,106.377000,107.063000
2016/06/09 21:00:00,107.134000,107.274000,106.921000,107.061000,107.063000,107.251000,106.898000,107.039000
2016/06/10 05:00:00,107.061000,107.152000,106.687000,106.914000,107.039000,107.129000,106.664000,106.893000
2016/06/10 13:00:00,106.914000,107.196000,106.569000,106.960000,106.893000,107.171000,106.547000,106.906000
2016/06/12 13:00:00,106.960000,106.976000,106.760000,106.900000,106.906000,106.906000,106.722000,106.790000
2016/06/12 21:00:00,106.900000,106.902000,105.875000,105.945000,106.790000,106.839000,105.853000,105.923000
2016/06/13 05:00:00,105.945000,106.260000,105.748000,105.986000,105.923000,106.238000,105.726000,105.963000
2016/06/13 13:00:00,105.986000,106.594000,105.968000,106.306000,105.963000,106.569000,105.944000,106.209000
2016/06/13 21:00:00,106.306000,106.434000,105.949000,105.993000,106.209000,106.411000,105.927000,105.972000
2016/06/14 05:00:00,105.993000,106.133000,105.640000,105.977000,105.972000,106.096000,105.618000,105.955000
2016/06/14 13:00:00,105.977000,106.195000,105.868000,106.142000,105.955000,106.173000,105.845000,106.079000
2016/06/14 21:00:00,106.142000,106.320000,105.957000,106.136000,106.079000,106.299000,105.930000,106.114000
2016/06/15 05:00:00,106.136000,106.408000,106.102000,106.169000,106.114000,106.387000,106.080000,106.148000
2016/06/15 13:00:00,106.169000,106.183000,105.444000,106.021000,106.148000,106.161000,105.419000,105.995000
2016/06/15 21:00:00,106.021000,106.062000,104.191000,104.256000,105.995000,106.017000,104.163000,104.235000
2016/06/16 05:00:00,104.256000,104.488000,103.565000,104.187000,104.235000,104.466000,103.537000,104.165000
2016/06/16 13:00:00,104.187000,104.612000,103.767000,104.279000,104.165000,104.588000,103.745000,104.241000
2016/06/16 21:00:00,104.279000,104.841000,104.136000,104.250000,104.241000,104.821000,104.111000,104.229000
2016/06/17 05:00:00,104.250000,104.469000,104.096000,104.337000,104.229000,104.447000,104.068000,104.316000
2016/06/17 13:00:00,104.337000,104.344000,104.114000,104.176000,104.316000,104.322000,104.031000,104.073000
2016/06/19 13:00:00,104.176000,104.752000,104.176000,104.733000,104.073000,104.697000,104.073000,104.697000
2016/06/19 21:00:00,104.733000,104.857000,104.427000,104.672000,104.697000,104.835000,104.401000,104.650000
2016/06/20 05:00:00,104.672000,104.815000,104.383000,104.488000,104.650000,104.793000,104.363000,104.467000
2016/06/20 13:00:00,104.488000,104.557000,103.796000,103.959000,104.467000,104.536000,103.773000,103.919000
2016/06/20 21:00:00,103.959000,104.178000,103.595000,104.133000,103.919000,104.155000,103.570000,104.112000
2016/06/21 05:00:00,104.133000,104.759000,104.132000,104.499000,104.112000,104.737000,104.111000,104.477000
2016/06/21 13:00:00,104.499000,105.073000,104.461000,104.771000,104.477000,105.048000,104.439000,104.715000
2016/06/21 21:00:00,104.771000,104.864000,104.370000,104.575000,104.715000,104.842000,104.348000,104.554000
2016/06/22 05:00:00,104.575000,104.669000,104.326000,104.576000,104.554000,104.647000,104.304000,104.555000
2016/06/22 13:00:00,104.576000,104.785000,104.349000,104.440000,104.555000,104.763000,104.328000,104.395000
2016/06/22 21:00:00,104.440000,104.990000,104.440000,104.656000,104.395000,104.963000,104.395000,104.634000
2016/06/23 05:00:00,104.656000,106.039000,104.035000,105.957000,104.634000,106.013000,103.947000,105.934000
2016/06/23 13:00:00,105.957000,106.199000,105.508000,106.186000,105.934000,106.148000,105.481000,106.115000
2016/06/23 21:00:00,106.186000,106.885000,99.030000,101.320000,106.115000,106.802000,98.777000,101.257000
2016/06/24 05:00:00,101.320000,103.284000,101.172000,102.228000,101.257000,103.254000,101.143000,102.204000
2016/06/24 13:00:00,102.228000,102.578000,102.037000,102.451000,102.204000,102.554000,101.991000,102.189000
2016/06/26 13:00:00,102.451000,102.451000,101.553000,101.553000,102.189000,102.189000,101.499000,101.509000
2016/06/26 21:00:00,101.553000,102.495000,101.487000,101.588000,101.509000,102.468000,101.460000,101.566000
2016/06/27 05:00:00,101.588000,102.199000,101.415000,101.520000,101.566000,102.177000,101.389000,101.498000
2016/06/27 13:00:00,101.520000,102.142000,101.494000,102.012000,101.498000,102.118000,101.471000,101.967000
2016/06/27 21:00:00,102.012000,102.221000,101.572000,102.019000,101.967000,102.197000,101.547000,101.996000
2016/06/28 05:00:00,102.019000,102.457000,101.788000,102.422000,101.996000,102.435000,101.765000,102.400000
2016/06/28 13:00:00,102.422000,102.854000,102.339000,102.779000,102.400000,102.831000,102.315000,102.738000
2016/06/28 21:00:00,102.779000,102.789000,102.273000,102.338000,102.738000,102.762000,102.244000,102.316000
2016/06/29 05:00:00,102.338000,102.799000,102.187000,102.776000,102.316000,102.777000,102.161000,102.753000
2016/06/29 13:00:00,102.776000,102.950000,102.505000,102.856000,102.753000,102.926000,102.483000,102.814000
2016/06/29 21:00:00,102.856000,103.036000,102.619000,102.754000,102.814000,103.011000,102.597000,102.732000
2016/06/30 05:00:00,102.754000,102.934000,102.463000,102.680000,102.732000,102.911000,102.440000,102.658000
2016/06/30 13:00:00,102.680000,103.306000,102.371000,103.244000,102.658000,103.282000,102.345000,103.168000
2016/06/30 21:00:00,103.244000,103.410000,102.801000,102.894000,103.168000,103.385000,102.778000,102.872000
2016/07/01 05:00:00,102.894000,102.910000,102.454000,102.647000,102.872000,102.888000,102.432000,102.625000
2016/07/01 13:00:00,102.647000,102.741000,102.464000,102.540000,102.625000,102.718000,102.441000,102.454000
2016/07/03 13:00:00,102.540000,102.660000,102.482000,102.650000,102.454000,102.599000,102.409000,102.584000
2016/07/03 21:00:00,102.650000,102.816000,102.438000,102.745000,102.584000,102.794000,102.414000,102.722000
2016/07/04 05:00:00,102.745000,102.772000,102.563000,102.595000,102.722000,102.749000,102.541000,102.573000
2016/07/04 13:00:00,102.595000,102.663000,102.493000,102.621000,102.573000,102.639000,102.471000,102.510000
2016/07/04 21:00:00,102.621000,102.626000,101.999000,102.037000,102.510000,102.579000,101.976000,102.014000
2016/07/05 05:00:00,102.037000,102.160000,101.635000,101.636000,102.014000,102.137000,101.610000,101.612000
2016/07/05 13:00:00,101.636000,101.781000,101.462000,101.780000,101.612000,101.746000,101.441000,101.696000
2016/07/05 21:00:00,101.780000,101.782000,100.596000,100.983000,101.696000,101.750000,100.571000,100.960000
2016/07/06 05:00:00,100.983000,101.250000,100.212000,100.718000,100.960000,101.227000,100.185000,100.696000
2016/07/06 13:00:00,100.718000,101.476000,100.718000,101.340000,100.696000,101.455000,100.696000,101.290000
2016/07/06 21:00:00,101.340000,101.418000,100.763000,101.004000,101.290000,101.392000,100.740000,100.982000
2016/07/07 05:00:00,101.004000,101.241000,100.638000,101.175000,100.982000,101.218000,100.615000,101.152000
2016/07/07 13:00:00,101.175000,101.212000,100.609000,100.825000,101.152000,101.190000,100.586000,100.764000
2016/07/07 21:00:00,100.825000,100.982000,100.257000,100.447000,100.764000,100.959000,100.234000,100.426000
2016/07/08 05:00:00,100.447000,101.301000,100.274000,100.778000,100.426000,101.274000,100.219000,100.756000
2016/07/08 13:00:00,100.778000,100.898000,100.007000,100.621000,100.756000,100.876000,99.975000,100.559000
2016/07/10 13:00:00,100.621000,100.716000,100.352000,100.671000,100.559000,100.672000,100.265000,100.589000
2016/07/10 21:00:00,100.671000,101.265000,100.556000,101.207000,100.589000,101.241000,100.511000,101.183000
2016/07/11 05:00:00,101.207000,102.675000,101.206000,102.618000,101.183000,102.651000,101.181000,102.595000
2016/07/11 13:00:00,102.618000,102.905000,102.384000,102.829000,102.595000,102.884000,102.362000,102.761000
2016/07/11 21:00:00,102.829000,103.300000,102.462000,103.044000,102.761000,103.277000,102.440000,103.023000
2016/07/12 05:00:00,103.044000,104.251000,102.894000,104.218000,103.023000,104.229000,102.871000,104.196000
2016/07/12 13:00:00,104.218000,104.998000,104.161000,104.711000,104.196000,104.977000,104.140000,104.661000
2016/07/12 21:00:00,104.711000,104.890000,103.957000,104.221000,104.661000,104.868000,103.935000,104.199000
2016/07/13 05:00:00,104.221000,104.875000,104.092000,104.534000,104.199000,104.854000,104.070000,104.512000
2016/07/13 13:00:00,104.534000,104.658000,103.917000,104.501000,104.512000,104.637000,103.892000,104.471000
2016/07/13 21:00:00,104.501000,104.803000,103.984000,104.688000,104.471000,104.781000,103.961000,104.667000
2016/07/14 05:00:00,104.688000,105.949000,104.647000,105.839000,104.667000,105.927000,104.626000,105.818000
2016/07/14 13:00:00,105.839000,105.909000,105.269000,105.358000,105.818000,105.886000,105.248000,105.331000
2016/07/14 21:00:00,105.358000,106.329000,105.061000,105.780000,105.331000,106.307000,105.039000,105.754000
2016/07/15 05:00:00,105.780000,106.155000,105.423000,105.996000,105.754000,106.133000,105.394000,105.974000
2016/07/15 13:00:00,105.996000,106.066000,104.661000,104.908000,105.974000,106.043000,104.619000,104.794000
2016/07/17 13:00:00,104.908000,105.600000,104.908000,105.382000,104.794000,105.520000,104.794000,105.328000
2016/07/17 21:00:00,105.382000,106.037000,105.330000,105.514000,105.328000,106.002000,105.306000,105.492000
2016/07/18 05:00:00,105.514000,105.874000,105.349000,105.565000,105.492000,105.852000,105.327000,105.542000
2016/07/18 13:00:00,105.565000,106.275000,105.286000,106.172000,105.542000,106.252000,105.262000,106.141000
2016/07/18 21:00:00,106.172000,106.346000,105.660000,105.802000,106.141000,106.318000,105.635000,105.781000
2016/07/19 05:00:00,105.802000,106.544000,105.760000,106.459000,105.781000,106.523000,105.738000,106.436000
2016/07/19 13:00:00,106.459000,106.545000,105.890000,106.151000,106.436000,106.524000,105.866000,106.092000
2016/07/19 21:00:00,106.151000,106.275000,105.844000,106.040000,106.092000,106.253000,105.822000,106.019000
2016/07/20 05:00:00,106.040000,106.729000,106.023000,106.608000,106.019000,106.707000,106.000000,106.586000
2016/07/20 13:00:00,106.608000,107.032000,106.521000,106.931000,106.586000,107.010000,106.500000,106.850000
2016/07/20 21:00:00,106.931000,107.509000,106.900000,107.111000,106.850000,107.484000,106.807000,107.087000
2016/07/21 05:00:00,107.111000,107.278000,105.432000,106.146000,107.087000,107.256000,105.408000,106.123000
2016/07/21 13:00:00,106.146000,106.508000,105.667000,105.829000,106.123000,106.485000,105.645000,105.801000
2016/07/21 21:00:00,105.829000,106.275000,105.578000,105.816000,105.801000,106.249000,105.557000,105.794000
2016/07/22 05:00:00,105.816000,106.297000,105.650000,106.137000,105.794000,106.275000,105.628000,106.116000
2016/07/22 13:00:00,106.137000,106.414000,105.785000,106.100000,106.116000,106.393000,105.764000,106.002000
2016/07/24 13:00:00,106.100000,106.390000,106.100000,106.202000,106.002000,106.320000,106.002000,106.108000
2016/07/24 21:00:00,106.202000,106.739000,106.118000,106.267000,106.108000,106.713000,106.079000,106.243000
2016/07/25 05:00:00,106.267000,106.431000,106.023000,106.159000,106.243000,106.407000,105.998000,106.134000
2016/07/25 13:00:00,106.159000,106.214000,105.754000,105.819000,106.134000,106.191000,105.730000,105.786000
2016/07/25 21:00:00,105.819000,105.908000,104.287000,104.338000,105.786000,105.881000,104.262000,104.312000
2016/07/26 05:00:00,104.338000,104.533000,104.006000,104.330000,104.312000,104.510000,103.983000,104.306000
2016/07/26 13:00:00,104.330000,104.994000,104.279000,104.723000,104.306000,104.966000,104.258000,104.608000
2016/07/26 21:00:00,104.723000,106.561000,104.656000,105.310000,104.608000,106.531000,104.604000,105.279000
2016/07/27 05:00:00,105.310000,106.177000,105.142000,105.673000,105.279000,106.116000,105.113000,105.648000
2016/07/27 13:00:00,105.673000,106.064000,105.159000,105.408000,105.648000,106.031000,105.139000,105.375000
2016/07/27 21:00:00,105.408000,105.442000,104.634000,104.790000,105.375000,105.413000,104.609000,104.764000
2016/07/28 05:00:00,104.790000,104.890000,104.500000,104.870000,104.764000,104.865000,104.462000,104.844000
2016/07/28 13:00:00,104.870000,105.519000,104.692000,105.294000,104.844000,105.493000,104.668000,105.240000
2016/07/28 21:00:00,105.294000,105.691000,102.734000,103.307000,105.240000,105.598000,102.693000,103.276000
2016/07/29 05:00:00,103.307000,103.986000,102.766000,102.864000,103.276000,103.961000,102.740000,102.840000
2016/07/29 13:00:00,102.864000,103.051000,101.986000,102.090000,102.840000,103.026000,101.961000,102.000000
2016/07/31 13:00:00,102.090000,102.399000,102.090000,102.380000,102.000000,102.351000,102.000000,102.270000
2016/07/31 21:00:00,102.380000,102.698000,102.026000,102.390000,102.270000,102.673000,101.997000,102.366000
2016/08/01 05:00:00,102.390000,102.629000,102.143000,102.461000,102.366000,102.604000,102.116000,102.438000
2016/08/01 13:00:00,102.461000,102.509000,102.130000,102.409000,102.438000,102.487000,102.105000,102.375000
2016/08/01 21:00:00,102.409000,102.848000,102.241000,102.448000,102.375000,102.820000,102.216000,102.422000
2016/08/02 05:00:00,102.448000,102.557000,101.314000,101.329000,102.422000,102.531000,101.289000,101.304000
2016/08/02 13:00:00,101.329000,101.370000,100.692000,100.914000,101.304000,101.346000,100.668000,100.880000
2016/08/02 21:00:00,100.914000,101.363000,100.763000,101.088000,100.880000,101.335000,100.738000,101.062000
2016/08/03 05:00:00,101.088000,101.393000,100.897000,101.100000,101.062000,101.364000,100.870000,101.075000
2016/08/03 13:00:00,101.100000,101.582000,101.095000,101.262000,101.075000,101.561000,101.071000,101.221000
2016/08/03 21:00:00,101.262000,101.381000,100.875000,101.293000,101.221000,101.355000,100.851000,101.268000
2016/08/04 05:00:00,101.293000,101.681000,101.084000,101.137000,101.268000,101.655000,101.061000,101.113000
2016/08/04 13:00:00,101.137000,101.252000,101.014000,101.242000,101.113000,101.231000,100.990000,101.195000
2016/08/04 21:00:00,101.242000,101.378000,101.070000,101.162000,101.195000,101.355000,101.045000,101.139000
2016/08/05 05:00:00,101.162000,101.607000,100.887000,101.575000,101.139000,101.584000,100.861000,101.550000
2016/08/05 13:00:00,101.575000,102.077000,101.474000,101.882000,101.550000,102.056000,101.450000,101.782000
2016/08/07 13:00:00,101.882000,102.212000,101.757000,102.042000,101.782000,102.155000,101.688000,101.964000
2016/08/07 21:00:00,102.042000,102.277000,101.899000,102.021000,101.964000,102.245000,101.848000,101.995000
2016/08/08 05:00:00,102.021000,102.502000,101.999000,102.497000,101.995000,102.478000,101.974000,102.473000
2016/08/08 13:00:00,102.497000,102.668000,102.373000,102.462000,102.473000,102.645000,102.348000,102.426000
2016/08/08 21:00:00,102.462000,102.542000,102.284000,102.363000,102.426000,102.518000,102.261000,102.340000
2016/08/09 05:00:00,102.363000,102.524000,102.046000,102.128000,102.340000,102.502000,102.022000,102.103000
2016/08/09 13:00:00,102.128000,102.153000,101.801000,101.912000,102.103000,102.130000,101.778000,101.857000
2016/08/09 21:00:00,101.912000,101.970000,101.171000,101.297000,101.857000,101.947000,101.147000,101.271000
2016/08/10 05:00:00,101.297000,101.571000,100.980000,101.024000,101.271000,101.547000,100.957000,100.999000
2016/08/10 13:00:00,101.024000,101.411000,100.979000,101.336000,100.999000,101.387000,100.956000,101.250000
2016/08/10 21:00:00,101.336000,101.501000,101.040000,101.437000,101.250000,101.475000,101.000000,101.411000
2016/08/11 05:00:00,101.437000,101.516000,101.199000,101.288000,101.411000,101.491000,101.176000,101.265000
2016/08/11 13:00:00,101.288000,102.068000,101.180000,101.972000,101.265000,102.044000,101.159000,101.922000
2016/08/11 21:00:00,101.972000,102.219000,101.782000,102.056000,101.922000,102.195000,101.756000,102.032000
2016/08/12 05:00:00,102.056000,102.286000,100.934000,101.007000,102.032000,102.261000,100.905000,100.981000
2016/08/12 13:00:00,101.007000,101.370000,100.839000,101.358000,100.981000,101.307000,100.819000,101.258000
2016/08/14 13:00:00,101.358000,101.358000,101.150000,101.167000,101.258000,101.258000,101.098000,101.105000
2016/08/14 21:00:00,101.167000,101.468000,101.162000,101.336000,101.105000,101.445000,101.094000,101.310000
2016/08/15 05:00:00,101.336000,101.351000,100.883000,101.122000,101.310000,101.328000,100.860000,101.100000
2016/08/15 13:00:00,101.122000,101.294000,100.997000,101.272000,101.100000,101.271000,100.976000,101.240000
2016/08/15 21:00:00,101.272000,101.303000,100.364000,100.536000,101.240000,101.280000,100.336000,100.512000
2016/08/16 05:00:00,100.536000,100.550000,99.555000,100.022000,100.512000,100.526000,99.529000,100.000000
2016/08/16 13:00:00,100.022000,100.547000,99.925000,100.328000,100.000000,100.524000,99.900000,100.287000
2016/08/16 21:00:00,100.328000,100.954000,100.177000,100.839000,100.287000,100.932000,100.153000,100.814000
2016/08/17 05:00:00,100.839000,101.179000,100.614000,100.728000,100.814000,101.153000,100.592000,100.705000
2016/08/17 13:00:00,100.728000,100.747000,100.053000,100.305000,100.705000,100.723000,100.026000,100.255000
2016/08/17 21:00:00,100.305000,100.371000,99.659000,100.173000,100.255000,100.330000,99.634000,100.145000
2016/08/18 05:00:00,100.173000,100.522000,99.750000,100.470000,100.145000,100.510000,99.725000,100.448000
2016/08/18 13:00:00,100.470000,100.487000,99.859000,99.910000,100.448000,100.464000,99.837000,99.866000
2016/08/18 21:00:00,99.910000,100.473000,99.892000,100.344000,99.866000,100.449000,99.862000,100.320000
2016/08/19 05:00:00,100.344000,100.397000,100.048000,100.305000,100.320000,100.372000,100.026000,100.279000
2016/08/19 13:00:00,100.305000,100.367000,100.040000,100.255000,100.279000,100.342000,100.016000,100.164000
2016/08/21 13:00:00,100.255000,100.942000,100.255000,100.809000,100.164000,100.888000,100.164000,100.761000
2016/08/21 21:00:00,100.809000,100.878000,100.295000,100.826000,100.761000,100.855000,100.271000,100.802000
2016/08/22 05:00:00,100.826000,100.947000,100.330000,100.355000,100.802000,100.924000,100.307000,100.332000
2016/08/22 13:00:00,100.355000,100.503000,100.224000,100.349000,100.332000,100.481000,100.202000,100.311000
2016/08/22 21:00:00,100.349000,100.407000,100.050000,100.096000,100.311000,100.379000,100.024000,100.071000
2016/08/23 05:00:00,100.096000,100.260000,99.951000,100.050000,100.071000,100.237000,99.928000,100.026000
2016/08/23 13:00:00,100.050000,100.297000,99.996000,100.259000,100.026000,100.273000,99.974000,100.221000
2016/08/23 21:00:00,100.259000,100.538000,100.200000,100.393000,100.221000,100.514000,100.180000,100.368000
2016/08/24 05:00:00,100.393000,100.467000,100.106000,100.336000,100.368000,100.445000,100.081000,100.314000
2016/08/24 13:00:00,100.336000,100.624000,100.278000,100.471000,100.314000,100.599000,100.254000,100.431000
2016/08/24 21:00:00,100.471000,100.630000,100.401000,100.511000,100.431000,100.605000,100.379000,100.487000
2016/08/25 05:00:00,100.511000,100.628000,100.315000,100.557000,100.487000,100.604000,100.291000,100.533000
2016/08/25 13:00:00,100.557000,100.626000,100.475000,100.550000,100.533000,100.602000,100.451000,100.509000
2016/08/25 21:00:00,100.550000,100.601000,100.396000,100.513000,100.509000,100.575000,100.374000,100.490000
2016/08/26 05:00:00,100.513000,100.555000,100.209000,100.268000,100.490000,100.532000,100.185000,100.246000
2016/08/26 13:00:00,100.268000,101.956000,100.075000,101.866000,100.246000,101.934000,100.047000,101.749000
2016/08/28 13:00:00,101.866000,102.156000,101.866000,102.099000,101.749000,102.115000,101.749000,102.036000
2016/08/28 21:00:00,102.099000,102.298000,101.850000,102.270000,102.036000,102.272000,101.818000,102.246000
2016/08/29 05:00:00,102.270000,102.404000,102.106000,102.281000,102.246000,102.382000,102.080000,102.258000
2016/08/29 13:00:00,102.281000,102.326000,101.876000,101.939000,102.258000,102.302000,101.851000,101.896000
2016/08/29 21:00:00,101.939000,102.256000,101.764000,102.150000,101.896000,102.231000,101.738000,102.126000
2016/08/30 05:00:00,102.150000,102.571000,102.102000,102.537000,102.126000,102.548000,102.079000,102.512000
2016/08/30 13:00:00,102.537000,103.148000,102.473000,102.996000,102.512000,103.126000,102.451000,102.932000
2016/08/30 21:00:00,102.996000,103.242000,102.871000,102.993000,102.932000,103.219000,102.849000,102.974000
2016/08/31 05:00:00,102.993000,103.546000,102.971000,103.475000,102.974000,103.521000,102.947000,103.452000
2016/08/31 13:00:00,103.475000,103.513000,103.263000,103.438000,103.452000,103.492000,103.241000,103.411000
2016/08/31 21:00:00,103.438000,103.453000,103.072000,103.276000,103.411000,103.420000,103.048000,103.251000
2016/09/01 05:00:00,103.276000,103.910000,103.258000,103.886000,103.251000,103.887000,103.235000,103.863000
2016/09/01 13:00:00,103.886000,104.010000,103.133000,103.255000,103.863000,103.988000,103.111000,103.216000
2016/09/01 21:00:00,103.255000,103.446000,103.146000,103.341000,103.216000,103.422000,103.122000,103.319000
2016/09/02 05:00:00,103.341000,103.722000,102.817000,103.462000,103.319000,103.698000,102.789000,103.437000
2016/09/02 13:00:00,103.462000,104.334000,103.459000,103.977000,103.437000,104.310000,103.434000,103.864000
2016/09/04 13:00:00,103.977000,104.158000,103.923000,104.149000,103.864000,104.079000,103.830000,104.071000
2016/09/04 21:00:00,104.149000,104.184000,103.540000,103.593000,104.071000,104.129000,103.514000,103.568000
2016/09/05 05:00:00,103.593000,103.593000,103.159000,103.382000,103.568000,103.568000,103.135000,103.358000
2016/09/05 13:00:00,103.382000,103.497000,103.297000,103.462000,103.358000,103.473000,103.273000,103.388000
2016/09/05 21:00:00,103.462000,103.821000,103.371000,103.697000,103.388000,103.797000,103.346000,103.673000
2016/09/06 05:00:00,103.697000,103.698000,103.204000,103.363000,103.673000,103.674000,103.181000,103.339000
2016/09/06 13:00:00,103.363000,103.388000,101.945000,102.042000,103.339000,103.365000,101.921000,101.995000
2016/09/06 21:00:00,102.042000,102.148000,101.215000,101.445000,101.995000,102.115000,101.188000,101.421000
2016/09/07 05:00:00,101.445000,101.739000,101.318000,101.448000,101.421000,101.716000,101.294000,101.424000
2016/09/07 13:00:00,101.448000,101.872000,101.372000,101.760000,101.424000,101.849000,101.349000,101.724000
2016/09/07 21:00:00,101.760000,101.934000,101.425000,101.602000,101.724000,101.909000,101.400000,101.579000
2016/09/08 05:00:00,101.602000,101.843000,101.494000,101.717000,101.579000,101.818000,101.473000,101.692000
2016/09/08 13:00:00,101.717000,102.611000,101.505000,102.520000,101.692000,102.590000,101.482000,102.470000
2016/09/08 21:00:00,102.520000,102.522000,101.980000,102.106000,102.470000,102.480000,101.955000,102.083000
2016/09/09 05:00:00,102.106000,103.069000,102.027000,102.982000,102.083000,103.046000,102.004000,102.957000
2016/09/09 13:00:00,102.982000,103.057000,102.554000,102.736000,102.957000,103.033000,102.530000,102.634000
2016/09/11 13:00:00,102.736000,102.865000,102.520000,102.599000,102.634000,102.755000,102.470000,102.541000
2016/09/11 21:00:00,102.599000,102.684000,102.319000,102.553000,102.541000,102.658000,102.289000,102.531000
2016/09/12 05:00:00,102.553000,102.608000,101.730000,101.849000,102.531000,102.584000,101.703000,101.825000
2016/09/12 13:00:00,101.849000,102.089000,101.576000,101.877000,101.825000,102.067000,101.547000,101.820000
2016/09/12 21:00:00,101.877000,102.057000,101.432000,101.968000,101.820000,102.032000,101.407000,101.943000
2016/09/13 05:00:00,101.968000,102.360000,101.730000,102.329000,101.943000,102.337000,101.704000,102.306000
2016/09/13 13:00:00,102.329000,102.761000,102.070000,102.582000,102.306000,102.737000,102.046000,102.534000
2016/09/13 21:00:00,102.582000,103.210000,102.440000,102.956000,102.534000,103.184000,102.415000,102.932000
2016/09/14 05:00:00,102.956000,103.370000,102.485000,102.820000,102.932000,103.349000,102.462000,102.795000
2016/09/14 13:00:00,102.820000,102.986000,102.258000,102.459000,102.795000,102.963000,102.237000,102.393000
2016/09/14 21:00:00,102.459000,102.627000,101.955000,102.375000,102.393000,102.602000,101.931000,102.352000
2016/09/15 05:00:00,102.375000,102.564000,101.932000,102.438000,102.352000,102.539000,101.886000,102.414000
2016/09/15 13:00:00,102.438000,102.769000,102.011000,102.121000,102.414000,102.745000,101.987000,102.059000
2016/09/15 21:00:00,102.121000,102.164000,101.756000,102.067000,102.059000,102.122000,101.720000,102.043000
2016/09/16 05:00:00,102.067000,102.210000,101.785000,102.176000,102.043000,102.186000,101.763000,102.151000
2016/09/16 13:00:00,102.176000,102.477000,101.998000,102.326000,102.151000,102.453000,101.975000,102.234000
2016/09/18 13:00:00,102.326000,102.326000,102.162000,102.169000,102.234000,102.234000,102.086000,102.131000
2016/09/18 21:00:00,102.169000,102.430000,102.009000,102.057000,102.131000,102.404000,101.985000,102.032000
2016/09/19 05:00:00,102.057000,102.169000,101.697000,101.788000,102.032000,102.147000,101.674000,101.763000
2016/09/19 13:00:00,101.788000,101.961000,101.593000,101.959000,101.763000,101.914000,101.569000,101.901000
2016/09/19 21:00:00,101.959000,102.077000,101.762000,101.787000,101.901000,102.053000,101.740000,101.764000
2016/09/20 05:00:00,101.787000,101.986000,101.548000,101.864000,101.764000,101.963000,101.522000,101.840000
2016/09/20 13:00:00,101.864000,101.884000,101.627000,101.723000,101.840000,101.862000,101.603000,101.684000
2016/09/20 21:00:00,101.723000,102.689000,101.029000,102.623000,101.684000,102.664000,100.983000,102.598000
2016/09/21 05:00:00,102.623000,102.801000,100.620000,100.723000,102.598000,102.775000,100.592000,100.697000
2016/09/21 13:00:00,100.723000,101.027000,100.313000,100.350000,100.697000,100.986000,100.286000,100.305000
2016/09/21 21:00:00,100.350000,100.489000,100.111000,100.279000,100.305000,100.465000,100.089000,100.255000
2016/09/22 05:00:00,100.279000,100.880000,100.208000,100.574000,100.255000,100.858000,100.184000,100.551000
2016/09/22 13:00:00,100.574000,100.944000,100.543000,100.783000,100.551000,100.921000,100.520000,100.731000
2016/09/22 21:00:00,100.783000,101.258000,100.710000,101.118000,100.731000,101.235000,100.685000,101.093000
2016/09/23 05:00:00,101.118000,101.128000,100.685000,100.831000,101.093000,101.103000,100.662000,100.808000
2016/09/23 13:00:00,100.831000,101.176000,100.828000,101.091000,100.808000,101.154000,100.805000,100.977000
2016/09/25 13:00:00,101.091000,101.162000,101.050000,101.089000,100.977000,101.128000,100.950000,101.019000
2016/09/25 21:00:00,101.089000,101.145000,100.721000,101.078000,101.019000,101.062000,100.698000,101.053000
2016/09/26 05:00:00,101.078000,101.093000,100.360000,100.530000,101.053000,101.069000,100.340000,100.507000
2016/09/26 13:00:00,100.530000,100.569000,100.258000,100.352000,100.507000,100.545000,100.239000,100.308000
2016/09/26 21:00:00,100.352000,100.902000,100.093000,100.750000,100.308000,100.877000,100.073000,100.726000
2016/09/27 05:00:00,100.750000,101.000000,100.248000,100.293000,100.726000,100.978000,100.223000,100.267000
2016/09/27 13:00:00,100.293000,100.523000,100.200000,100.450000,100.267000,100.497000,100.180000,100.408000
2016/09/27 21:00:00,100.450000,100.718000,100.271000,100.667000,100.408000,100.695000,100.249000,100.647000
2016/09/28 05:00:00,100.667000,100.830000,100.538000,100.605000,100.647000,100.808000,100.514000,100.580000
2016/09/28 13:00:00,100.605000,100.820000,100.460000,100.709000,100.580000,100.796000,100.439000,100.672000
2016/09/28 21:00:00,100.709000,101.506000,100.670000,101.434000,100.672000,101.483000,100.643000,101.410000
2016/09/29 05:00:00,101.434000,101.798000,101.364000,101.745000,101.410000,101.775000,101.341000,101.723000
2016/09/29 13:00:00,101.745000,101.855000,100.851000,101.064000,101.723000,101.832000,100.828000,101.006000
2016/09/29 21:00:00,101.064000,101.802000,100.932000,101.194000,101.006000,101.769000,100.908000,101.171000
2016/09/30 05:00:00,101.194000,101.379000,100.757000,101.162000,101.171000,101.355000,100.736000,101.138000
2016/09/30 13:00:00,101.162000,101.465000,101.134000,101.382000,101.138000,101.442000,101.111000,101.269000
2016/10/02 13:00:00,101.382000,101.462000,101.240000,101.286000,101.269000,101.380000,101.131000,101.188000
2016/10/02 21:00:00,101.286000,101.680000,101.225000,101.360000,101.188000,101.661000,101.168000,101.337000
2016/10/03 05:00:00,101.360000,101.520000,101.256000,101.369000,101.337000,101.498000,101.233000,101.344000
2016/10/03 13:00:00,101.369000,101.668000,101.316000,101.667000,101.344000,101.645000,101.295000,101.626000
2016/10/03 21:00:00,101.667000,102.403000,101.591000,102.218000,101.626000,102.383000,101.557000,102.194000
2016/10/04 05:00:00,102.218000,102.610000,102.049000,102.494000,102.194000,102.587000,102.026000,102.472000
2016/10/04 13:00:00,102.494000,102.981000,102.486000,102.928000,102.472000,102.957000,102.464000,102.880000
2016/10/04 21:00:00,102.928000,102.945000,102.683000,102.889000,102.880000,102.923000,102.660000,102.865000
2016/10/05 05:00:00,102.889000,103.180000,102.743000,103.077000,102.865000,103.157000,102.719000,103.053000
2016/10/05 13:00:00,103.077000,103.681000,103.047000,103.520000,103.053000,103.657000,103.024000,103.482000
2016/10/05 21:00:00,103.520000,103.633000,103.360000,103.527000,103.482000,103.610000,103.338000,103.506000
2016/10/06 05:00:00,103.527000,103.919000,103.471000,103.909000,103.506000,103.896000,103.446000,103.886000
2016/10/06 13:00:00,103.909000,104.174000,103.852000,103.962000,103.886000,104.153000,103.829000,103.918000
2016/10/06 21:00:00,103.962000,104.049000,103.550000,103.815000,103.918000,104.016000,103.526000,103.789000
2016/10/07 05:00:00,103.815000,104.002000,103.285000,103.361000,103.789000,103.978000,103.226000,103.339000
2016/10/07 13:00:00,103.361000,103.480000,102.870000,102.958000,103.339000,103.457000,102.847000,102.886000
2016/10/09 13:00:00,102.958000,103.392000,102.958000,103.338000,102.886000,103.338000,102.886000,103.238000
2016/10/09 21:00:00,103.338000,103.395000,102.824000,102.905000,103.238000,103.318000,102.799000,102.880000
2016/10/10 05:00:00,102.905000,103.442000,102.882000,103.422000,102.880000,103.417000,102.858000,103.398000
2016/10/10 13:00:00,103.422000,103.800000,103.417000,103.622000,103.398000,103.777000,103.394000,103.582000
2016/10/10 21:00:00,103.622000,104.006000,103.601000,103.942000,103.582000,103.985000,103.557000,103.918000
2016/10/11 05:00:00,103.942000,104.084000,103.591000,103.745000,103.918000,104.062000,103.567000,103.720000
2016/10/11 13:00:00,103.745000,103.876000,103.186000,103.518000,103.720000,103.852000,103.163000,103.462000
2016/10/11 21:00:00,103.518000,103.669000,103.294000,103.573000,103.462000,103.646000,103.269000,103.548000
2016/10/12 05:00:00,103.573000,104.000000,103.419000,103.937000,103.548000,103.978000,103.393000,103.915000
2016/10/12 13:00:00,103.937000,104.495000,103.817000,104.218000,103.915000,104.471000,103.795000,104.180000
2016/10/12 21:00:00,104.218000,104.648000,103.567000,103.834000,104.180000,104.625000,103.544000,103.808000
2016/10/13 05:00:00,103.834000,104.110000,103.597000,103.652000,103.808000,104.089000,103.574000,103.628000
2016/10/13 13:00:00,103.652000,103.728000,103.346000,103.720000,103.628000,103.710000,103.323000,103.672000
2016/10/13 21:00:00,103.720000,104.152000,103.622000,104.104000,103.672000,104.129000,103.600000,104.080000
2016/10/14 05:00:00,104.104000,104.492000,103.953000,104.340000,104.080000,104.468000,103.932000,104.318000
2016/10/14 13:00:00,104.340000,104.398000,103.806000,104.228000,104.318000,104.374000,103.782000,104.173000
2016/10/16 13:00:00,104.228000,104.430000,104.228000,104.374000,104.173000,104.377000,104.173000,104.341000
2016/10/16 21:00:00,104.374000,104.400000,103.938000,104.215000,104.341000,104.362000,103.918000,104.192000
2016/10/17 05:00:00,104.215000,104.320000,103.948000,103.980000,104.192000,104.297000,103.924000,103.957000
2016/10/17 13:00:00,103.980000,104.120000,103.802000,103.902000,103.957000,104.098000,103.779000,103.866000
2016/10/17 21:00:00,103.902000,103.993000,103.694000,103.948000,103.866000,103.969000,103.671000,103.926000
2016/10/18 05:00:00,103.948000,104.140000,103.826000,104.108000,103.926000,104.118000,103.804000,104.086000
2016/10/18 13:00:00,104.108000,104.213000,103.754000,103.878000,104.086000,104.192000,103.732000,103.854000
2016/10/18 21:00:00,103.878000,103.962000,103.663000,103.824000,103.854000,103.939000,103.641000,103.800000
2016/10/19 05:00:00,103.824000,103.864000,103.262000,103.458000,103.800000,103.842000,103.237000,103.435000
2016/10/19 13:00:00,103.458000,103.514000,103.177000,103.456000,103.435000,103.492000,103.155000,103.427000
2016/10/19 21:00:00,103.456000,103.678000,103.358000,103.635000,103.427000,103.660000,103.332000,103.612000
2016/10/20 05:00:00,103.635000,103.884000,103.564000,103.795000,103.612000,103.862000,103.540000,103.774000
2016/10/20 13:00:00,103.795000,104.116000,103.588000,103.969000,103.774000,104.095000,103.564000,103.931000
2016/10/20 21:00:00,103.969000,104.217000,103.929000,104.110000,103.931000,104.198000,103.904000,104.085000
2016/10/21 05:00:00,104.110000,104.146000,103.683000,103.733000,104.085000,104.122000,103.660000,103.709000
2016/10/21 13:00:00,103.733000,104.019000,103.533000,103.848000,103.709000,103.996000,103.511000,103.812000
2016/10/23 13:00:00,103.848000,103.918000,103.848000,103.885000,103.812000,103.866000,103.799000,103.805000
2016/10/23 21:00:00,103.885000,104.010000,103.842000,103.918000,103.805000,103.984000,103.799000,103.894000
2016/10/24 05:00:00,103.918000,104.072000,103.735000,103.950000,103.894000,104.048000,103.712000,103.926000
2016/10/24 13:00:00,103.950000,104.334000,103.928000,104.192000,103.926000,104.311000,103.905000,104.168000
2016/10/24 21:00:00,104.192000,104.505000,104.174000,104.398000,104.168000,104.482000,104.112000,104.374000
2016/10/25 05:00:00,104.398000,104.800000,104.369000,104.775000,104.374000,104.779000,104.348000,104.752000
2016/10/25 13:00:00,104.775000,104.887000,104.126000,104.242000,104.752000,104.864000,104.104000,104.206000
2016/10/25 21:00:00,104.242000,104.398000,104.036000,104.362000,104.206000,104.376000,104.010000,104.339000
2016/10/26 05:00:00,104.362000,104.380000,104.036000,104.309000,104.339000,104.360000,104.014000,104.288000
2016/10/26 13:00:00,104.309000,104.632000,104.071000,104.492000,104.288000,104.610000,104.049000,104.466000
2016/10/26 21:00:00,104.492000,104.708000,104.307000,104.494000,104.466000,104.685000,104.284000,104.472000
2016/10/27 05:00:00,104.494000,104.840000,104.452000,104.784000,104.472000,104.820000,104.429000,104.759000
2016/10/27 13:00:00,104.784000,105.361000,104.780000,105.298000,104.759000,105.338000,104.756000,105.270000
2016/10/27 21:00:00,105.298000,105.336000,105.075000,105.162000,105.270000,105.310000,105.054000,105.141000
2016/10/28 05:00:00,105.162000,105.520000,105.134000,105.232000,105.141000,105.498000,105.112000,105.210000
2016/10/28 13:00:00,105.232000,105.544000,104.468000,104.765000,105.210000,105.522000,104.447000,104.655000
2016/10/30 13:00:00,104.765000,104.790000,104.280000,104.512000,104.655000,104.745000,104.246000,104.394000
2016/10/30 21:00:00,104.512000,104.952000,104.452000,104.825000,104.394000,104.930000,104.391000,104.801000
2016/10/31 05:00:00,104.825000,105.095000,104.715000,105.034000,104.801000,105.071000,104.692000,105.011000
2016/10/31 13:00:00,105.034000,105.244000,104.795000,104.832000,105.011000,105.220000,104.768000,104.808000
2016/10/31 21:00:00,104.832000,104.982000,104.679000,104.888000,104.808000,104.959000,104.658000,104.866000
2016/11/01 05:00:00,104.888000,105.130000,104.758000,104.907000,104.866000,105.106000,104.736000,104.884000
2016/11/01 13:00:00,104.907000,104.912000,103.810000,104.172000,104.884000,104.890000,103.786000,104.138000
2016/11/01 21:00:00,104.172000,104.178000,103.638000,103.693000,104.138000,104.158000,103.614000,103.669000
2016/11/02 05:00:00,103.693000,103.946000,103.102000,103.344000,103.669000,103.922000,103.080000,103.322000
2016/11/02 13:00:00,103.344000,103.499000,103.027000,103.323000,103.322000,103.476000,103.008000,103.282000
2016/11/02 21:00:00,103.323000,103.455000,102.558000,102.766000,103.282000,103.433000,102.539000,102.742000
2016/11/03 05:00:00,102.766000,103.289000,102.603000,103.231000,102.742000,103.267000,102.580000,103.206000
2016/11/03 13:00:00,103.231000,103.330000,102.891000,102.994000,103.206000,103.308000,102.870000,102.968000
2016/11/03 21:00:00,102.994000,103.216000,102.843000,103.084000,102.968000,103.194000,102.820000,103.061000
2016/11/04 05:00:00,103.084000,103.369000,102.878000,103.018000,103.061000,103.344000,102.855000,102.994000
2016/11/04 13:00:00,103.018000,103.254000,102.868000,103.156000,102.994000,103.231000,102.846000,103.089000
2016/11/06 14:00:00,103.156000,104.536000,103.156000,104.159000,103.089000,104.487000,103.089000,104.091000
2016/11/06 22:00:00,104.159000,104.596000,103.831000,104.368000,104.091000,104.573000,103.714000,104.344000
2016/11/07 06:00:00,104.368000,104.644000,104.264000,104.386000,104.344000,104.622000,104.242000,104.362000
2016/11/07 14:00:00,104.386000,104.632000,104.366000,104.478000,104.362000,104.612000,104.342000,104.450000
2016/11/07 22:00:00,104.478000,104.605000,104.307000,104.362000,104.450000,104.585000,104.285000,104.340000
2016/11/08 06:00:00,104.362000,104.820000,104.346000,104.779000,104.340000,104.800000,104.324000,104.756000
2016/11/08 14:00:00,104.779000,105.204000,104.578000,105.176000,104.756000,105.182000,104.557000,105.139000
2016/11/08 22:00:00,105.176000,105.481000,101.208000,101.804000,105.139000,105.460000,101.180000,101.780000
2016/11/09 06:00:00,101.804000,104.271000,101.678000,103.933000,101.780000,104.250000,101.652000,103.909000
2016/11/09 14:00:00,103.933000,105.902000,103.822000,105.676000,103.909000,105.878000,103.798000,105.648000
2016/11/09 22:00:00,105.676000,105.967000,104.974000,105.305000,105.648000,105.947000,104.952000,105.280000
2016/11/10 06:00:00,105.305000,106.951000,105.190000,106.674000,105.280000,106.933000,105.168000,106.648000
2016/11/10 14:00:00,106.674000,106.960000,106.256000,106.862000,106.648000,106.937000,106.234000,106.796000
2016/11/10 22:00:00,106.862000,106.947000,106.264000,106.522000,106.796000,106.922000,106.242000,106.498000
2016/11/11 06:00:00,106.522000,106.889000,106.043000,106.491000,106.498000,106.866000,106.021000,106.465000
2016/11/11 14:00:00,106.491000,106.818000,106.334000,106.662000,106.465000,106.793000,106.310000,106.580000
2016/11/13 14:00:00,106.662000,106.941000,106.662000,106.899000,106.580000,106.894000,106.580000,106.872000
2016/11/13 22:00:00,106.899000,107.642000,106.744000,107.628000,106.872000,107.620000,106.722000,107.604000
2016/11/14 06:00:00,107.628000,108.170000,107.412000,107.846000,107.604000,108.147000,107.388000,107.820000
2016/11/14 14:00:00,107.846000,108.557000,107.786000,108.449000,107.820000,108.533000,107.762000,108.400000
2016/11/14 22:00:00,108.449000,108.462000,107.806000,108.240000,108.400000,108.424000,107.782000,108.217000
2016/11/15 06:00:00,108.240000,108.804000,107.783000,108.744000,108.217000,108.782000,107.760000,108.722000
2016/11/15 14:00:00,108.744000,109.349000,108.684000,109.238000,108.722000,109.325000,108.660000,109.162000
2016/11/15 22:00:00,109.238000,109.250000,108.805000,109.183000,109.162000,109.200000,108.782000,109.159000
2016/11/16 06:00:00,109.183000,109.768000,109.015000,109.331000,109.159000,109.745000,108.991000,109.308000
2016/11/16 14:00:00,109.331000,109.610000,109.059000,109.104000,109.308000,109.586000,109.036000,109.050000
2016/11/16 22:00:00,109.104000,109.296000,108.567000,109.150000,109.050000,109.260000,108.542000,109.127000
2016/11/17 06:00:00,109.150000,109.650000,108.835000,109.583000,109.127000,109.626000,108.812000,109.558000
2016/11/17 14:00:00,109.583000,110.194000,109.225000,110.152000,109.558000,110.168000,109.201000,110.082000
2016/11/17 22:00:00,110.152000,110.794000,109.985000,110.673000,110.082000,110.768000,109.960000,110.648000
2016/11/18 06:00:00,110.673000,110.939000,109.813000,110.287000,110.648000,110.915000,109.790000,110.262000
2016/11/18 14:00:00,110.287000,110.966000,110.092000,110.961000,110.262000,110.941000,110.068000,110.849000
2016/11/20 14:00:00,110.961000,111.011000,110.835000,110.959000,110.849000,110.964000,110.749000,110.891000
2016/11/20 22:00:00,110.959000,111.198000,110.661000,111.115000,110.891000,111.175000,110.638000,111.092000
2016/11/21 06:00:00,111.115000,111.188000,110.486000,110.755000,111.092000,111.164000,110.456000,110.730000
2016/11/21 14:00:00,110.755000,111.378000,110.474000,110.867000,110.730000,111.353000,110.445000,110.774000
2016/11/21 22:00:00,110.867000,110.923000,110.280000,110.842000,110.774000,110.896000,110.256000,110.819000
2016/11/22 06:00:00,110.842000,111.251000,110.570000,110.983000,110.819000,111.224000,110.545000,110.957000
2016/11/22 14:00:00,110.983000,111.367000,110.838000,111.150000,110.957000,111.344000,110.814000,111.120000
2016/11/22 22:00:00,111.150000,111.186000,110.964000,111.028000,111.120000,111.161000,110.938000,111.006000
2016/11/23 06:00:00,111.028000,112.110000,110.867000,112.078000,111.006000,112.086000,110.842000,112.055000
2016/11/23 14:00:00,112.078000,112.988000,112.078000,112.572000,112.055000,112.964000,112.055000,112.470000
2016/11/23 22:00:00,112.572000,112.899000,112.406000,112.642000,112.470000,112.877000,112.346000,112.617000
2016/11/24 06:00:00,112.642000,113.547000,112.638000,113.203000,112.617000,113.524000,112.612000,113.180000
2016/11/24 14:00:00,113.203000,113.448000,113.123000,113.406000,113.180000,113.412000,113.101000,113.288000
2016/11/24 22:00:00,113.406000,113.910000,113.208000,113.379000,113.288000,113.886000,113.166000,113.356000
2016/11/25 06:00:00,113.379000,113.608000,112.568000,112.899000,113.356000,113.583000,112.543000,112.874000
2016/11/25 14:00:00,112.899000,113.319000,112.666000,113.264000,112.874000,113.295000,112.642000,113.153000
2016/11/27 14:00:00,113.264000,113.264000,112.708000,112.842000,113.153000,113.153000,112.661000,112.741000
2016/11/27 22:00:00,112.842000,112.989000,111.373000,112.144000,112.741000,112.961000,111.348000,112.121000
2016/11/28 06:00:00,112.144000,112.812000,111.754000,112.700000,112.121000,112.786000,111.730000,112.674000
2016/11/28 14:00:00,112.700000,112.762000,111.890000,111.962000,112.674000,112.739000,111.863000,111.912000
2016/11/28 22:00:00,111.962000,112.262000,111.634000,112.039000,111.912000,112.238000,111.609000,112.015000
2016/11/29 06:00:00,112.039000,113.353000,111.947000,113.266000,112.015000,113.328000,111.922000,113.240000
2016/11/29 14:00:00,113.266000,113.270000,112.281000,112.392000,113.240000,113.246000,112.258000,112.364000
2016/11/29 22:00:00,112.392000,112.973000,112.071000,112.793000,112.364000,112.950000,112.047000,112.770000
2016/11/30 06:00:00,112.793000,113.576000,112.604000,113.408000,112.770000,113.514000,112.580000,113.384000
2016/11/30 14:00:00,113.408000,114.552000,113.362000,114.480000,113.384000,114.532000,113.338000,114.411000
2016/11/30 22:00:00,114.480000,114.842000,113.885000,114.017000,114.411000,114.814000,113.860000,113.994000
2016/12/01 06:00:00,114.017000,114.464000,113.845000,114.340000,113.994000,114.442000,113.820000,114.316000
2016/12/01 14:00:00,114.340000,114.739000,113.938000,114.128000,114.316000,114.713000,113.916000,114.051000
2016/12/01 22:00:00,114.128000,114.205000,113.597000,114.084000,114.051000,114.181000,113.573000,114.058000
2016/12/02 06:00:00,114.084000,114.220000,113.496000,114.078000,114.058000,114.197000,113.463000,114.054000
2016/12/02 14:00:00,114.078000,114.118000,113.340000,113.561000,114.054000,114.094000,113.319000,113.479000
2016/12/04 14:00:00,113.561000,113.561000,113.280000,113.359000,113.479000,113.479000,113.224000,113.261000
2016/12/04 22:00:00,113.359000,113.872000,112.896000,113.464000,113.261000,113.847000,112.857000,113.440000
2016/12/05 06:00:00,113.464000,114.487000,113.346000,114.307000,113.440000,114.462000,113.322000,114.281000
2016/12/05 14:00:00,114.307000,114.787000,113.170000,113.884000,114.281000,114.764000,113.145000,113.802000
2016/12/05 22:00:00,113.884000,113.968000,113.516000,113.897000,113.802000,113.943000,113.492000,113.876000
2016/12/06 06:00:00,113.897000,114.201000,113.681000,113.907000,113.876000,114.176000,113.657000,113.882000
2016/12/06 14:00:00,113.907000,114.134000,113.742000,114.050000,113.882000,114.110000,113.720000,113.974000
2016/12/06 22:00:00,114.050000,114.326000,113.960000,114.306000,113.974000,114.301000,113.933000,114.281000
2016/12/07 06:00:00,114.306000,114.419000,113.912000,114.048000,114.281000,114.396000,113.886000,114.024000
2016/12/07 14:00:00,114.048000,114.126000,113.428000,113.822000,114.024000,114.103000,113.402000,113.732000
2016/12/07 22:00:00,113.822000,113.874000,113.135000,113.594000,113.732000,113.851000,113.117000,113.570000
2016/12/08 06:00:00,113.594000,114.390000,113.282000,114.178000,113.570000,114.368000,113.259000,114.154000
2016/12/08 14:00:00,114.178000,114.326000,113.800000,114.048000,114.154000,114.303000,113.776000,114.016000
2016/12/08 22:00:00,114.048000,114.579000,114.027000,114.456000,114.016000,114.555000,113.974000,114.434000
2016/12/09 06:00:00,114.456000,115.289000,114.340000,114.980000,114.434000,115.265000,114.316000,114.956000
2016/12/09 14:00:00,114.980000,115.380000,114.846000,115.252000,114.956000,115.359000,114.826000,115.149000
2016/12/11 14:00:00,115.252000,115.462000,115.233000,115.429000,115.149000,115.435000,115.149000,115.398000
2016/12/11 22:00:00,115.429000,115.631000,115.172000,115.584000,115.398000,115.607000,115.147000,115.559000
2016/12/12 06:00:00,115.584000,116.136000,115.351000,115.546000,115.559000,116.111000,115.330000,115.522000
2016/12/12 14:00:00,115.546000,115.617000,114.866000,115.042000,115.522000,115.593000,114.840000,115.006000
2016/12/12 22:00:00,115.042000,115.378000,114.752000,115.356000,115.006000,115.352000,114.726000,115.332000
2016/12/13 06:00:00,115.356000,115.488000,114.974000,114.988000,115.332000,115.466000,114.955000,114.964000
2016/12/13 14:00:00,114.988000,115.361000,114.984000,115.198000,114.964000,115.342000,114.963000,115.171000
2016/12/13 22:00:00,115.198000,115.344000,115.014000,115.184000,115.171000,115.320000,114.990000,115.161000
2016/12/14 06:00:00,115.184000,115.244000,114.784000,114.909000,115.161000,115.222000,114.762000,114.884000
2016/12/14 14:00:00,114.909000,117.407000,114.866000,117.058000,114.884000,117.386000,114.841000,117.022000
2016/12/14 22:00:00,117.058000,117.876000,117.030000,117.547000,117.022000,117.850000,117.004000,117.523000
2016/12/15 06:00:00,117.547000,118.675000,117.384000,117.730000,117.523000,118.652000,117.362000,117.705000
2016/12/15 14:00:00,117.730000,118.648000,117.674000,118.202000,117.705000,118.625000,117.651000,118.162000
2016/12/15 22:00:00,118.202000,118.408000,117.971000,118.135000,118.162000,118.384000,117.950000,118.111000
2016/12/16 06:00:00,118.135000,118.439000,117.932000,118.134000,118.111000,118.416000,117.907000,118.109000
2016/12/16 14:00:00,118.134000,118.418000,117.483000,117.986000,118.109000,118.398000,117.460000,117.895000
2016/12/18 14:00:00,117.986000,118.059000,117.957000,117.978000,117.895000,117.983000,117.886000,117.942000
2016/12/18 22:00:00,117.978000,117.984000,117.180000,117.218000,117.942000,117.964000,117.156000,117.199000
2016/12/19 06:00:00,117.218000,117.570000,116.992000,117.194000,117.199000,117.548000,116.968000,117.171000
2016/12/19 14:00:00,117.194000,117.410000,116.562000,117.108000,117.171000,117.386000,116.538000,117.074000
2016/12/19 22:00:00,117.108000,117.756000,117.003000,117.698000,117.074000,117.730000,116.978000,117.674000
2016/12/20 06:00:00,117.698000,118.254000,117.698000,118.065000,117.674000,118.232000,117.674000,118.044000
2016/12/20 14:00:00,118.065000,118.210000,117.662000,117.886000,118.044000,118.188000,117.638000,117.824000
2016/12/20 22:00:00,117.886000,118.082000,117.433000,117.674000,117.824000,118.057000,117.410000,117.651000
2016/12/21 06:00:00,117.674000,117.766000,117.122000,117.190000,117.651000,117.746000,117.096000,117.164000
2016/12/21 14:00:00,117.190000,117.881000,117.144000,117.572000,117.164000,117.858000,117.119000,117.540000
2016/12/21 22:00:00,117.572000,117.725000,117.416000,117.676000,117.540000,117.700000,117.394000,117.649000
2016/12/22 06:00:00,117.676000,117.890000,117.489000,117.842000,117.649000,117.866000,117.468000,117.818000
2016/12/22 14:00:00,117.842000,117.847000,117.279000,117.575000,117.818000,117.824000,117.257000,117.502000
2016/12/22 22:00:00,117.575000,117.630000,117.396000,117.402000,117.502000,117.601000,117.372000,117.376000
2016/12/23 06:00:00,117.402000,117.506000,117.304000,117.388000,117.376000,117.484000,117.280000,117.362000
2016/12/23 14:00:00,117.388000,117.432000,117.182000,117.332000,117.362000,117.406000,117.160000,117.232000
2016/12/26 22:00:00,117.332000,117.471000,117.204000,117.326000,117.232000,117.448000,117.175000,117.303000
2016/12/27 06:00:00,117.326000,117.431000,117.217000,117.420000,117.303000,117.409000,117.195000,117.395000
2016/12/27 14:00:00,117.420000,117.630000,117.397000,117.456000,117.395000,117.608000,117.376000,117.400000
2016/12/27 22:00:00,117.456000,117.755000,117.381000,117.548000,117.400000,117.732000,117.356000,117.524000
2016/12/28 06:00:00,117.548000,117.827000,117.509000,117.800000,117.524000,117.804000,117.486000,117.779000
2016/12/28 14:00:00,117.800000,117.806000,117.070000,117.271000,117.779000,117.782000,117.044000,117.237000
2016/12/28 22:00:00,117.271000,117.271000,116.563000,116.706000,117.237000,117.237000,116.540000,116.684000
2016/12/29 06:00:00,116.706000,116.889000,116.245000,116.806000,116.684000,116.865000,116.221000,116.780000
2016/12/29 14:00:00,116.806000,116.863000,116.284000,116.568000,116.780000,116.840000,116.262000,116.522000
2016/12/29 22:00:00,116.568000,116.899000,116.052000,116.698000,116.522000,116.874000,116.031000,116.673000
2016/12/30 06:00:00,116.698000,117.210000,116.514000,116.930000,116.673000,117.186000,116.491000,116.906000
2016/12/30 14:00:00,116.930000,117.123000,116.429000,117.086000,116.906000,117.040000,116.410000,116.968000
