StartDate,AskOpen,AskHigh,AskLow,AskClose,BidOpen,BidHigh,BidLow,BidClose
2016/01/03 14:00:00,1.086880,1.088460,1.085900,1.087600,1.086210,1.088000,1.085290,1.087220
2016/01/03 22:00:00,1.087600,1.090640,1.082840,1.089870,1.087220,1.090360,1.082580,1.089610
2016/01/04 06:00:00,1.089870,1.094770,1.084720,1.085600,1.089610,1.094520,1.084450,1.085340
2016/01/04 14:00:00,1.085600,1.086440,1.078250,1.083560,1.085340,1.086200,1.078000,1.082610
2016/01/04 22:00:00,1.083560,1.084030,1.081630,1.083260,1.082610,1.083770,1.081370,1.083010
2016/01/05 06:00:00,1.083260,1.083800,1.074040,1.074340,1.083010,1.083560,1.073800,1.074090
2016/01/05 14:00:00,1.074340,1.075860,1.071200,1.074980,1.074090,1.075630,1.070950,1.074700
2016/01/05 22:00:00,1.074980,1.077450,1.074050,1.074620,1.074700,1.077170,1.073810,1.074360
2016/01/06 06:00:00,1.074620,1.076130,1.071740,1.074060,1.074360,1.075880,1.071040,1.073800
2016/01/06 14:00:00,1.074060,1.080080,1.073430,1.078390,1.073800,1.079830,1.073180,1.077860
2016/01/06 22:00:00,1.078390,1.083110,1.077480,1.082850,1.077860,1.082840,1.077200,1.082590
2016/01/07 06:00:00,1.082850,1.087610,1.077230,1.085990,1.082590,1.087350,1.077000,1.085740
2016/01/07 14:00:00,1.085990,1.094110,1.082720,1.093580,1.085740,1.093910,1.082490,1.092830
2016/01/07 22:00:00,1.093580,1.093700,1.087330,1.087950,1.092830,1.093260,1.087050,1.087710
2016/01/08 06:00:00,1.087950,1.090120,1.080450,1.084240,1.087710,1.089870,1.080220,1.084000
2016/01/08 14:00:00,1.084240,1.093370,1.083510,1.093250,1.084000,1.092950,1.083260,1.091810
2016/01/10 14:00:00,1.093250,1.093250,1.091430,1.092440,1.091810,1.091960,1.090940,1.091410
2016/01/10 22:00:00,1.092440,1.097170,1.090930,1.091940,1.091410,1.096870,1.090690,1.091700
2016/01/11 06:00:00,1.091940,1.093530,1.087370,1.088270,1.091700,1.093270,1.087100,1.088010
2016/01/11 14:00:00,1.088270,1.090120,1.084910,1.086030,1.088010,1.089890,1.084650,1.085760
2016/01/11 22:00:00,1.086030,1.088600,1.084240,1.087720,1.085760,1.088380,1.083980,1.087470
2016/01/12 06:00:00,1.087720,1.090150,1.083430,1.085310,1.087470,1.089920,1.083210,1.085050
2016/01/12 14:00:00,1.085310,1.087900,1.082070,1.086090,1.085050,1.087630,1.081840,1.085610
2016/01/12 22:00:00,1.086090,1.086670,1.081260,1.083080,1.085610,1.086010,1.081000,1.082830
2016/01/13 06:00:00,1.083080,1.083930,1.080620,1.083200,1.082830,1.083680,1.080380,1.082950
2016/01/13 14:00:00,1.083200,1.088920,1.082540,1.087940,1.082950,1.088660,1.082290,1.087560
2016/01/13 22:00:00,1.087940,1.089820,1.087680,1.088020,1.087560,1.089570,1.087370,1.087760
2016/01/14 06:00:00,1.088020,1.094460,1.085550,1.089640,1.087760,1.094210,1.085300,1.089400
2016/01/14 14:00:00,1.089640,1.091910,1.083600,1.086680,1.089400,1.091660,1.083350,1.086150
2016/01/14 22:00:00,1.086680,1.089100,1.085570,1.087990,1.086150,1.088850,1.085330,1.087740
2016/01/15 06:00:00,1.087990,1.098590,1.086190,1.095840,1.087740,1.098340,1.085920,1.095580
2016/01/15 14:00:00,1.095840,1.098450,1.090720,1.092000,1.095580,1.098210,1.090390,1.090570
2016/01/17 14:00:00,1.092000,1.094450,1.092000,1.093060,1.090570,1.093620,1.090570,1.092040
2016/01/17 22:00:00,1.093060,1.093140,1.088840,1.089760,1.092040,1.092660,1.088580,1.089510
2016/01/18 06:00:00,1.089760,1.091070,1.087580,1.089490,1.089510,1.090820,1.087320,1.089240
2016/01/18 14:00:00,1.089490,1.090210,1.087020,1.089590,1.089240,1.089970,1.086760,1.088900
2016/01/18 22:00:00,1.089590,1.090640,1.088040,1.088490,1.088900,1.090390,1.087810,1.088250
2016/01/19 06:00:00,1.088490,1.089030,1.086080,1.086760,1.088250,1.088790,1.085820,1.086500
2016/01/19 14:00:00,1.086760,1.094040,1.086540,1.090880,1.086500,1.093780,1.086300,1.090570
2016/01/19 22:00:00,1.090880,1.096190,1.090660,1.095010,1.090570,1.095950,1.090360,1.094770
2016/01/20 06:00:00,1.095010,1.097730,1.089280,1.091880,1.094770,1.097490,1.089040,1.091630
2016/01/20 14:00:00,1.091880,1.093770,1.087870,1.089570,1.091630,1.093520,1.087610,1.088210
2016/01/20 22:00:00,1.089570,1.090000,1.086790,1.089910,1.088210,1.089750,1.086560,1.089650
2016/01/21 06:00:00,1.089910,1.092340,1.077910,1.079270,1.089650,1.092060,1.077640,1.079010
2016/01/21 14:00:00,1.079270,1.090220,1.078090,1.087540,1.079010,1.089970,1.077830,1.087120
2016/01/21 22:00:00,1.087540,1.087800,1.082870,1.083260,1.087120,1.087550,1.082610,1.083000
2016/01/22 06:00:00,1.083260,1.086440,1.079560,1.081600,1.083000,1.086180,1.079310,1.081330
2016/01/22 14:00:00,1.081600,1.083930,1.079030,1.080600,1.081330,1.083660,1.078800,1.079130
2016/01/24 14:00:00,1.080600,1.080780,1.079090,1.079620,1.079130,1.079840,1.078750,1.079000
2016/01/24 22:00:00,1.079620,1.082050,1.079070,1.081860,1.079000,1.081810,1.078170,1.081610
2016/01/25 06:00:00,1.081860,1.083890,1.080720,1.083470,1.081610,1.083650,1.080470,1.083230
2016/01/25 14:00:00,1.083470,1.086100,1.082500,1.085100,1.083230,1.085570,1.082250,1.084810
2016/01/25 22:00:00,1.085100,1.086080,1.084240,1.084760,1.084810,1.085830,1.083990,1.084500
2016/01/26 06:00:00,1.084760,1.087580,1.082000,1.082760,1.084500,1.087330,1.081760,1.082500
2016/01/26 14:00:00,1.082760,1.087280,1.082360,1.087280,1.082500,1.086920,1.082180,1.086700
2016/01/26 22:00:00,1.087280,1.087430,1.085210,1.086150,1.086700,1.086980,1.084950,1.085900
2016/01/27 06:00:00,1.086150,1.091330,1.085390,1.089680,1.085900,1.091100,1.085150,1.089430
2016/01/27 14:00:00,1.089680,1.091780,1.086190,1.089400,1.089430,1.091540,1.085900,1.089150
2016/01/27 22:00:00,1.089400,1.090870,1.088150,1.088590,1.089150,1.090600,1.087890,1.088330
2016/01/28 06:00:00,1.088590,1.093490,1.087100,1.092000,1.088330,1.093240,1.086850,1.091750
2016/01/28 14:00:00,1.092000,1.096900,1.090560,1.094270,1.091750,1.096650,1.090300,1.093840
2016/01/28 22:00:00,1.094270,1.095010,1.088440,1.091390,1.093840,1.094730,1.088160,1.091130
2016/01/29 06:00:00,1.091390,1.092740,1.086300,1.086500,1.091130,1.092480,1.086060,1.086250
2016/01/29 14:00:00,1.086500,1.087160,1.081120,1.083410,1.086250,1.086930,1.080870,1.082810
2016/01/31 14:00:00,1.083410,1.084070,1.082870,1.083540,1.082810,1.083390,1.082290,1.083010
2016/01/31 22:00:00,1.083540,1.085360,1.081610,1.084820,1.083010,1.085100,1.081390,1.084560
2016/02/01 06:00:00,1.084820,1.088810,1.084230,1.088260,1.084560,1.088590,1.083980,1.088020
2016/02/01 14:00:00,1.088260,1.091410,1.087620,1.088920,1.088020,1.091160,1.087390,1.088580
2016/02/01 22:00:00,1.088920,1.092040,1.088690,1.090490,1.088580,1.091790,1.088140,1.090220
2016/02/02 06:00:00,1.090490,1.093860,1.089700,1.093840,1.090220,1.093610,1.089440,1.093580
2016/02/02 14:00:00,1.093840,1.094110,1.089350,1.092160,1.093580,1.093890,1.089120,1.091700
2016/02/02 22:00:00,1.092160,1.093720,1.091270,1.091400,1.091700,1.093480,1.091020,1.091140
2016/02/03 06:00:00,1.091400,1.097780,1.090500,1.095680,1.091140,1.097500,1.090250,1.095440
2016/02/03 14:00:00,1.095680,1.114700,1.095480,1.111080,1.095440,1.114440,1.095240,1.110180
2016/02/03 22:00:00,1.111080,1.111810,1.107590,1.109010,1.110180,1.111550,1.107350,1.108750
2016/02/04 06:00:00,1.109010,1.124030,1.107090,1.120370,1.108750,1.123820,1.106840,1.120130
2016/02/04 14:00:00,1.120370,1.122400,1.115890,1.121100,1.120130,1.122150,1.115640,1.120480
2016/02/04 22:00:00,1.121100,1.121780,1.118710,1.119010,1.120480,1.121550,1.118460,1.118760
2016/02/05 06:00:00,1.119010,1.125310,1.114280,1.116100,1.118760,1.124370,1.113990,1.115860
2016/02/05 14:00:00,1.116100,1.116760,1.111010,1.116520,1.115860,1.116490,1.110760,1.115120
2016/02/07 14:00:00,1.116520,1.116520,1.114290,1.114610,1.115120,1.115280,1.113870,1.114110
2016/02/07 22:00:00,1.114610,1.115130,1.112960,1.114040,1.114110,1.114870,1.112710,1.113780
2016/02/08 06:00:00,1.114040,1.118540,1.108770,1.110580,1.113780,1.118290,1.108540,1.110330
2016/02/08 14:00:00,1.110580,1.121730,1.110540,1.119710,1.110330,1.121480,1.110300,1.119130
2016/02/08 22:00:00,1.119710,1.123910,1.118600,1.120800,1.119130,1.123650,1.118340,1.120530
2016/02/09 06:00:00,1.120800,1.130150,1.116350,1.129020,1.120530,1.129960,1.116110,1.128760
2016/02/09 14:00:00,1.129020,1.133940,1.125850,1.129470,1.128760,1.133700,1.125590,1.129090
2016/02/09 22:00:00,1.129470,1.131280,1.128470,1.129960,1.129090,1.131030,1.128090,1.129700
2016/02/10 06:00:00,1.129960,1.130330,1.122300,1.123470,1.129700,1.130070,1.122070,1.123220
2016/02/10 14:00:00,1.123470,1.130050,1.116200,1.129650,1.123220,1.129750,1.115920,1.128740
2016/02/10 22:00:00,1.129650,1.132120,1.127530,1.129310,1.128740,1.131880,1.127280,1.129050
2016/02/11 06:00:00,1.129310,1.136960,1.127640,1.133140,1.129050,1.136710,1.127380,1.132930
2016/02/11 14:00:00,1.133140,1.137800,1.131300,1.132600,1.132930,1.137530,1.131070,1.132070
2016/02/11 22:00:00,1.132600,1.133540,1.129390,1.130290,1.132070,1.133240,1.129130,1.130030
2016/02/12 06:00:00,1.130290,1.132650,1.122880,1.124710,1.130030,1.132370,1.122610,1.124460
2016/02/12 14:00:00,1.124710,1.127930,1.121540,1.126120,1.124460,1.127660,1.121280,1.124780
2016/02/14 14:00:00,1.126120,1.126120,1.123300,1.124210,1.124780,1.124780,1.122580,1.123190
2016/02/14 22:00:00,1.124210,1.125600,1.121390,1.122600,1.123190,1.124800,1.121130,1.122340
2016/02/15 06:00:00,1.122600,1.123100,1.117790,1.117990,1.122340,1.122840,1.117540,1.117750
2016/02/15 14:00:00,1.117990,1.119650,1.112920,1.115690,1.117750,1.119410,1.112690,1.115100
2016/02/15 22:00:00,1.115690,1.118500,1.114790,1.115540,1.115100,1.118250,1.114540,1.115280
2016/02/16 06:00:00,1.115540,1.119430,1.115070,1.117470,1.115280,1.119190,1.114830,1.117220
2016/02/16 14:00:00,1.117470,1.118500,1.112550,1.114500,1.117220,1.118240,1.112300,1.113990
2016/02/16 22:00:00,1.114500,1.117260,1.112000,1.116490,1.113990,1.117010,1.111760,1.116230
2016/02/17 06:00:00,1.116490,1.118060,1.111590,1.113100,1.116230,1.117790,1.111340,1.112850
2016/02/17 14:00:00,1.113100,1.115850,1.110670,1.113080,1.112850,1.115590,1.110480,1.112700
2016/02/17 22:00:00,1.113080,1.114730,1.112010,1.114290,1.112700,1.114460,1.111740,1.114030
2016/02/18 06:00:00,1.114290,1.115100,1.107910,1.108450,1.114030,1.114850,1.107660,1.108190
2016/02/18 14:00:00,1.108450,1.112470,1.107230,1.110930,1.108190,1.112220,1.106970,1.110470
2016/02/18 22:00:00,1.110930,1.113030,1.110150,1.112640,1.110470,1.112770,1.109600,1.112390
2016/02/19 06:00:00,1.112640,1.114070,1.106800,1.110380,1.112390,1.113810,1.106520,1.110120
2016/02/19 14:00:00,1.110380,1.113880,1.108040,1.113370,1.110120,1.113620,1.107790,1.112520
2016/02/21 14:00:00,1.113370,1.113370,1.111000,1.111530,1.112520,1.112520,1.110680,1.110840
2016/02/21 22:00:00,1.111530,1.112650,1.110500,1.111380,1.110840,1.112350,1.110240,1.111120
2016/02/22 06:00:00,1.111380,1.112010,1.100690,1.100730,1.111120,1.111780,1.100450,1.100490
2016/02/22 14:00:00,1.100730,1.103630,1.100440,1.103140,1.100490,1.103390,1.100190,1.102600
2016/02/22 22:00:00,1.103140,1.105020,1.102200,1.103820,1.102600,1.104770,1.101930,1.103570
2016/02/23 06:00:00,1.103820,1.105420,1.099130,1.101210,1.103570,1.105160,1.098900,1.100960
2016/02/23 14:00:00,1.101210,1.103910,1.099640,1.102250,1.100960,1.103670,1.099390,1.101700
2016/02/23 22:00:00,1.102250,1.102840,1.100140,1.101610,1.101700,1.102580,1.099890,1.101360
2016/02/24 06:00:00,1.101610,1.101950,1.095860,1.099980,1.101360,1.101680,1.095600,1.099730
2016/02/24 14:00:00,1.099980,1.104790,1.097550,1.101500,1.099730,1.104520,1.097310,1.100930
2016/02/24 22:00:00,1.101500,1.103580,1.100840,1.103570,1.100930,1.103340,1.100580,1.103310
2016/02/25 06:00:00,1.103570,1.104610,1.100590,1.101180,1.103310,1.104410,1.100350,1.100940
2016/02/25 14:00:00,1.101180,1.105110,1.098800,1.101960,1.100940,1.104870,1.098550,1.101620
2016/02/25 22:00:00,1.101960,1.106970,1.101810,1.106190,1.101620,1.106710,1.101350,1.105960
2016/02/26 06:00:00,1.106190,1.106660,1.097280,1.097480,1.105960,1.106410,1.097050,1.097240
2016/02/26 14:00:00,1.097480,1.098220,1.091310,1.093730,1.097240,1.097960,1.091060,1.092380
2016/02/28 14:00:00,1.093730,1.093730,1.091530,1.091900,1.092380,1.092680,1.090950,1.090950
2016/02/28 22:00:00,1.091900,1.094500,1.091340,1.094500,1.090950,1.094230,1.090700,1.094230
2016/02/29 06:00:00,1.094500,1.096370,1.087940,1.088610,1.094230,1.096150,1.087680,1.088360
2016/02/29 14:00:00,1.088610,1.090010,1.086030,1.087450,1.088360,1.089770,1.085800,1.087140
2016/02/29 22:00:00,1.087450,1.089090,1.087420,1.088660,1.087140,1.088830,1.087120,1.088390
2016/03/01 06:00:00,1.088660,1.089500,1.085710,1.088140,1.088390,1.089230,1.085460,1.087890
2016/03/01 14:00:00,1.088140,1.088140,1.083550,1.087130,1.087890,1.087900,1.083300,1.086470
2016/03/01 22:00:00,1.087130,1.088240,1.085510,1.086180,1.086470,1.088000,1.085260,1.085930
2016/03/02 06:00:00,1.086180,1.087730,1.084070,1.084480,1.085930,1.087490,1.083830,1.084230
2016/03/02 14:00:00,1.084480,1.087420,1.082690,1.087000,1.084230,1.087170,1.082440,1.086680
2016/03/02 22:00:00,1.087000,1.087620,1.085480,1.085990,1.086680,1.087370,1.085230,1.085740
2016/03/03 06:00:00,1.085990,1.091170,1.085760,1.090850,1.085740,1.090920,1.085510,1.090620
2016/03/03 14:00:00,1.090850,1.097430,1.089520,1.095830,1.090620,1.097160,1.089270,1.095440
2016/03/03 22:00:00,1.095830,1.096070,1.093640,1.095470,1.095440,1.095760,1.093400,1.095210
2016/03/04 06:00:00,1.095470,1.099140,1.090480,1.098190,1.095210,1.098950,1.090190,1.097930
2016/03/04 14:00:00,1.098190,1.104480,1.095980,1.101450,1.097930,1.104220,1.095690,1.100060
2016/03/06 14:00:00,1.101450,1.101450,1.098480,1.099500,1.100060,1.100060,1.098150,1.098600
2016/03/06 22:00:00,1.099500,1.099890,1.098520,1.099380,1.098600,1.099620,1.098280,1.099130
2016/03/07 06:00:00,1.099380,1.099550,1.094130,1.096060,1.099130,1.099310,1.093890,1.095830
2016/03/07 14:00:00,1.096060,1.102710,1.094760,1.101600,1.095830,1.102460,1.094530,1.101240
2016/03/07 22:00:00,1.101600,1.103000,1.101240,1.101880,1.101240,1.102750,1.100880,1.101620
2016/03/08 06:00:00,1.101880,1.104630,1.100300,1.103390,1.101620,1.104370,1.100050,1.103150
2016/03/08 14:00:00,1.103390,1.105920,1.099480,1.101230,1.103150,1.105670,1.099240,1.100840
2016/03/08 22:00:00,1.101230,1.101420,1.096870,1.097680,1.100840,1.101000,1.096620,1.097430
2016/03/09 06:00:00,1.097680,1.099110,1.094910,1.095180,1.097430,1.098840,1.094660,1.094930
2016/03/09 14:00:00,1.095180,1.103620,1.094730,1.100410,1.094930,1.103370,1.094480,1.098980
2016/03/09 22:00:00,1.100410,1.100570,1.097130,1.098250,1.098980,1.100250,1.096910,1.097990
2016/03/10 06:00:00,1.098250,1.099190,1.082280,1.092220,1.097990,1.098910,1.082060,1.091870
2016/03/10 14:00:00,1.092220,1.121950,1.091170,1.118550,1.091870,1.121710,1.090880,1.117610
2016/03/10 22:00:00,1.118550,1.121110,1.116460,1.117750,1.117610,1.120870,1.116190,1.117500
2016/03/11 06:00:00,1.117750,1.118300,1.108180,1.112540,1.117500,1.118070,1.107910,1.112310
2016/03/11 14:00:00,1.112540,1.119480,1.111670,1.115160,1.112310,1.119230,1.111400,1.114330
2016/03/13 13:00:00,1.115160,1.115160,1.113480,1.114160,1.114330,1.114330,1.112880,1.113540
2016/03/13 21:00:00,1.114160,1.117820,1.113830,1.116450,1.113540,1.117520,1.113300,1.116210
2016/03/14 05:00:00,1.116450,1.116800,1.109980,1.112700,1.116210,1.116550,1.109740,1.112460
2016/03/14 13:00:00,1.112700,1.113040,1.107900,1.110730,1.112460,1.112800,1.107670,1.109610
2016/03/14 21:00:00,1.110730,1.111680,1.109500,1.110850,1.109610,1.111420,1.109240,1.110600
2016/03/15 05:00:00,1.110850,1.112610,1.107320,1.111690,1.110600,1.112390,1.107030,1.111440
2016/03/15 13:00:00,1.111690,1.112140,1.108260,1.111360,1.111440,1.111890,1.108030,1.110760
2016/03/15 21:00:00,1.111360,1.111380,1.109620,1.110180,1.110760,1.111110,1.109380,1.109920
2016/03/16 05:00:00,1.110180,1.110300,1.107570,1.108620,1.109920,1.110030,1.107310,1.108390
2016/03/16 13:00:00,1.108620,1.124400,1.105910,1.122600,1.108390,1.124130,1.105670,1.122160
2016/03/16 21:00:00,1.122600,1.123230,1.120620,1.121950,1.122160,1.122840,1.120370,1.121690
2016/03/17 05:00:00,1.121950,1.134390,1.121900,1.130310,1.121690,1.134140,1.121630,1.130060
2016/03/17 13:00:00,1.130310,1.133890,1.129220,1.132070,1.130060,1.133630,1.128960,1.131530
2016/03/17 21:00:00,1.132070,1.133830,1.130790,1.131390,1.131530,1.133580,1.130530,1.131130
2016/03/18 05:00:00,1.131390,1.131990,1.125740,1.128350,1.131130,1.131740,1.125470,1.128100
2016/03/18 13:00:00,1.128350,1.130850,1.126410,1.127490,1.128100,1.130590,1.126150,1.126570
2016/03/20 13:00:00,1.127490,1.127490,1.125810,1.127040,1.126570,1.126570,1.125240,1.125570
2016/03/20 21:00:00,1.127040,1.128610,1.126260,1.127090,1.125570,1.128360,1.125560,1.126820
2016/03/21 05:00:00,1.127090,1.128610,1.123690,1.126470,1.126820,1.128350,1.123430,1.126220
2016/03/21 13:00:00,1.126470,1.127760,1.123560,1.124470,1.126220,1.127490,1.123310,1.123950
2016/03/21 21:00:00,1.124470,1.126090,1.123110,1.125170,1.123950,1.125830,1.122840,1.124910
2016/03/22 05:00:00,1.125170,1.126130,1.118990,1.122580,1.124910,1.125880,1.118710,1.122340
2016/03/22 13:00:00,1.122580,1.123970,1.120300,1.121880,1.122340,1.123720,1.120070,1.121520
2016/03/22 21:00:00,1.121880,1.122500,1.120540,1.120640,1.121520,1.122240,1.120290,1.120400
2016/03/23 05:00:00,1.120640,1.121200,1.116770,1.117070,1.120400,1.120940,1.116510,1.116820
2016/03/23 13:00:00,1.117070,1.119690,1.116080,1.118680,1.116820,1.119450,1.115830,1.117810
2016/03/23 21:00:00,1.118680,1.118770,1.116510,1.117310,1.117810,1.118520,1.116260,1.117050
2016/03/24 05:00:00,1.117310,1.118910,1.114540,1.116500,1.117050,1.118660,1.114280,1.116250
2016/03/24 13:00:00,1.116500,1.118750,1.115130,1.117820,1.116250,1.118500,1.114900,1.117230
2016/03/24 21:00:00,1.117820,1.118390,1.115530,1.116080,1.117230,1.118020,1.115190,1.115690
2016/03/25 05:00:00,1.116080,1.117850,1.115750,1.116590,1.115690,1.117470,1.115490,1.116320
2016/03/25 13:00:00,1.116590,1.117500,1.116180,1.117280,1.116320,1.117000,1.115850,1.115850
2016/03/27 13:00:00,1.117280,1.117370,1.116260,1.116700,1.115850,1.116590,1.115710,1.115800
2016/03/27 21:00:00,1.116700,1.117200,1.115430,1.116440,1.115800,1.116470,1.115160,1.116170
2016/03/28 05:00:00,1.116440,1.118460,1.115860,1.118180,1.116170,1.118210,1.115630,1.117930
2016/03/28 13:00:00,1.118180,1.122130,1.118090,1.119870,1.117930,1.121880,1.117850,1.119310
2016/03/28 21:00:00,1.119870,1.120340,1.118540,1.119170,1.119310,1.120120,1.118300,1.118920
2016/03/29 05:00:00,1.119170,1.121740,1.117040,1.121580,1.118920,1.121500,1.116780,1.121330
2016/03/29 13:00:00,1.121580,1.130470,1.118030,1.129320,1.121330,1.130210,1.117810,1.128530
2016/03/29 21:00:00,1.129320,1.130190,1.128520,1.129800,1.128530,1.129930,1.128210,1.129540
2016/03/30 05:00:00,1.129800,1.134020,1.129470,1.131240,1.129540,1.133800,1.129220,1.131010
2016/03/30 13:00:00,1.131240,1.136660,1.130340,1.134330,1.131010,1.136450,1.130110,1.133550
2016/03/30 21:00:00,1.134330,1.134330,1.131200,1.131910,1.133550,1.134030,1.130940,1.131650
2016/03/31 05:00:00,1.131910,1.140020,1.131150,1.138990,1.131650,1.139780,1.130890,1.138750
2016/03/31 13:00:00,1.138990,1.141330,1.137750,1.138450,1.138750,1.141060,1.137460,1.137520
2016/03/31 21:00:00,1.138450,1.138990,1.136810,1.137540,1.137520,1.138720,1.136550,1.137280
2016/04/01 05:00:00,1.137540,1.143910,1.137260,1.140110,1.137280,1.143670,1.137000,1.139860
2016/04/01 13:00:00,1.140110,1.141310,1.133590,1.140070,1.139860,1.141050,1.133350,1.138930
2016/04/03 13:00:00,1.140070,1.140530,1.139040,1.140220,1.138930,1.139950,1.138320,1.139870
2016/04/03 21:00:00,1.140220,1.141410,1.138450,1.138460,1.139870,1.141160,1.138210,1.138210
2016/04/04 05:00:00,1.138460,1.140170,1.135870,1.139910,1.138210,1.139920,1.135610,1.139650
2016/04/04 13:00:00,1.139910,1.141090,1.137410,1.139460,1.139650,1.140850,1.137180,1.138590
2016/04/04 21:00:00,1.139460,1.140660,1.138560,1.139130,1.138590,1.140400,1.138300,1.138890
2016/04/05 05:00:00,1.139130,1.139370,1.134490,1.137440,1.138890,1.139130,1.134280,1.137200
2016/04/05 13:00:00,1.137440,1.140270,1.133720,1.139180,1.137200,1.140010,1.133460,1.137900
2016/04/05 21:00:00,1.139180,1.139180,1.136650,1.137350,1.137900,1.138610,1.136390,1.137080
2016/04/06 05:00:00,1.137350,1.137490,1.132810,1.136690,1.137080,1.137260,1.132550,1.136450
2016/04/06 13:00:00,1.136690,1.143320,1.136040,1.140170,1.136450,1.143080,1.135810,1.139660
2016/04/06 21:00:00,1.140170,1.141680,1.139350,1.140760,1.139660,1.141450,1.139030,1.140500
2016/04/07 05:00:00,1.140760,1.145570,1.135900,1.137890,1.140500,1.145290,1.135640,1.137640
2016/04/07 13:00:00,1.137890,1.140110,1.133880,1.138070,1.137640,1.139880,1.133640,1.137510
2016/04/07 21:00:00,1.138070,1.138080,1.136060,1.136590,1.137510,1.137740,1.135800,1.136320
2016/04/08 05:00:00,1.136590,1.139560,1.135040,1.136460,1.136320,1.139270,1.134780,1.136230
2016/04/08 13:00:00,1.136460,1.142080,1.136350,1.140650,1.136230,1.141800,1.136120,1.139180
2016/04/10 13:00:00,1.140650,1.142410,1.140650,1.141980,1.139180,1.141900,1.139180,1.141370
2016/04/10 21:00:00,1.141980,1.142760,1.139670,1.141180,1.141370,1.142460,1.139390,1.140900
2016/04/11 05:00:00,1.141180,1.142950,1.137370,1.141290,1.140900,1.142680,1.137100,1.141030
2016/04/11 13:00:00,1.141290,1.144890,1.139530,1.141210,1.141030,1.144630,1.139290,1.140220
2016/04/11 21:00:00,1.141210,1.141830,1.140180,1.141000,1.140220,1.141560,1.139920,1.140740
2016/04/12 05:00:00,1.141000,1.146630,1.138110,1.138390,1.140740,1.146350,1.137850,1.138140
2016/04/12 13:00:00,1.138390,1.140200,1.134690,1.138870,1.138140,1.139950,1.134420,1.138220
2016/04/12 21:00:00,1.138870,1.139390,1.136720,1.136880,1.138220,1.139000,1.136470,1.136610
2016/04/13 05:00:00,1.136880,1.136890,1.129650,1.131420,1.136610,1.136620,1.129380,1.131160
2016/04/13 13:00:00,1.131420,1.132570,1.126970,1.127690,1.131160,1.132330,1.126700,1.127110
2016/04/13 21:00:00,1.127690,1.128570,1.125530,1.126310,1.127110,1.128310,1.125260,1.126050
2016/04/14 05:00:00,1.126310,1.129640,1.123530,1.127770,1.126050,1.129370,1.123260,1.127510
2016/04/14 13:00:00,1.127770,1.128540,1.124910,1.127040,1.127510,1.128290,1.124690,1.126450
2016/04/14 21:00:00,1.127040,1.127380,1.125090,1.126400,1.126450,1.126760,1.124830,1.126150
2016/04/15 05:00:00,1.126400,1.129910,1.124730,1.127570,1.126150,1.129600,1.124450,1.127340
2016/04/15 13:00:00,1.127570,1.131830,1.127350,1.128850,1.127340,1.131580,1.127100,1.127390
2016/04/17 13:00:00,1.128850,1.132410,1.128850,1.130750,1.127390,1.131580,1.127390,1.129960
2016/04/17 21:00:00,1.130750,1.130880,1.127760,1.128790,1.129960,1.130570,1.127520,1.128520
2016/04/18 05:00:00,1.128790,1.132100,1.127510,1.130860,1.128520,1.131830,1.127250,1.130600
2016/04/18 13:00:00,1.130860,1.133350,1.129820,1.131670,1.130600,1.133090,1.129590,1.130920
2016/04/18 21:00:00,1.131670,1.132730,1.130480,1.132540,1.130920,1.132460,1.130220,1.132280
2016/04/19 05:00:00,1.132540,1.136080,1.131620,1.135520,1.132280,1.135840,1.131380,1.135270
2016/04/19 13:00:00,1.135520,1.138600,1.135470,1.135940,1.135270,1.138350,1.135230,1.135540
2016/04/19 21:00:00,1.135940,1.137500,1.135530,1.136250,1.135540,1.137260,1.135270,1.135990
2016/04/20 05:00:00,1.136250,1.138980,1.135010,1.136710,1.135990,1.138690,1.134770,1.136460
2016/04/20 13:00:00,1.136710,1.136910,1.129180,1.129840,1.136460,1.136660,1.128910,1.129410
2016/04/20 21:00:00,1.129840,1.130770,1.128800,1.129420,1.129410,1.130510,1.128530,1.129150
2016/04/21 05:00:00,1.129420,1.140110,1.128410,1.137780,1.129150,1.139770,1.128180,1.137520
2016/04/21 13:00:00,1.137780,1.139190,1.127100,1.128950,1.137520,1.139010,1.126800,1.128550
2016/04/21 21:00:00,1.128950,1.131010,1.128330,1.129590,1.128550,1.130770,1.128020,1.129320
2016/04/22 05:00:00,1.129590,1.130680,1.125040,1.125750,1.129320,1.130420,1.124790,1.125500
2016/04/22 13:00:00,1.125750,1.127170,1.121950,1.123230,1.125500,1.126920,1.121570,1.121750
2016/04/24 13:00:00,1.123230,1.123610,1.121910,1.122090,1.121750,1.122410,1.121360,1.121510
2016/04/24 21:00:00,1.122090,1.124860,1.122090,1.124250,1.121510,1.124590,1.121390,1.123990
2016/04/25 05:00:00,1.124250,1.126890,1.123220,1.125160,1.123990,1.126630,1.122980,1.124920
2016/04/25 13:00:00,1.125160,1.127960,1.124520,1.127070,1.124920,1.127700,1.124280,1.126380
2016/04/25 21:00:00,1.127070,1.127780,1.126190,1.126410,1.126380,1.127440,1.125930,1.126140
2016/04/26 05:00:00,1.126410,1.132050,1.125770,1.130890,1.126140,1.131780,1.125520,1.130600
2016/04/26 13:00:00,1.130890,1.134090,1.128150,1.130170,1.130600,1.133840,1.127880,1.129430
2016/04/26 21:00:00,1.130170,1.131320,1.129540,1.129820,1.129430,1.131060,1.129220,1.129560
2016/04/27 05:00:00,1.129820,1.133490,1.129280,1.131710,1.129560,1.133230,1.129010,1.131460
2016/04/27 13:00:00,1.131710,1.136360,1.127340,1.133100,1.131460,1.136070,1.126990,1.131860
2016/04/27 21:00:00,1.133100,1.134580,1.129750,1.133710,1.131860,1.134300,1.129490,1.133480
2016/04/28 05:00:00,1.133710,1.136940,1.132890,1.134690,1.133480,1.136670,1.132640,1.134440
2016/04/28 13:00:00,1.134690,1.136310,1.131160,1.135580,1.134440,1.136090,1.130900,1.134710
2016/04/28 21:00:00,1.135580,1.139610,1.135060,1.139520,1.134710,1.139370,1.134480,1.139300
2016/04/29 05:00:00,1.139520,1.143310,1.137130,1.141600,1.139300,1.143080,1.136870,1.141350
2016/04/29 13:00:00,1.141600,1.146070,1.141360,1.145710,1.141350,1.145820,1.141100,1.144420
2016/05/01 13:00:00,1.145710,1.146530,1.143400,1.146530,1.144420,1.146180,1.142820,1.145620
2016/05/01 21:00:00,1.146530,1.148290,1.145450,1.146790,1.145620,1.148020,1.145170,1.146540
2016/05/02 05:00:00,1.146790,1.150270,1.144960,1.148510,1.146540,1.150050,1.144700,1.148250
2016/05/02 13:00:00,1.148510,1.153760,1.147050,1.153550,1.148250,1.153500,1.146810,1.152830
2016/05/02 21:00:00,1.153550,1.154320,1.152230,1.153380,1.152830,1.154080,1.151970,1.153130
2016/05/03 05:00:00,1.153380,1.161800,1.152830,1.155500,1.153130,1.161520,1.152590,1.155250
2016/05/03 13:00:00,1.155500,1.156500,1.149690,1.149900,1.155250,1.156260,1.149390,1.149480
2016/05/03 21:00:00,1.149900,1.151000,1.147770,1.148870,1.149480,1.150740,1.147540,1.148610
2016/05/04 05:00:00,1.148870,1.153110,1.147080,1.149470,1.148610,1.152850,1.146830,1.149220
2016/05/04 13:00:00,1.149470,1.151950,1.146760,1.149080,1.149220,1.151690,1.146510,1.148450
2016/05/04 21:00:00,1.149080,1.149490,1.148340,1.148540,1.148450,1.149250,1.148070,1.148290
2016/05/05 05:00:00,1.148540,1.149520,1.141920,1.143540,1.148290,1.149260,1.141670,1.143290
2016/05/05 13:00:00,1.143540,1.143770,1.138710,1.140760,1.143290,1.143540,1.138470,1.140260
2016/05/05 21:00:00,1.140760,1.141070,1.139390,1.140440,1.140260,1.140830,1.139150,1.140190
2016/05/06 05:00:00,1.140440,1.148480,1.139790,1.143720,1.140190,1.147640,1.139540,1.143450
2016/05/06 13:00:00,1.143720,1.144340,1.138800,1.141190,1.143450,1.144090,1.138540,1.139780
2016/05/08 13:00:00,1.141190,1.141190,1.139560,1.140000,1.139780,1.140080,1.138880,1.139160
2016/05/08 21:00:00,1.140000,1.141350,1.138160,1.141310,1.139160,1.141090,1.137900,1.141060
2016/05/09 05:00:00,1.141310,1.142130,1.137660,1.140360,1.141060,1.141870,1.137340,1.140110
2016/05/09 13:00:00,1.140360,1.141570,1.138010,1.138480,1.140110,1.141290,1.137760,1.138030
2016/05/09 21:00:00,1.138480,1.139430,1.137200,1.137520,1.138030,1.139190,1.136910,1.137260
2016/05/10 05:00:00,1.137520,1.140340,1.135980,1.137550,1.137260,1.140080,1.135720,1.137310
2016/05/10 13:00:00,1.137550,1.141100,1.136690,1.137470,1.137310,1.140880,1.136440,1.136880
2016/05/10 21:00:00,1.137470,1.139300,1.137030,1.138170,1.136880,1.139050,1.136690,1.137910
2016/05/11 05:00:00,1.138170,1.142150,1.138160,1.140710,1.137910,1.141900,1.137910,1.140470
2016/05/11 13:00:00,1.140710,1.144790,1.140420,1.142850,1.140470,1.144530,1.140160,1.142470
2016/05/11 21:00:00,1.142850,1.143070,1.142290,1.142480,1.142470,1.142810,1.142010,1.142220
2016/05/12 05:00:00,1.142480,1.142640,1.137970,1.140610,1.142220,1.142380,1.137700,1.140360
2016/05/12 13:00:00,1.140610,1.141610,1.137180,1.138080,1.140360,1.141360,1.136910,1.137350
2016/05/12 21:00:00,1.138080,1.138110,1.136790,1.137500,1.137350,1.137860,1.136530,1.137220
2016/05/13 05:00:00,1.137500,1.137740,1.130920,1.131840,1.137220,1.137490,1.130660,1.131580
2016/05/13 13:00:00,1.131840,1.133310,1.128430,1.131500,1.131580,1.133060,1.128180,1.130200
2016/05/15 13:00:00,1.131500,1.131880,1.130600,1.131510,1.130200,1.130920,1.129880,1.130780
2016/05/15 21:00:00,1.131510,1.132080,1.130400,1.131120,1.130780,1.131830,1.130030,1.130870
2016/05/16 05:00:00,1.131120,1.134370,1.130840,1.133760,1.130870,1.134130,1.130580,1.133500
2016/05/16 13:00:00,1.133760,1.134200,1.131510,1.132280,1.133500,1.133950,1.131250,1.131850
2016/05/16 21:00:00,1.132280,1.132690,1.131440,1.131670,1.131850,1.132430,1.131170,1.131410
2016/05/17 05:00:00,1.131670,1.134160,1.130330,1.131240,1.131410,1.133900,1.129990,1.130990
2016/05/17 13:00:00,1.131240,1.135100,1.131220,1.131700,1.130990,1.134750,1.130940,1.130940
2016/05/17 21:00:00,1.131700,1.131820,1.128570,1.128700,1.130940,1.131500,1.128320,1.128440
2016/05/18 05:00:00,1.128700,1.129010,1.125750,1.127570,1.128440,1.128760,1.125490,1.127330
2016/05/18 13:00:00,1.127570,1.129450,1.121560,1.121900,1.127330,1.129150,1.121300,1.121360
2016/05/18 21:00:00,1.121900,1.123060,1.121300,1.121990,1.121360,1.122820,1.121000,1.121730
2016/05/19 05:00:00,1.121990,1.123130,1.118110,1.118260,1.121730,1.122900,1.117880,1.118010
2016/05/19 13:00:00,1.118260,1.122890,1.118180,1.120430,1.118010,1.122640,1.117930,1.120120
2016/05/19 21:00:00,1.120430,1.121160,1.119770,1.120230,1.120120,1.120920,1.119510,1.119960
2016/05/20 05:00:00,1.120230,1.122930,1.120180,1.122380,1.119960,1.122690,1.119920,1.122120
2016/05/20 13:00:00,1.122380,1.123930,1.120560,1.123050,1.122120,1.123600,1.120310,1.121590
2016/05/22 13:00:00,1.123050,1.123050,1.120960,1.121230,1.121590,1.121880,1.120570,1.120570
2016/05/22 21:00:00,1.121230,1.124460,1.121230,1.123270,1.120570,1.124160,1.120470,1.123010
2016/05/23 05:00:00,1.123270,1.124090,1.120080,1.120140,1.123010,1.123830,1.119840,1.119890
2016/05/23 13:00:00,1.120140,1.123220,1.118880,1.122290,1.119890,1.122960,1.118630,1.121810
2016/05/23 21:00:00,1.122290,1.122460,1.120400,1.121470,1.121810,1.122050,1.120150,1.121210
2016/05/24 05:00:00,1.121470,1.122860,1.115820,1.116200,1.121210,1.122590,1.115560,1.115950
2016/05/24 13:00:00,1.116200,1.116490,1.113380,1.114360,1.115950,1.116240,1.113120,1.113790
2016/05/24 21:00:00,1.114360,1.115930,1.113600,1.115170,1.113790,1.115670,1.113310,1.114900
2016/05/25 05:00:00,1.115170,1.115800,1.113740,1.114820,1.114900,1.115540,1.113480,1.114580
2016/05/25 13:00:00,1.114820,1.116830,1.113020,1.115630,1.114580,1.116580,1.112760,1.115320
2016/05/25 21:00:00,1.115630,1.118810,1.115090,1.118140,1.115320,1.118550,1.114830,1.117880
2016/05/26 05:00:00,1.118140,1.120360,1.115990,1.120150,1.117880,1.120100,1.115710,1.119900
2016/05/26 13:00:00,1.120150,1.121810,1.117030,1.119610,1.119900,1.121570,1.116780,1.119170
2016/05/26 21:00:00,1.119610,1.120090,1.118490,1.119000,1.119170,1.119840,1.118230,1.118740
2016/05/27 05:00:00,1.119000,1.120220,1.115380,1.115750,1.118740,1.119950,1.115150,1.115500
2016/05/27 13:00:00,1.115750,1.116320,1.111240,1.111890,1.115500,1.116090,1.110870,1.110870
2016/05/29 13:00:00,1.111890,1.112420,1.111430,1.111630,1.110870,1.111740,1.110870,1.111110
2016/05/29 21:00:00,1.111630,1.111760,1.109910,1.110650,1.111110,1.111420,1.109670,1.110390
2016/05/30 05:00:00,1.110650,1.114520,1.110200,1.114100,1.110390,1.114260,1.109950,1.113850
2016/05/30 13:00:00,1.114100,1.114610,1.112950,1.114090,1.113850,1.114350,1.112710,1.113530
2016/05/30 21:00:00,1.114090,1.115610,1.113270,1.113460,1.113530,1.115370,1.113000,1.113210
2016/05/31 05:00:00,1.113460,1.116640,1.112360,1.115570,1.113210,1.116400,1.112100,1.115310
2016/05/31 13:00:00,1.115570,1.117470,1.112620,1.113450,1.115310,1.117220,1.112390,1.112890
2016/05/31 21:00:00,1.113450,1.113830,1.111550,1.112540,1.112890,1.113570,1.111290,1.112260
2016/06/01 05:00:00,1.112540,1.118740,1.111770,1.117910,1.112260,1.118470,1.111510,1.117660
2016/06/01 13:00:00,1.117910,1.119530,1.115010,1.119130,1.117660,1.119300,1.114760,1.118590
2016/06/01 21:00:00,1.119130,1.121510,1.118510,1.120670,1.118590,1.121250,1.118070,1.120400
2016/06/02 05:00:00,1.120670,1.122160,1.116750,1.119010,1.120400,1.121900,1.116440,1.118730
2016/06/02 13:00:00,1.119010,1.119340,1.114680,1.115240,1.118730,1.119110,1.114420,1.114880
2016/06/02 21:00:00,1.115240,1.116010,1.114340,1.115860,1.114880,1.115750,1.114050,1.115590
2016/06/03 05:00:00,1.115860,1.129910,1.113790,1.128860,1.115590,1.129640,1.113540,1.128610
2016/06/03 13:00:00,1.128860,1.137580,1.128760,1.137310,1.128610,1.137230,1.128510,1.136040
2016/06/05 13:00:00,1.137310,1.137310,1.134240,1.136210,1.136040,1.136040,1.133730,1.134980
2016/06/05 21:00:00,1.136210,1.137550,1.133760,1.134310,1.134980,1.137000,1.133490,1.134070
2016/06/06 05:00:00,1.134310,1.136490,1.133210,1.135010,1.134070,1.136240,1.132950,1.134760
2016/06/06 13:00:00,1.135010,1.139420,1.132760,1.135740,1.134760,1.139160,1.132420,1.135230
2016/06/06 21:00:00,1.135740,1.136920,1.135160,1.135880,1.135230,1.136660,1.134910,1.135610
2016/06/07 05:00:00,1.135880,1.138180,1.133990,1.136640,1.135610,1.137940,1.133730,1.136390
2016/06/07 13:00:00,1.136640,1.136830,1.134220,1.136140,1.136390,1.136580,1.133960,1.135430
2016/06/07 21:00:00,1.136140,1.137590,1.135580,1.137570,1.135430,1.137330,1.135310,1.137320
2016/06/08 05:00:00,1.137570,1.139640,1.136270,1.139370,1.137320,1.139380,1.136010,1.139120
2016/06/08 13:00:00,1.139370,1.141200,1.138870,1.139980,1.139120,1.140960,1.138620,1.138740
2016/06/08 21:00:00,1.139980,1.141690,1.139260,1.140620,1.138740,1.141430,1.138740,1.140350
2016/06/09 05:00:00,1.140620,1.140760,1.132720,1.132720,1.140350,1.140490,1.132440,1.132440
2016/06/09 13:00:00,1.132720,1.133820,1.130690,1.131990,1.132440,1.133570,1.130440,1.131260
2016/06/09 21:00:00,1.131990,1.132170,1.129120,1.129550,1.131260,1.131870,1.128840,1.129290
2016/06/10 05:00:00,1.129550,1.132290,1.128320,1.130560,1.129290,1.132020,1.128070,1.130300
2016/06/10 13:00:00,1.130560,1.130600,1.124660,1.125980,1.130300,1.130370,1.124400,1.124530
2016/06/12 13:00:00,1.125980,1.126910,1.124970,1.125670,1.124530,1.125820,1.124400,1.124520
2016/06/12 21:00:00,1.125670,1.125810,1.123370,1.125200,1.124520,1.125430,1.123090,1.124960
2016/06/13 05:00:00,1.125200,1.127970,1.124860,1.125230,1.124960,1.127710,1.124600,1.124980
2016/06/13 13:00:00,1.125230,1.130450,1.123900,1.129580,1.124980,1.130190,1.123640,1.128880
2016/06/13 21:00:00,1.129580,1.129990,1.128660,1.128910,1.128880,1.129720,1.128400,1.128660
2016/06/14 05:00:00,1.128910,1.129220,1.120990,1.123540,1.128660,1.128950,1.120730,1.123290
2016/06/14 13:00:00,1.123540,1.124260,1.119030,1.121130,1.123290,1.124020,1.118770,1.120230
2016/06/14 21:00:00,1.121130,1.121790,1.119120,1.121020,1.120230,1.121310,1.118860,1.120760
2016/06/15 05:00:00,1.121020,1.123920,1.119930,1.122700,1.120760,1.123660,1.119680,1.122450
2016/06/15 13:00:00,1.122700,1.130040,1.121060,1.126270,1.122450,1.129760,1.120820,1.125860
2016/06/15 21:00:00,1.126270,1.128690,1.125790,1.127820,1.125860,1.128430,1.125470,1.127560
2016/06/16 05:00:00,1.127820,1.129630,1.116400,1.117210,1.127560,1.129370,1.116150,1.116950
2016/06/16 13:00:00,1.117210,1.125270,1.113220,1.122690,1.116950,1.125000,1.112970,1.122260
2016/06/16 21:00:00,1.122690,1.127330,1.122460,1.124890,1.122260,1.127070,1.122130,1.124630
2016/06/17 05:00:00,1.124890,1.126930,1.122420,1.124680,1.124630,1.126700,1.122150,1.124410
2016/06/17 13:00:00,1.124680,1.129770,1.124330,1.128300,1.124410,1.129510,1.124070,1.127260
2016/06/19 13:00:00,1.128300,1.134800,1.128300,1.133860,1.127260,1.133900,1.127260,1.133060
2016/06/19 21:00:00,1.133860,1.138390,1.131010,1.137950,1.133060,1.138140,1.130700,1.137690
2016/06/20 05:00:00,1.137950,1.138010,1.132320,1.134370,1.137690,1.137750,1.132070,1.134140
2016/06/20 13:00:00,1.134370,1.135880,1.130350,1.131870,1.134140,1.135640,1.130090,1.131240
2016/06/20 21:00:00,1.131870,1.134480,1.130870,1.133500,1.131240,1.134210,1.130530,1.133220
2016/06/21 05:00:00,1.133500,1.135120,1.128400,1.128600,1.133220,1.134850,1.128180,1.128340
2016/06/21 13:00:00,1.128600,1.130240,1.124320,1.124350,1.128340,1.129980,1.123870,1.124060
2016/06/21 21:00:00,1.124350,1.127140,1.123800,1.126580,1.124060,1.126880,1.123540,1.126320
2016/06/22 05:00:00,1.126580,1.131480,1.125490,1.131480,1.126320,1.131230,1.125250,1.131230
2016/06/22 13:00:00,1.131480,1.133900,1.127060,1.129790,1.131230,1.133660,1.126800,1.129250
2016/06/22 21:00:00,1.129790,1.135110,1.129770,1.133800,1.129250,1.134850,1.129250,1.133530
2016/06/23 05:00:00,1.133800,1.142310,1.131810,1.139270,1.133530,1.142020,1.131550,1.138970
2016/06/23 13:00:00,1.139270,1.140000,1.134200,1.139160,1.138970,1.139720,1.133930,1.138380
2016/06/23 21:00:00,1.139160,1.142980,1.091410,1.095090,1.138380,1.142680,1.091040,1.094690
2016/06/24 05:00:00,1.095090,1.119140,1.093770,1.105310,1.094690,1.118750,1.093410,1.105020
2016/06/24 13:00:00,1.105310,1.118170,1.103670,1.112620,1.105020,1.117870,1.103380,1.108180
2016/06/26 13:00:00,1.112620,1.112620,1.100380,1.101610,1.108180,1.108180,1.099880,1.100970
2016/06/26 21:00:00,1.101610,1.107640,1.098570,1.101560,1.100970,1.107340,1.098300,1.101250
2016/06/27 05:00:00,1.101560,1.108530,1.097220,1.099350,1.101250,1.108250,1.096960,1.099090
2016/06/27 13:00:00,1.099350,1.104580,1.097340,1.102910,1.099090,1.104300,1.097090,1.102290
2016/06/27 21:00:00,1.102910,1.106560,1.101170,1.106340,1.102290,1.106300,1.100910,1.106080
2016/06/28 05:00:00,1.106340,1.111310,1.104900,1.107300,1.106080,1.111040,1.104630,1.107020
2016/06/28 13:00:00,1.107300,1.109200,1.103620,1.106800,1.107020,1.108940,1.103360,1.106240
2016/06/28 21:00:00,1.106800,1.108520,1.105060,1.106890,1.106240,1.108060,1.104800,1.106650
2016/06/29 05:00:00,1.106890,1.111310,1.105310,1.108310,1.106650,1.111050,1.105050,1.108060
2016/06/29 13:00:00,1.108310,1.113190,1.107540,1.112730,1.108060,1.112940,1.107280,1.112190
2016/06/29 21:00:00,1.112730,1.112900,1.110030,1.110320,1.112190,1.112620,1.109760,1.110060
2016/06/30 05:00:00,1.110320,1.115590,1.107810,1.111420,1.110060,1.115320,1.107540,1.111170
2016/06/30 13:00:00,1.111420,1.112560,1.102540,1.110950,1.111170,1.112290,1.102280,1.110530
2016/06/30 21:00:00,1.110950,1.111820,1.108860,1.110120,1.110530,1.111550,1.108600,1.109860
2016/07/01 05:00:00,1.110120,1.114560,1.107350,1.113350,1.109860,1.114310,1.107090,1.113100
2016/07/01 13:00:00,1.113350,1.117090,1.111400,1.114430,1.113100,1.116820,1.111150,1.113480
2016/07/03 13:00:00,1.114430,1.114430,1.112000,1.113620,1.113480,1.113480,1.111460,1.112380
2016/07/03 21:00:00,1.113620,1.114580,1.112680,1.113680,1.112380,1.114310,1.112370,1.113430
2016/07/04 05:00:00,1.113680,1.114910,1.109920,1.114560,1.113430,1.114660,1.109660,1.114300
2016/07/04 13:00:00,1.114560,1.116100,1.113040,1.115730,1.114300,1.115840,1.112780,1.115210
2016/07/04 21:00:00,1.115730,1.115800,1.112450,1.112510,1.115210,1.115450,1.112180,1.112240
2016/07/05 05:00:00,1.112510,1.118810,1.112120,1.115560,1.112240,1.118500,1.111840,1.115310
2016/07/05 13:00:00,1.115560,1.116870,1.106360,1.107750,1.115310,1.116610,1.106120,1.107450
2016/07/05 21:00:00,1.107750,1.107770,1.103750,1.105460,1.107450,1.107470,1.103430,1.105180
2016/07/06 05:00:00,1.105460,1.108910,1.104490,1.107530,1.105180,1.108680,1.104220,1.107280
2016/07/06 13:00:00,1.107530,1.111310,1.103030,1.110240,1.107280,1.111050,1.102770,1.109980
2016/07/06 21:00:00,1.110240,1.110860,1.107540,1.110310,1.109980,1.110600,1.107290,1.110060
2016/07/07 05:00:00,1.110310,1.110360,1.105770,1.108830,1.110060,1.110110,1.105530,1.108570
2016/07/07 13:00:00,1.108830,1.110090,1.105390,1.106640,1.108570,1.109850,1.105130,1.106000
2016/07/07 21:00:00,1.106640,1.108570,1.106050,1.108510,1.106000,1.108310,1.105800,1.108250
2016/07/08 05:00:00,1.108510,1.109110,1.100310,1.102590,1.108250,1.108850,1.100100,1.102350
2016/07/08 13:00:00,1.102590,1.112370,1.102320,1.105350,1.102350,1.111940,1.102070,1.104680
2016/07/10 13:00:00,1.105350,1.105710,1.104760,1.105550,1.104680,1.105110,1.104290,1.104450
2016/07/10 21:00:00,1.105550,1.105690,1.103510,1.104840,1.104450,1.105450,1.103270,1.104590
2016/07/11 05:00:00,1.104840,1.106110,1.101690,1.105500,1.104590,1.105880,1.101430,1.105240
2016/07/11 13:00:00,1.105500,1.107600,1.103690,1.105930,1.105240,1.107340,1.103430,1.105650
2016/07/11 21:00:00,1.105930,1.109250,1.105360,1.107880,1.105650,1.108990,1.105090,1.107640
2016/07/12 05:00:00,1.107880,1.112730,1.107620,1.110290,1.107640,1.112490,1.107370,1.110050
2016/07/12 13:00:00,1.110290,1.110400,1.106130,1.106210,1.110050,1.110160,1.105840,1.105920
2016/07/12 21:00:00,1.106210,1.107150,1.105500,1.106690,1.105920,1.106890,1.105250,1.106440
2016/07/13 05:00:00,1.106690,1.108980,1.104330,1.108880,1.106440,1.108740,1.104080,1.108650
2016/07/13 13:00:00,1.108880,1.112110,1.108100,1.109120,1.108650,1.111860,1.107850,1.108710
2016/07/13 21:00:00,1.109120,1.111750,1.108980,1.111260,1.108710,1.111490,1.108710,1.111050
2016/07/14 05:00:00,1.111260,1.116620,1.108960,1.111640,1.111050,1.116370,1.108720,1.111390
2016/07/14 13:00:00,1.111640,1.113090,1.109890,1.112370,1.111390,1.112840,1.109660,1.111510
2016/07/14 21:00:00,1.112370,1.114110,1.110360,1.112780,1.111510,1.113840,1.110090,1.112510
2016/07/15 05:00:00,1.112780,1.115030,1.110770,1.111780,1.112510,1.114770,1.110520,1.111520
2016/07/15 13:00:00,1.111780,1.111970,1.102640,1.104220,1.111520,1.111720,1.102300,1.102780
2016/07/17 13:00:00,1.104220,1.108120,1.104220,1.105230,1.102780,1.107210,1.102780,1.104820
2016/07/17 21:00:00,1.105230,1.107270,1.104670,1.106680,1.104820,1.107010,1.104320,1.106410
2016/07/18 05:00:00,1.106680,1.107410,1.103870,1.105230,1.106410,1.107170,1.103630,1.105010
2016/07/18 13:00:00,1.105230,1.108580,1.104920,1.107710,1.105010,1.108320,1.104670,1.107420
2016/07/18 21:00:00,1.107710,1.108180,1.106460,1.107680,1.107420,1.107930,1.106200,1.107440
2016/07/19 05:00:00,1.107680,1.107940,1.101560,1.102580,1.107440,1.107700,1.101310,1.102340
2016/07/19 13:00:00,1.102580,1.103170,1.100110,1.102350,1.102340,1.102910,1.099850,1.101860
2016/07/19 21:00:00,1.102350,1.102370,1.099850,1.101710,1.101860,1.102050,1.099590,1.101450
2016/07/20 05:00:00,1.101710,1.102310,1.098270,1.099650,1.101450,1.102110,1.098020,1.099400
2016/07/20 13:00:00,1.099650,1.103170,1.099350,1.101830,1.099400,1.102930,1.099120,1.101170
2016/07/20 21:00:00,1.101830,1.104550,1.100830,1.103590,1.101170,1.104280,1.099980,1.103330
2016/07/21 05:00:00,1.103590,1.106200,1.100640,1.104470,1.103330,1.105940,1.100380,1.104200
2016/07/21 13:00:00,1.104470,1.105940,1.098060,1.102940,1.104200,1.105690,1.097820,1.102350
2016/07/21 21:00:00,1.102940,1.103480,1.102030,1.103200,1.102350,1.103240,1.101650,1.102940
2016/07/22 05:00:00,1.103200,1.104240,1.101040,1.101510,1.102940,1.103980,1.100790,1.101260
2016/07/22 13:00:00,1.101510,1.102560,1.095680,1.098380,1.101260,1.102310,1.095430,1.097130
2016/07/24 13:00:00,1.098380,1.099280,1.097650,1.098020,1.097130,1.098910,1.096680,1.096980
2016/07/24 21:00:00,1.098020,1.098060,1.095340,1.097680,1.096980,1.097580,1.095080,1.097430
2016/07/25 05:00:00,1.097680,1.099790,1.096220,1.097520,1.097430,1.099540,1.095970,1.097270
2016/07/25 13:00:00,1.097520,1.100070,1.096910,1.099830,1.097270,1.099800,1.096680,1.099180
2016/07/25 21:00:00,1.099830,1.100740,1.098420,1.100600,1.099180,1.100480,1.098170,1.100350
2016/07/26 05:00:00,1.100600,1.103190,1.098640,1.099600,1.100350,1.102870,1.098410,1.099350
2016/07/26 13:00:00,1.099600,1.100780,1.097950,1.098830,1.099350,1.100560,1.097710,1.098500
2016/07/26 21:00:00,1.098830,1.100370,1.098280,1.100150,1.098500,1.100110,1.098020,1.099900
2016/07/27 05:00:00,1.100150,1.100720,1.098830,1.100040,1.099900,1.100470,1.098590,1.099810
2016/07/27 13:00:00,1.100040,1.106630,1.096280,1.106050,1.099810,1.106400,1.095970,1.105600
2016/07/27 21:00:00,1.106050,1.107830,1.105380,1.107150,1.105600,1.107570,1.105090,1.106900
2016/07/28 05:00:00,1.107150,1.112090,1.106540,1.110090,1.106900,1.111840,1.106280,1.109840
2016/07/28 13:00:00,1.110090,1.110910,1.106980,1.107960,1.109840,1.110690,1.106750,1.107370
2016/07/28 21:00:00,1.107960,1.109840,1.107450,1.108290,1.107370,1.109530,1.107100,1.108040
2016/07/29 05:00:00,1.108290,1.115680,1.107550,1.115120,1.108040,1.115440,1.107290,1.114880
2016/07/29 13:00:00,1.115120,1.119920,1.115080,1.117970,1.114880,1.119650,1.114840,1.116620
2016/07/31 13:00:00,1.117970,1.118480,1.117570,1.117920,1.116620,1.117230,1.116620,1.116860
2016/07/31 21:00:00,1.117920,1.118580,1.116740,1.118080,1.116860,1.118260,1.116470,1.117830
2016/08/01 05:00:00,1.118080,1.118190,1.115640,1.116620,1.117830,1.117930,1.115400,1.116380
2016/08/01 13:00:00,1.116620,1.118040,1.116030,1.116770,1.116380,1.117800,1.115760,1.115860
2016/08/01 21:00:00,1.116770,1.118210,1.116050,1.117780,1.115860,1.117960,1.115480,1.117520
2016/08/02 05:00:00,1.117780,1.121010,1.117480,1.120230,1.117520,1.120740,1.117240,1.119980
2016/08/02 13:00:00,1.120230,1.123510,1.120220,1.122660,1.119980,1.123260,1.119970,1.122060
2016/08/02 21:00:00,1.122660,1.122940,1.120930,1.121490,1.122060,1.122580,1.120690,1.121220
2016/08/03 05:00:00,1.121490,1.121660,1.119130,1.119450,1.121220,1.121410,1.118880,1.119210
2016/08/03 13:00:00,1.119450,1.119770,1.114200,1.115120,1.119210,1.119520,1.113950,1.114760
2016/08/03 21:00:00,1.115120,1.115790,1.113670,1.114740,1.114760,1.115510,1.113390,1.114490
2016/08/04 05:00:00,1.114740,1.114930,1.111530,1.114550,1.114490,1.114690,1.111240,1.114310
2016/08/04 13:00:00,1.114550,1.115010,1.112770,1.113190,1.114310,1.114770,1.112520,1.112610
2016/08/04 21:00:00,1.113190,1.113810,1.112710,1.113770,1.112610,1.113570,1.112430,1.113540
2016/08/05 05:00:00,1.113770,1.116570,1.108280,1.108480,1.113540,1.116010,1.108030,1.108230
2016/08/05 13:00:00,1.108480,1.110660,1.104700,1.109450,1.108230,1.110410,1.104460,1.108200
2016/08/07 13:00:00,1.109450,1.109590,1.107770,1.108650,1.108200,1.108580,1.107380,1.107550
2016/08/07 21:00:00,1.108650,1.110630,1.108120,1.110560,1.107550,1.110380,1.107500,1.110320
2016/08/08 05:00:00,1.110560,1.110640,1.108010,1.108790,1.110320,1.110390,1.107770,1.108560
2016/08/08 13:00:00,1.108790,1.109040,1.107330,1.108910,1.108560,1.108750,1.107080,1.108610
2016/08/08 21:00:00,1.108910,1.109200,1.107190,1.108430,1.108610,1.108940,1.106920,1.108170
2016/08/09 05:00:00,1.108430,1.109750,1.107230,1.108080,1.108170,1.109510,1.106990,1.107850
2016/08/09 13:00:00,1.108080,1.112400,1.107950,1.111880,1.107850,1.112140,1.107710,1.111460
2016/08/09 21:00:00,1.111880,1.115750,1.111380,1.115140,1.111460,1.115510,1.111100,1.114870
2016/08/10 05:00:00,1.115140,1.119150,1.114000,1.119050,1.114870,1.118900,1.113750,1.118830
2016/08/10 13:00:00,1.119050,1.119100,1.116020,1.118680,1.118830,1.118860,1.115790,1.117400
2016/08/10 21:00:00,1.118680,1.119310,1.116820,1.116920,1.117400,1.119040,1.116560,1.116670
2016/08/11 05:00:00,1.116920,1.117110,1.113740,1.115820,1.116670,1.116850,1.113500,1.115560
2016/08/11 13:00:00,1.115820,1.118370,1.113680,1.113850,1.115560,1.118110,1.113410,1.113550
2016/08/11 21:00:00,1.113850,1.114580,1.113270,1.114110,1.113550,1.114320,1.113010,1.113860
2016/08/12 05:00:00,1.114110,1.122280,1.113580,1.121030,1.113860,1.122020,1.113340,1.120780
2016/08/12 13:00:00,1.121030,1.121190,1.116020,1.117080,1.120780,1.120940,1.115590,1.115640
2016/08/14 13:00:00,1.117080,1.117920,1.117080,1.117280,1.115640,1.117070,1.115640,1.116620
2016/08/14 21:00:00,1.117280,1.117330,1.115480,1.115970,1.116620,1.116710,1.115210,1.115700
2016/08/15 05:00:00,1.115970,1.118760,1.115780,1.117560,1.115700,1.118510,1.115530,1.117310
2016/08/15 13:00:00,1.117560,1.120500,1.117250,1.118600,1.117310,1.120260,1.117010,1.118080
2016/08/15 21:00:00,1.118600,1.120120,1.117880,1.120070,1.118080,1.119860,1.117620,1.119810
2016/08/16 05:00:00,1.120070,1.132400,1.120030,1.128030,1.119810,1.132140,1.119750,1.127790
2016/08/16 13:00:00,1.128030,1.128940,1.124740,1.128070,1.127790,1.128690,1.124470,1.127580
2016/08/16 21:00:00,1.128070,1.129140,1.126660,1.126820,1.127580,1.128900,1.126400,1.126580
2016/08/17 05:00:00,1.126820,1.128090,1.125540,1.127280,1.126580,1.127840,1.125300,1.127050
2016/08/17 13:00:00,1.127280,1.131750,1.124310,1.129550,1.127050,1.131480,1.123890,1.128350
2016/08/17 21:00:00,1.129550,1.133110,1.128860,1.130570,1.128350,1.132770,1.128280,1.130310
2016/08/18 05:00:00,1.130570,1.133980,1.130370,1.131320,1.130310,1.133740,1.130120,1.131080
2016/08/18 13:00:00,1.131320,1.136770,1.130730,1.135690,1.131080,1.136520,1.130490,1.135110
2016/08/18 21:00:00,1.135690,1.136170,1.132880,1.133840,1.135110,1.135840,1.132630,1.133600
2016/08/19 05:00:00,1.133840,1.135010,1.130550,1.132250,1.133600,1.134770,1.130290,1.131990
2016/08/19 13:00:00,1.132250,1.133440,1.131360,1.133260,1.131990,1.133200,1.131110,1.131770
2016/08/21 13:00:00,1.133260,1.133620,1.130790,1.131280,1.131770,1.133130,1.130300,1.130620
2016/08/21 21:00:00,1.131280,1.132540,1.127220,1.128290,1.130620,1.132180,1.126970,1.128030
2016/08/22 05:00:00,1.128290,1.131220,1.127340,1.130570,1.128030,1.130970,1.127090,1.130330
2016/08/22 13:00:00,1.130570,1.133190,1.130550,1.132200,1.130330,1.132960,1.130310,1.131800
2016/08/22 21:00:00,1.132200,1.134010,1.131610,1.133970,1.131800,1.133770,1.131360,1.133730
2016/08/23 05:00:00,1.133970,1.135650,1.132330,1.134010,1.133730,1.135420,1.132100,1.133750
2016/08/23 13:00:00,1.134010,1.134070,1.130450,1.130840,1.133750,1.133830,1.130210,1.130320
2016/08/23 21:00:00,1.130840,1.131290,1.129460,1.129670,1.130320,1.131030,1.129220,1.129420
2016/08/24 05:00:00,1.129670,1.130700,1.125500,1.126140,1.129420,1.130460,1.125260,1.125890
2016/08/24 13:00:00,1.126140,1.127200,1.124650,1.126650,1.125890,1.126970,1.124400,1.126150
2016/08/24 21:00:00,1.126650,1.127740,1.126040,1.127120,1.126150,1.127490,1.125810,1.126870
2016/08/25 05:00:00,1.127120,1.129890,1.126650,1.129560,1.126870,1.129640,1.126400,1.129310
2016/08/25 13:00:00,1.129560,1.129770,1.127230,1.128750,1.129310,1.129520,1.127000,1.127830
2016/08/25 21:00:00,1.128750,1.129530,1.128070,1.128970,1.127830,1.129270,1.127680,1.128710
2016/08/26 05:00:00,1.128970,1.131210,1.128420,1.130100,1.128710,1.130940,1.128170,1.129850
2016/08/26 13:00:00,1.130100,1.134260,1.118190,1.119820,1.129850,1.133970,1.117910,1.119160
2016/08/28 13:00:00,1.119820,1.120380,1.117610,1.118090,1.119160,1.119160,1.117180,1.117460
2016/08/28 21:00:00,1.118090,1.120800,1.118070,1.120370,1.117460,1.120550,1.117430,1.120110
2016/08/29 05:00:00,1.120370,1.120920,1.116360,1.116740,1.120110,1.120660,1.116100,1.116490
2016/08/29 13:00:00,1.116740,1.119430,1.115940,1.119110,1.116490,1.119180,1.115690,1.118700
2016/08/29 21:00:00,1.119110,1.119440,1.116920,1.117280,1.118700,1.119110,1.116660,1.117020
2016/08/30 05:00:00,1.117280,1.117870,1.115420,1.116010,1.117020,1.117620,1.115200,1.115790
2016/08/30 13:00:00,1.116010,1.116670,1.113330,1.114500,1.115790,1.116440,1.113080,1.114100
2016/08/30 21:00:00,1.114500,1.116340,1.113760,1.115820,1.114100,1.116090,1.113510,1.115580
2016/08/31 05:00:00,1.115820,1.115980,1.112440,1.113360,1.115580,1.115720,1.112200,1.113110
2016/08/31 13:00:00,1.113360,1.116680,1.112850,1.116060,1.113110,1.116430,1.112590,1.115550
2016/08/31 21:00:00,1.116060,1.116740,1.115340,1.115470,1.115550,1.116500,1.115080,1.115220
2016/09/01 05:00:00,1.115470,1.115660,1.112890,1.114210,1.115220,1.115420,1.112630,1.113980
2016/09/01 13:00:00,1.114210,1.120650,1.113150,1.119850,1.113980,1.120410,1.112900,1.119510
2016/09/01 21:00:00,1.119850,1.121010,1.119330,1.120210,1.119510,1.120710,1.119080,1.119960
2016/09/02 05:00:00,1.120210,1.125390,1.116760,1.120940,1.119960,1.125140,1.115430,1.120670
2016/09/02 13:00:00,1.120940,1.122110,1.115150,1.115820,1.120670,1.121860,1.114920,1.115080
2016/09/04 13:00:00,1.115820,1.116340,1.114820,1.116000,1.115080,1.115510,1.114370,1.115500
2016/09/04 21:00:00,1.116000,1.117600,1.115550,1.117580,1.115500,1.117340,1.115010,1.117330
2016/09/05 05:00:00,1.117580,1.118380,1.115480,1.115600,1.117330,1.118120,1.115240,1.115350
2016/09/05 13:00:00,1.115600,1.115640,1.114040,1.114900,1.115350,1.115400,1.113800,1.114520
2016/09/05 21:00:00,1.114900,1.115900,1.114120,1.114780,1.114520,1.115640,1.113900,1.114540
2016/09/06 05:00:00,1.114780,1.117070,1.114640,1.116060,1.114540,1.116820,1.114380,1.115810
2016/09/06 13:00:00,1.116060,1.126440,1.115940,1.125790,1.115810,1.126190,1.115700,1.125260
2016/09/06 21:00:00,1.125790,1.125920,1.123450,1.125320,1.125260,1.125670,1.123200,1.125080
2016/09/07 05:00:00,1.125320,1.126680,1.123000,1.124640,1.125080,1.126420,1.122760,1.124400
2016/09/07 13:00:00,1.124640,1.127330,1.123070,1.124040,1.124400,1.127080,1.122830,1.123750
2016/09/07 21:00:00,1.124040,1.125890,1.123570,1.125000,1.123750,1.125640,1.123300,1.124740
2016/09/08 05:00:00,1.125000,1.132860,1.124650,1.130830,1.124740,1.132590,1.124400,1.130580
2016/09/08 13:00:00,1.130830,1.132710,1.124170,1.126080,1.130580,1.132470,1.123930,1.125470
2016/09/08 21:00:00,1.126080,1.128480,1.126030,1.127850,1.125470,1.128230,1.125470,1.127610
2016/09/09 05:00:00,1.127850,1.128630,1.123490,1.123490,1.127610,1.128380,1.123230,1.123240
2016/09/09 13:00:00,1.123490,1.123810,1.119970,1.123440,1.123240,1.123580,1.119740,1.122910
2016/09/11 13:00:00,1.123440,1.124730,1.123440,1.123900,1.122910,1.124310,1.122510,1.123400
2016/09/11 21:00:00,1.123900,1.125190,1.123090,1.124280,1.123400,1.124940,1.122770,1.124030
2016/09/12 05:00:00,1.124280,1.126550,1.121150,1.122630,1.124030,1.126300,1.120920,1.122410
2016/09/12 13:00:00,1.122630,1.127020,1.121450,1.123720,1.122410,1.126720,1.121210,1.123290
2016/09/12 21:00:00,1.123720,1.124350,1.122660,1.123490,1.123290,1.124090,1.122400,1.123230
2016/09/13 05:00:00,1.123490,1.125610,1.121800,1.123600,1.123230,1.125380,1.121530,1.123360
2016/09/13 13:00:00,1.123600,1.126180,1.120510,1.122290,1.123360,1.125950,1.120270,1.121710
2016/09/13 21:00:00,1.122290,1.122820,1.121190,1.122710,1.121710,1.122570,1.121130,1.122450
2016/09/14 05:00:00,1.122710,1.124280,1.121570,1.122190,1.122450,1.124020,1.121330,1.121950
2016/09/14 13:00:00,1.122190,1.127550,1.121740,1.125330,1.121950,1.127300,1.121500,1.124620
2016/09/14 21:00:00,1.125330,1.125380,1.124060,1.124410,1.124620,1.124940,1.123780,1.124180
2016/09/15 05:00:00,1.124410,1.128660,1.122040,1.124800,1.124180,1.128310,1.121790,1.124560
2016/09/15 13:00:00,1.124800,1.126020,1.122690,1.124490,1.124560,1.125780,1.122440,1.124120
2016/09/15 21:00:00,1.124490,1.125150,1.123700,1.124040,1.124120,1.124890,1.123460,1.123780
2016/09/16 05:00:00,1.124040,1.124450,1.118310,1.118610,1.123780,1.124190,1.118050,1.118350
2016/09/16 13:00:00,1.118610,1.118900,1.115040,1.116120,1.118350,1.118660,1.114840,1.114880
2016/09/18 13:00:00,1.116120,1.117080,1.115100,1.115460,1.114880,1.115910,1.114520,1.115090
2016/09/18 21:00:00,1.115460,1.117410,1.115410,1.116860,1.115090,1.117160,1.115070,1.116620
2016/09/19 05:00:00,1.116860,1.117470,1.115220,1.117170,1.116620,1.117220,1.114930,1.116920
2016/09/19 13:00:00,1.117170,1.119910,1.116750,1.117910,1.116920,1.119690,1.116500,1.117190
2016/09/19 21:00:00,1.117910,1.118150,1.117010,1.117510,1.117190,1.117900,1.116750,1.117260
2016/09/20 05:00:00,1.117510,1.121490,1.117150,1.117920,1.117260,1.121230,1.116890,1.117660
2016/09/20 13:00:00,1.117920,1.118650,1.115090,1.115230,1.117660,1.118420,1.114860,1.114920
2016/09/20 21:00:00,1.115230,1.115800,1.112610,1.113170,1.114920,1.115550,1.112330,1.112940
2016/09/21 05:00:00,1.113170,1.116010,1.112420,1.114970,1.112940,1.115770,1.112180,1.114730
2016/09/21 13:00:00,1.114970,1.119810,1.113490,1.119360,1.114730,1.119530,1.113230,1.118400
2016/09/21 21:00:00,1.119360,1.120290,1.118610,1.120210,1.118400,1.120060,1.118370,1.119970
2016/09/22 05:00:00,1.120210,1.125110,1.119990,1.124770,1.119970,1.124900,1.119740,1.124540
2016/09/22 13:00:00,1.124770,1.125860,1.120060,1.120910,1.124540,1.125610,1.119810,1.120640
2016/09/22 21:00:00,1.120910,1.121340,1.119510,1.119880,1.120640,1.121090,1.119270,1.119630
2016/09/23 05:00:00,1.119880,1.123010,1.119670,1.121890,1.119630,1.122770,1.119430,1.121640
2016/09/23 13:00:00,1.121890,1.124190,1.120270,1.123050,1.121640,1.123930,1.120020,1.122130
2016/09/25 13:00:00,1.123050,1.123470,1.122760,1.123390,1.122130,1.122930,1.122040,1.122570
2016/09/25 21:00:00,1.123390,1.124290,1.122620,1.122960,1.122570,1.124050,1.122130,1.122710
2016/09/26 05:00:00,1.122960,1.127110,1.122250,1.126470,1.122710,1.126890,1.121990,1.126220
2016/09/26 13:00:00,1.126470,1.128030,1.124930,1.125600,1.126220,1.127820,1.124690,1.125180
2016/09/26 21:00:00,1.125600,1.125680,1.123980,1.124580,1.125180,1.125260,1.123730,1.124320
2016/09/27 05:00:00,1.124580,1.126020,1.119950,1.120730,1.124320,1.125770,1.119710,1.120480
2016/09/27 13:00:00,1.120730,1.122730,1.119210,1.122000,1.120480,1.122490,1.118990,1.120760
2016/09/27 21:00:00,1.122000,1.122120,1.120390,1.121390,1.120760,1.121840,1.120140,1.121140
2016/09/28 05:00:00,1.121390,1.123820,1.118320,1.122840,1.121140,1.123580,1.118060,1.122590
2016/09/28 13:00:00,1.122840,1.123120,1.118820,1.121870,1.122590,1.122880,1.118610,1.121590
2016/09/28 21:00:00,1.121870,1.123730,1.121470,1.123040,1.121590,1.123460,1.121260,1.122780
2016/09/29 05:00:00,1.123040,1.123260,1.120360,1.120410,1.122780,1.123000,1.120110,1.120160
2016/09/29 13:00:00,1.120410,1.125110,1.119810,1.122540,1.120160,1.124870,1.119570,1.122020
2016/09/29 21:00:00,1.122540,1.122640,1.120590,1.122050,1.122020,1.122290,1.120330,1.121800
2016/09/30 05:00:00,1.122050,1.122850,1.115460,1.117750,1.121800,1.122590,1.115220,1.117500
2016/09/30 13:00:00,1.117750,1.125230,1.117090,1.124520,1.117500,1.124960,1.116840,1.123280
2016/10/02 13:00:00,1.124520,1.124520,1.122560,1.123470,1.123280,1.123650,1.122180,1.122680
2016/10/02 21:00:00,1.123470,1.124700,1.122780,1.123540,1.122680,1.124360,1.122390,1.123320
2016/10/03 05:00:00,1.123540,1.124300,1.122160,1.123400,1.123320,1.124050,1.121960,1.123180
2016/10/03 13:00:00,1.123400,1.123610,1.120650,1.121450,1.123180,1.123380,1.120410,1.120780
2016/10/03 21:00:00,1.121450,1.121760,1.119730,1.119920,1.120780,1.121510,1.119470,1.119660
2016/10/04 05:00:00,1.119920,1.120060,1.115160,1.116660,1.119660,1.119810,1.114920,1.116420
2016/10/04 13:00:00,1.116660,1.124020,1.113900,1.120850,1.116420,1.123760,1.113680,1.120030
2016/10/04 21:00:00,1.120850,1.122970,1.120130,1.121870,1.120030,1.122750,1.119860,1.121630
2016/10/05 05:00:00,1.121870,1.123450,1.120420,1.121110,1.121630,1.123210,1.120180,1.120870
2016/10/05 13:00:00,1.121110,1.122160,1.119090,1.120790,1.120870,1.121900,1.118850,1.120260
2016/10/05 21:00:00,1.120790,1.121390,1.119860,1.119880,1.120260,1.121130,1.119610,1.119640
2016/10/06 05:00:00,1.119880,1.121070,1.117730,1.118110,1.119640,1.120830,1.117490,1.117860
2016/10/06 13:00:00,1.118110,1.118790,1.114110,1.115380,1.117860,1.118530,1.113870,1.114570
2016/10/06 21:00:00,1.115380,1.115530,1.111130,1.111860,1.114570,1.115110,1.110890,1.111620
2016/10/07 05:00:00,1.111860,1.118080,1.110570,1.117250,1.111620,1.117810,1.110310,1.116990
2016/10/07 13:00:00,1.117250,1.120620,1.114810,1.120540,1.116990,1.120420,1.114560,1.119530
2016/10/09 13:00:00,1.120540,1.120540,1.117470,1.118090,1.119530,1.119530,1.117080,1.117810
2016/10/09 21:00:00,1.118090,1.120620,1.118090,1.119260,1.117810,1.120180,1.117630,1.119010
2016/10/10 05:00:00,1.119260,1.119380,1.115150,1.115320,1.119010,1.119130,1.114910,1.115080
2016/10/10 13:00:00,1.115320,1.116580,1.113260,1.114160,1.115080,1.116340,1.113010,1.113620
2016/10/10 21:00:00,1.114160,1.114370,1.112090,1.113510,1.113620,1.114130,1.111860,1.113260
2016/10/11 05:00:00,1.113510,1.113610,1.107290,1.108990,1.113260,1.113390,1.107050,1.108750
2016/10/11 13:00:00,1.108990,1.109990,1.105010,1.105560,1.108750,1.109760,1.104770,1.105200
2016/10/11 21:00:00,1.105560,1.106910,1.104260,1.104990,1.105200,1.106650,1.104010,1.104720
2016/10/12 05:00:00,1.104990,1.106220,1.101100,1.102290,1.104720,1.105990,1.100860,1.102030
2016/10/12 13:00:00,1.102290,1.104870,1.100580,1.101050,1.102030,1.104630,1.100330,1.100430
2016/10/12 21:00:00,1.101050,1.103900,1.100300,1.101590,1.100430,1.103640,1.100040,1.101330
2016/10/13 05:00:00,1.101590,1.104150,1.098660,1.103210,1.101330,1.103910,1.098420,1.102970
2016/10/13 13:00:00,1.103210,1.105910,1.102180,1.105800,1.102970,1.105650,1.101910,1.105480
2016/10/13 21:00:00,1.105800,1.106110,1.102560,1.102980,1.105480,1.105700,1.102290,1.102740
2016/10/14 05:00:00,1.102980,1.103010,1.099680,1.101140,1.102740,1.102780,1.099430,1.100870
2016/10/14 13:00:00,1.101140,1.102910,1.097190,1.097400,1.100870,1.102640,1.096940,1.096980
2016/10/16 13:00:00,1.097400,1.097820,1.097100,1.097110,1.096980,1.096980,1.096400,1.096740
2016/10/16 21:00:00,1.097110,1.098750,1.096530,1.098710,1.096740,1.098490,1.096270,1.098460
2016/10/17 05:00:00,1.098710,1.100610,1.097300,1.100580,1.098460,1.100370,1.097050,1.100340
2016/10/17 13:00:00,1.100580,1.100920,1.099060,1.100180,1.100340,1.100670,1.098800,1.099720
2016/10/17 21:00:00,1.100180,1.102770,1.099760,1.101750,1.099720,1.102510,1.099420,1.101500
2016/10/18 05:00:00,1.101750,1.102550,1.098250,1.098260,1.101500,1.102310,1.098000,1.098000
2016/10/18 13:00:00,1.098260,1.099910,1.097140,1.098290,1.098000,1.099650,1.096890,1.097810
2016/10/18 21:00:00,1.098290,1.100120,1.097480,1.098130,1.097810,1.099840,1.097240,1.097890
2016/10/19 05:00:00,1.098130,1.100620,1.096260,1.096910,1.097890,1.100380,1.095990,1.096670
2016/10/19 13:00:00,1.096910,1.097600,1.095610,1.097560,1.096670,1.097330,1.095380,1.097190
2016/10/19 21:00:00,1.097560,1.098200,1.096290,1.096400,1.097190,1.097910,1.096050,1.096150
2016/10/20 05:00:00,1.096400,1.104100,1.095360,1.097890,1.096150,1.103810,1.095090,1.097620
2016/10/20 13:00:00,1.097890,1.098410,1.091720,1.093110,1.097620,1.098140,1.091470,1.092790
2016/10/20 21:00:00,1.093110,1.093270,1.089730,1.090420,1.092790,1.092860,1.089490,1.090180
2016/10/21 05:00:00,1.090420,1.091350,1.087300,1.087370,1.090180,1.091090,1.087030,1.087140
2016/10/21 13:00:00,1.087370,1.089050,1.086070,1.088840,1.087140,1.088750,1.085810,1.088180
2016/10/23 13:00:00,1.088840,1.089040,1.088020,1.088530,1.088180,1.088690,1.087070,1.088070
2016/10/23 21:00:00,1.088530,1.088610,1.086100,1.086790,1.088070,1.088330,1.085830,1.086540
2016/10/24 05:00:00,1.086790,1.090090,1.086590,1.089170,1.086540,1.089850,1.086340,1.088930
2016/10/24 13:00:00,1.089170,1.089770,1.087110,1.088430,1.088930,1.089520,1.086860,1.087930
2016/10/24 21:00:00,1.088430,1.088430,1.086940,1.088090,1.087930,1.088070,1.086680,1.087830
2016/10/25 05:00:00,1.088090,1.089480,1.085600,1.085950,1.087830,1.089230,1.085340,1.085700
2016/10/25 13:00:00,1.085950,1.090630,1.085230,1.089240,1.085700,1.090370,1.084980,1.088610
2016/10/25 21:00:00,1.089240,1.089380,1.087580,1.088850,1.088610,1.089110,1.087330,1.088610
2016/10/26 05:00:00,1.088850,1.093440,1.088570,1.091870,1.088610,1.093190,1.088320,1.091610
2016/10/26 13:00:00,1.091870,1.094810,1.090150,1.091130,1.091610,1.094560,1.089900,1.090670
2016/10/26 21:00:00,1.091130,1.091330,1.089330,1.089970,1.090670,1.091060,1.089090,1.089720
2016/10/27 05:00:00,1.089970,1.093160,1.089890,1.092120,1.089720,1.092920,1.089640,1.091870
2016/10/27 13:00:00,1.092120,1.094360,1.088390,1.090090,1.091870,1.094100,1.088120,1.089220
2016/10/27 21:00:00,1.090090,1.091260,1.089450,1.090560,1.089220,1.091010,1.089170,1.090310
2016/10/28 05:00:00,1.090560,1.093690,1.090080,1.092800,1.090310,1.093430,1.089830,1.092540
2016/10/28 13:00:00,1.092800,1.099510,1.091390,1.099180,1.092540,1.099060,1.091140,1.098030
2016/10/30 13:00:00,1.099180,1.099700,1.098610,1.099400,1.098030,1.099110,1.097740,1.098950
2016/10/30 21:00:00,1.099400,1.099400,1.096210,1.097000,1.098950,1.098970,1.095980,1.096740
2016/10/31 05:00:00,1.097000,1.097320,1.094520,1.094570,1.096740,1.097070,1.094270,1.094320
2016/10/31 13:00:00,1.094570,1.098420,1.093710,1.098270,1.094320,1.098160,1.093480,1.097870
2016/10/31 21:00:00,1.098270,1.098300,1.096140,1.096470,1.097870,1.098000,1.095880,1.096210
2016/11/01 05:00:00,1.096470,1.103550,1.096410,1.102270,1.096210,1.103290,1.096150,1.102030
2016/11/01 13:00:00,1.102270,1.107050,1.102250,1.105690,1.102030,1.106800,1.102000,1.105390
2016/11/01 21:00:00,1.105690,1.107180,1.105100,1.107080,1.105390,1.106930,1.104850,1.106830
2016/11/02 05:00:00,1.107080,1.110310,1.106320,1.108640,1.106830,1.110060,1.106090,1.108380
2016/11/02 13:00:00,1.108640,1.112440,1.108330,1.109880,1.108380,1.112200,1.108090,1.109590
2016/11/02 21:00:00,1.109880,1.112720,1.109280,1.111650,1.109590,1.112470,1.109040,1.111390
2016/11/03 05:00:00,1.111650,1.112720,1.106150,1.106610,1.111390,1.112470,1.105900,1.106380
2016/11/03 13:00:00,1.106610,1.112200,1.106100,1.110780,1.106380,1.111950,1.105850,1.110280
2016/11/03 21:00:00,1.110780,1.111170,1.108920,1.109600,1.110280,1.110890,1.108670,1.109350
2016/11/04 05:00:00,1.109600,1.111630,1.108120,1.109630,1.109350,1.111380,1.107870,1.109380
2016/11/04 13:00:00,1.109630,1.114390,1.108870,1.114360,1.109380,1.114090,1.108630,1.113760
2016/11/06 14:00:00,1.114360,1.114360,1.104670,1.106570,1.113760,1.113760,1.103990,1.105580
2016/11/06 22:00:00,1.106570,1.111170,1.106500,1.107500,1.105580,1.110920,1.105310,1.107250
2016/11/07 06:00:00,1.107500,1.107560,1.104960,1.105890,1.107250,1.107300,1.104730,1.105660
2016/11/07 14:00:00,1.105890,1.106190,1.102870,1.104180,1.105660,1.105950,1.102620,1.103860
2016/11/07 22:00:00,1.104180,1.105120,1.103130,1.104380,1.103860,1.104870,1.102870,1.104130
2016/11/08 06:00:00,1.104380,1.106840,1.103690,1.104850,1.104130,1.106590,1.103450,1.104640
2016/11/08 14:00:00,1.104850,1.105550,1.101010,1.102900,1.104640,1.105310,1.100760,1.102280
2016/11/08 22:00:00,1.102900,1.130120,1.099100,1.127610,1.102280,1.129830,1.098840,1.127320
2016/11/09 06:00:00,1.127610,1.127810,1.099930,1.101070,1.127320,1.127540,1.099680,1.100820
2016/11/09 14:00:00,1.101070,1.101410,1.090840,1.091270,1.100820,1.101160,1.090550,1.090770
2016/11/09 22:00:00,1.091270,1.095510,1.091180,1.094340,1.090770,1.095240,1.090610,1.094100
2016/11/10 06:00:00,1.094340,1.094900,1.087080,1.089950,1.094100,1.094660,1.086840,1.089710
2016/11/10 14:00:00,1.089950,1.090760,1.086620,1.089670,1.089710,1.090510,1.086380,1.088860
2016/11/10 22:00:00,1.089670,1.092470,1.087690,1.091350,1.088860,1.092210,1.087420,1.091090
2016/11/11 06:00:00,1.091350,1.092090,1.085550,1.090340,1.091090,1.091830,1.085290,1.090100
2016/11/11 14:00:00,1.090340,1.091170,1.083170,1.086330,1.090100,1.090920,1.082920,1.085270
2016/11/13 14:00:00,1.086330,1.086330,1.082840,1.083590,1.085270,1.085270,1.082510,1.082910
2016/11/13 22:00:00,1.083590,1.084320,1.077420,1.079340,1.082910,1.083910,1.077160,1.079090
2016/11/14 06:00:00,1.079340,1.080770,1.072950,1.076940,1.079090,1.080500,1.072690,1.076680
2016/11/14 14:00:00,1.076940,1.077170,1.071050,1.073910,1.076680,1.076910,1.070790,1.073530
2016/11/14 22:00:00,1.073910,1.077260,1.073710,1.074990,1.073530,1.077000,1.073390,1.074750
2016/11/15 06:00:00,1.074990,1.081810,1.072920,1.073600,1.074750,1.081560,1.072690,1.073370
2016/11/15 14:00:00,1.073600,1.075290,1.071530,1.072560,1.073370,1.075040,1.071290,1.071760
2016/11/15 22:00:00,1.072560,1.076090,1.071980,1.074800,1.071760,1.075840,1.071650,1.074540
2016/11/16 06:00:00,1.074800,1.075790,1.068890,1.071360,1.074540,1.075540,1.068640,1.071090
2016/11/16 14:00:00,1.071360,1.071980,1.066730,1.069320,1.071090,1.071750,1.066500,1.068910
2016/11/16 22:00:00,1.069320,1.071600,1.069060,1.070090,1.068910,1.071360,1.068750,1.069830
2016/11/17 06:00:00,1.070090,1.074690,1.068250,1.068970,1.069830,1.074450,1.067990,1.068710
2016/11/17 14:00:00,1.068970,1.071640,1.062120,1.062790,1.068710,1.071390,1.061870,1.062370
2016/11/17 22:00:00,1.062790,1.063080,1.058320,1.058640,1.062370,1.062810,1.058050,1.058390
2016/11/18 06:00:00,1.058640,1.064420,1.058510,1.061210,1.058390,1.064180,1.058260,1.060960
2016/11/18 14:00:00,1.061210,1.062650,1.057060,1.059220,1.060960,1.062400,1.056800,1.058270
2016/11/20 14:00:00,1.059220,1.060910,1.059220,1.059600,1.058270,1.060370,1.058270,1.059100
2016/11/20 22:00:00,1.059600,1.061510,1.058040,1.060230,1.059100,1.061240,1.057730,1.059970
2016/11/21 06:00:00,1.060230,1.065040,1.059870,1.064040,1.059970,1.064800,1.059620,1.063810
2016/11/21 14:00:00,1.064040,1.064190,1.059120,1.063480,1.063810,1.063940,1.058870,1.062530
2016/11/21 22:00:00,1.063480,1.065100,1.062550,1.063160,1.062530,1.064840,1.062240,1.062900
2016/11/22 06:00:00,1.063160,1.065920,1.060520,1.061260,1.062900,1.065670,1.060280,1.061010
2016/11/22 14:00:00,1.061260,1.064020,1.058480,1.063100,1.061010,1.063770,1.058230,1.062530
2016/11/22 22:00:00,1.063100,1.063590,1.062100,1.063090,1.062530,1.063330,1.061850,1.062850
2016/11/23 06:00:00,1.063090,1.064500,1.055770,1.055860,1.062850,1.064250,1.055520,1.055630
2016/11/23 14:00:00,1.055860,1.056750,1.052750,1.055830,1.055630,1.056500,1.052490,1.055070
2016/11/23 22:00:00,1.055830,1.055920,1.052640,1.054850,1.055070,1.055480,1.052390,1.054590
2016/11/24 06:00:00,1.054850,1.058680,1.051940,1.056390,1.054590,1.058420,1.051690,1.056150
2016/11/24 14:00:00,1.056390,1.058110,1.054880,1.056000,1.056150,1.057860,1.054580,1.054680
2016/11/24 22:00:00,1.056000,1.057920,1.053990,1.057070,1.054680,1.057660,1.053720,1.056800
2016/11/25 06:00:00,1.057070,1.061630,1.056920,1.060510,1.056800,1.061380,1.056670,1.060260
2016/11/25 14:00:00,1.060510,1.062870,1.058370,1.060010,1.060260,1.062620,1.058150,1.058960
2016/11/27 14:00:00,1.060010,1.063170,1.060010,1.061400,1.058960,1.062550,1.058960,1.060950
2016/11/27 22:00:00,1.061400,1.068740,1.059590,1.065550,1.060950,1.068440,1.059260,1.065280
2016/11/28 06:00:00,1.065550,1.067080,1.056650,1.056960,1.065280,1.066840,1.056400,1.056700
2016/11/28 14:00:00,1.056960,1.061890,1.056500,1.061690,1.056700,1.061640,1.056240,1.061170
2016/11/28 22:00:00,1.061690,1.062350,1.058990,1.060410,1.061170,1.062080,1.058730,1.060150
2016/11/29 06:00:00,1.060410,1.061550,1.056620,1.057720,1.060150,1.061290,1.056380,1.057470
2016/11/29 14:00:00,1.057720,1.065580,1.057300,1.065130,1.057470,1.065330,1.057050,1.064760
2016/11/29 22:00:00,1.065130,1.066190,1.062890,1.063310,1.064760,1.065950,1.062630,1.063060
2016/11/30 06:00:00,1.063310,1.066790,1.061460,1.063100,1.063060,1.066540,1.061070,1.062840
2016/11/30 14:00:00,1.063100,1.063500,1.055390,1.059070,1.062840,1.063250,1.055120,1.058570
2016/11/30 22:00:00,1.059070,1.061860,1.058700,1.061560,1.058570,1.061600,1.058440,1.061290
2016/12/01 06:00:00,1.061560,1.064240,1.060400,1.062950,1.061290,1.063880,1.060190,1.062690
2016/12/01 14:00:00,1.062950,1.067000,1.058570,1.066340,1.062690,1.066780,1.058320,1.065840
2016/12/01 22:00:00,1.066340,1.069150,1.065870,1.068480,1.065840,1.068880,1.065410,1.068230
2016/12/02 06:00:00,1.068480,1.068970,1.062660,1.063600,1.068230,1.068700,1.062400,1.063340
2016/12/02 14:00:00,1.063600,1.068230,1.063450,1.067020,1.063340,1.067970,1.063170,1.065740
2016/12/04 14:00:00,1.067020,1.067020,1.063090,1.066950,1.065740,1.066450,1.061970,1.066450
2016/12/04 22:00:00,1.066950,1.066950,1.050790,1.056770,1.066450,1.066450,1.050360,1.056510
2016/12/05 06:00:00,1.056770,1.073120,1.055590,1.068830,1.056510,1.072870,1.055330,1.068580
2016/12/05 14:00:00,1.068830,1.079770,1.068820,1.076580,1.068580,1.079510,1.068570,1.076210
2016/12/05 22:00:00,1.076580,1.077130,1.075170,1.075640,1.076210,1.076880,1.074910,1.075380
2016/12/06 06:00:00,1.075640,1.078670,1.072830,1.073420,1.075380,1.078410,1.072580,1.073180
2016/12/06 14:00:00,1.073420,1.075080,1.069980,1.072020,1.073180,1.074850,1.069710,1.071520
2016/12/06 22:00:00,1.072020,1.072830,1.071380,1.071980,1.071520,1.072570,1.071120,1.071730
2016/12/07 06:00:00,1.071980,1.073890,1.071110,1.073700,1.071730,1.073630,1.070870,1.073450
2016/12/07 14:00:00,1.073700,1.076960,1.073180,1.075440,1.073450,1.076710,1.072990,1.075090
2016/12/07 22:00:00,1.075440,1.078630,1.075040,1.077440,1.075090,1.078400,1.074770,1.077180
2016/12/08 06:00:00,1.077440,1.087580,1.064070,1.066900,1.077180,1.087230,1.063820,1.066660
2016/12/08 14:00:00,1.066900,1.068060,1.059860,1.061790,1.066660,1.067810,1.059600,1.061110
2016/12/08 22:00:00,1.061790,1.062300,1.059050,1.061830,1.061110,1.062040,1.058810,1.061540
2016/12/09 06:00:00,1.061830,1.063100,1.055180,1.057650,1.061540,1.062850,1.054940,1.057390
2016/12/09 14:00:00,1.057650,1.058070,1.053210,1.056420,1.057390,1.057830,1.052960,1.055290
2016/12/11 14:00:00,1.056420,1.056420,1.053050,1.053590,1.055290,1.055290,1.052800,1.052910
2016/12/11 22:00:00,1.053590,1.056980,1.052670,1.056050,1.052910,1.056720,1.052420,1.055800
2016/12/12 06:00:00,1.056050,1.062260,1.055480,1.060950,1.055800,1.062020,1.055220,1.060710
2016/12/12 14:00:00,1.060950,1.065300,1.059210,1.063590,1.060710,1.065050,1.058980,1.063290
2016/12/12 22:00:00,1.063590,1.065160,1.063000,1.063490,1.063290,1.064910,1.062750,1.063230
2016/12/13 06:00:00,1.063490,1.065120,1.060510,1.062830,1.063230,1.064860,1.060260,1.062600
2016/12/13 14:00:00,1.062830,1.066850,1.061460,1.062760,1.062600,1.066570,1.061200,1.062240
2016/12/13 22:00:00,1.062760,1.064660,1.062330,1.064540,1.062240,1.064420,1.061930,1.064280
2016/12/14 06:00:00,1.064540,1.066630,1.061340,1.064130,1.064280,1.066400,1.061090,1.063880
2016/12/14 14:00:00,1.064130,1.067140,1.049740,1.053820,1.063880,1.066900,1.049500,1.053220
2016/12/14 22:00:00,1.053820,1.054090,1.046940,1.050800,1.053220,1.053840,1.046680,1.050540
2016/12/15 06:00:00,1.050800,1.051530,1.039670,1.043820,1.050540,1.051270,1.039410,1.043560
2016/12/15 14:00:00,1.043820,1.044960,1.036780,1.041620,1.043560,1.044710,1.036530,1.041120
2016/12/15 22:00:00,1.041620,1.043990,1.040700,1.043460,1.041120,1.043730,1.040430,1.043220
2016/12/16 06:00:00,1.043460,1.047360,1.042890,1.044690,1.043220,1.047090,1.042630,1.044430
2016/12/16 14:00:00,1.044690,1.047570,1.040200,1.045940,1.044430,1.047300,1.039950,1.045040
2016/12/18 14:00:00,1.045940,1.045940,1.043130,1.044530,1.045040,1.045040,1.042650,1.043720
2016/12/18 22:00:00,1.044530,1.047050,1.044000,1.046730,1.043720,1.046790,1.043520,1.046460
2016/12/19 06:00:00,1.046730,1.048090,1.041270,1.043030,1.046460,1.047830,1.041020,1.042770
2016/12/19 14:00:00,1.043030,1.045350,1.039390,1.040500,1.042770,1.045110,1.039120,1.040100
2016/12/19 22:00:00,1.040500,1.041950,1.039390,1.039830,1.040100,1.041680,1.039100,1.039560
2016/12/20 06:00:00,1.039830,1.039940,1.035350,1.037080,1.039560,1.039680,1.035110,1.036830
2016/12/20 14:00:00,1.037080,1.040910,1.036150,1.039200,1.036830,1.040650,1.035900,1.038480
2016/12/20 22:00:00,1.039200,1.042060,1.038380,1.040560,1.038480,1.041800,1.038120,1.040300
2016/12/21 06:00:00,1.040560,1.044340,1.038970,1.044270,1.040300,1.044090,1.038710,1.044000
2016/12/21 14:00:00,1.044270,1.045250,1.042070,1.042610,1.044000,1.045000,1.041840,1.042220
2016/12/21 22:00:00,1.042610,1.044940,1.042500,1.043870,1.042220,1.044670,1.042200,1.043620
2016/12/22 06:00:00,1.043870,1.047170,1.043060,1.044020,1.043620,1.046930,1.042810,1.043770
2016/12/22 14:00:00,1.044020,1.050100,1.043330,1.043940,1.043770,1.049850,1.043070,1.043380
2016/12/22 22:00:00,1.043940,1.045160,1.043470,1.045100,1.043380,1.044900,1.043120,1.044840
2016/12/23 06:00:00,1.045100,1.046470,1.043320,1.043560,1.044840,1.046210,1.043060,1.043310
2016/12/23 14:00:00,1.043560,1.047060,1.042790,1.046120,1.043310,1.046760,1.042540,1.044780
2016/12/26 22:00:00,1.046120,1.046120,1.043380,1.044690,1.044780,1.045400,1.043100,1.044440
2016/12/27 06:00:00,1.044690,1.045710,1.044040,1.044450,1.044440,1.045460,1.043780,1.044220
2016/12/27 14:00:00,1.044450,1.046480,1.044330,1.046040,1.044220,1.046210,1.044090,1.045600
2016/12/27 22:00:00,1.046040,1.048130,1.045580,1.047970,1.045600,1.047880,1.045280,1.047700
2016/12/28 06:00:00,1.047970,1.048100,1.038790,1.039480,1.047700,1.047830,1.038550,1.039220
2016/12/28 14:00:00,1.039480,1.042000,1.037350,1.041930,1.039220,1.041750,1.037100,1.040770
2016/12/28 22:00:00,1.041930,1.046610,1.041010,1.046180,1.040770,1.046370,1.040690,1.045920
2016/12/29 06:00:00,1.046180,1.048140,1.044370,1.046640,1.045920,1.047880,1.044110,1.046390
2016/12/29 14:00:00,1.046640,1.049540,1.044840,1.049270,1.046390,1.049290,1.044580,1.048720
2016/12/29 22:00:00,1.049270,1.066180,1.048630,1.053770,1.048720,1.065310,1.048220,1.053510
2016/12/30 06:00:00,1.053770,1.059290,1.050720,1.054500,1.053510,1.059000,1.050460,1.054240
2016/12/30 14:00:00,1.054500,1.057890,1.051450,1.053060,1.054240,1.057630,1.051110,1.051630
