StartDate,AskOpen,AskHigh,AskLow,AskClose,BidOpen,BidHigh,BidLow,BidClose
2016/12/01 00:00:00,1.059190,1.060280,1.058980,1.060130,1.058940,1.060020,1.058690,1.059880
2016/12/01 00:30:00,1.060130,1.060130,1.059100,1.059550,1.059880,1.059880,1.058840,1.059280
2016/12/01 01:00:00,1.059550,1.060570,1.059170,1.059430,1.059280,1.060310,1.058900,1.059150
2016/12/01 01:30:00,1.059430,1.059910,1.059040,1.059700,1.059150,1.059650,1.058780,1.059450
2016/12/01 02:00:00,1.059700,1.059850,1.059120,1.059480,1.059450,1.059620,1.058880,1.059230
2016/12/01 02:30:00,1.059480,1.060230,1.059430,1.060230,1.059230,1.059990,1.059170,1.059980
2016/12/01 03:00:00,1.060230,1.060580,1.059690,1.060510,1.059980,1.060330,1.059440,1.060250
2016/12/01 03:30:00,1.060510,1.060530,1.059880,1.060080,1.060250,1.060270,1.059620,1.059830
2016/12/01 04:00:00,1.060080,1.060390,1.059960,1.060120,1.059830,1.060140,1.059700,1.059870
2016/12/01 04:30:00,1.060120,1.060410,1.059700,1.060370,1.059870,1.060150,1.059440,1.060120
2016/12/01 05:00:00,1.060370,1.061540,1.060290,1.060990,1.060120,1.061280,1.060050,1.060760
2016/12/01 05:30:00,1.060990,1.061860,1.060850,1.061560,1.060760,1.061600,1.060600,1.061290
2016/12/01 06:00:00,1.061560,1.063110,1.061260,1.062820,1.061290,1.062850,1.061000,1.062560
2016/12/01 06:30:00,1.062820,1.062970,1.061980,1.062550,1.062560,1.062710,1.061720,1.062300
2016/12/01 07:00:00,1.062550,1.062710,1.061630,1.061900,1.062300,1.062450,1.061380,1.061660
2016/12/01 07:30:00,1.061900,1.062540,1.061270,1.061610,1.061660,1.062310,1.061050,1.061360
2016/12/01 08:00:00,1.061610,1.062300,1.060540,1.060710,1.061360,1.062050,1.060300,1.060460
2016/12/01 08:30:00,1.060710,1.061850,1.060400,1.061090,1.060460,1.061590,1.060190,1.060820
2016/12/01 09:00:00,1.061090,1.062120,1.060710,1.061730,1.060820,1.061870,1.060450,1.061490
2016/12/01 09:30:00,1.061730,1.064240,1.061340,1.063160,1.061490,1.063880,1.061100,1.062820
2016/12/01 10:00:00,1.063160,1.063750,1.062270,1.063020,1.062820,1.063490,1.062020,1.062770
2016/12/01 10:30:00,1.063020,1.063050,1.061650,1.061670,1.062770,1.062800,1.061400,1.061410
2016/12/01 11:00:00,1.061670,1.063410,1.061660,1.063030,1.061410,1.063170,1.061410,1.062790
2016/12/01 11:30:00,1.063030,1.063080,1.062360,1.062420,1.062790,1.062840,1.062110,1.062170
2016/12/01 12:00:00,1.062420,1.063240,1.062310,1.063040,1.062170,1.062990,1.062060,1.062780
2016/12/01 12:30:00,1.063040,1.063620,1.061550,1.061650,1.062780,1.063390,1.061310,1.061400
2016/12/01 13:00:00,1.061650,1.062940,1.061600,1.061800,1.061400,1.062690,1.061360,1.061430
2016/12/01 13:30:00,1.061800,1.063520,1.061630,1.062950,1.061430,1.063280,1.061340,1.062690
2016/12/01 14:00:00,1.062950,1.063000,1.060340,1.060480,1.062690,1.062760,1.060100,1.060240
2016/12/01 14:30:00,1.060480,1.061050,1.059270,1.059960,1.060240,1.060810,1.059020,1.059550
2016/12/01 15:00:00,1.059960,1.061020,1.058570,1.059790,1.059550,1.060770,1.058320,1.059570
2016/12/01 15:30:00,1.059790,1.061600,1.058670,1.061380,1.059570,1.061350,1.058410,1.061110
2016/12/01 16:00:00,1.061380,1.063320,1.060650,1.062980,1.061110,1.063060,1.060410,1.062740
2016/12/01 16:30:00,1.062980,1.063620,1.062320,1.063590,1.062740,1.063370,1.062080,1.063330
2016/12/01 17:00:00,1.063590,1.063750,1.062150,1.062260,1.063330,1.063510,1.061900,1.062010
2016/12/01 17:30:00,1.062260,1.062870,1.062220,1.062670,1.062010,1.062610,1.061970,1.062420
2016/12/01 18:00:00,1.062670,1.063710,1.062610,1.063060,1.062420,1.063470,1.062350,1.062810
2016/12/01 18:30:00,1.063060,1.064870,1.062880,1.064670,1.062810,1.064630,1.062640,1.064430
2016/12/01 19:00:00,1.064670,1.066100,1.064270,1.066050,1.064430,1.065860,1.064010,1.065800
2016/12/01 19:30:00,1.066050,1.066090,1.064660,1.064750,1.065800,1.065840,1.064420,1.064510
2016/12/01 20:00:00,1.064750,1.065020,1.064550,1.064740,1.064510,1.064790,1.064300,1.064480
2016/12/01 20:30:00,1.064740,1.066470,1.064730,1.066160,1.064480,1.066210,1.064480,1.065890
2016/12/01 21:00:00,1.066160,1.067000,1.065720,1.066070,1.065890,1.066780,1.065460,1.065830
2016/12/01 21:30:00,1.066070,1.066410,1.065940,1.066340,1.065830,1.066060,1.065700,1.065840
2016/12/01 22:00:00,1.066340,1.066680,1.066000,1.066530,1.065840,1.066390,1.065410,1.066250
2016/12/01 22:30:00,1.066530,1.066550,1.065880,1.066160,1.066250,1.066260,1.065480,1.065760
2016/12/01 23:00:00,1.066160,1.066310,1.065870,1.065900,1.065760,1.066010,1.065620,1.065650
2016/12/01 23:30:00,1.065900,1.066790,1.065880,1.066360,1.065650,1.066520,1.065620,1.066090
2016/12/02 00:00:00,1.066360,1.067090,1.066210,1.066570,1.066090,1.066830,1.065960,1.066300
2016/12/02 00:30:00,1.066570,1.066910,1.066260,1.066580,1.066300,1.066660,1.066010,1.066330
2016/12/02 01:00:00,1.066580,1.067830,1.066300,1.067020,1.066330,1.067580,1.066050,1.066760
2016/12/02 01:30:00,1.067020,1.067880,1.066980,1.067150,1.066760,1.067620,1.066720,1.066900
2016/12/02 02:00:00,1.067150,1.067460,1.066830,1.066950,1.066900,1.067210,1.066590,1.066690
2016/12/02 02:30:00,1.066950,1.067420,1.066750,1.067300,1.066690,1.067170,1.066490,1.067050
2016/12/02 03:00:00,1.067300,1.067410,1.066800,1.066960,1.067050,1.067160,1.066550,1.066720
2016/12/02 03:30:00,1.066960,1.068450,1.066960,1.068250,1.066720,1.068190,1.066720,1.068000
2016/12/02 04:00:00,1.068250,1.069150,1.068100,1.068570,1.068000,1.068880,1.067850,1.068310
2016/12/02 04:30:00,1.068570,1.068780,1.068020,1.068020,1.068310,1.068530,1.067760,1.067770
2016/12/02 05:00:00,1.068020,1.068860,1.067990,1.068630,1.067770,1.068610,1.067730,1.068400
2016/12/02 05:30:00,1.068630,1.068990,1.068010,1.068480,1.068400,1.068740,1.067750,1.068230
2016/12/02 06:00:00,1.068480,1.068970,1.068170,1.068450,1.068230,1.068700,1.067930,1.068210
2016/12/02 06:30:00,1.068450,1.068790,1.067960,1.068110,1.068210,1.068550,1.067710,1.067850
2016/12/02 07:00:00,1.068110,1.068190,1.067270,1.067400,1.067850,1.067940,1.067030,1.067140
2016/12/02 07:30:00,1.067400,1.067470,1.066700,1.067160,1.067140,1.067230,1.066440,1.066900
2016/12/02 08:00:00,1.067160,1.067890,1.066470,1.066710,1.066900,1.067650,1.066210,1.066460
2016/12/02 08:30:00,1.066710,1.066980,1.065580,1.066460,1.066460,1.066740,1.065320,1.066220
2016/12/02 09:00:00,1.066460,1.066820,1.065820,1.066420,1.066220,1.066570,1.065600,1.066160
2016/12/02 09:30:00,1.066420,1.066420,1.064750,1.064780,1.066160,1.066160,1.064490,1.064520
2016/12/02 10:00:00,1.064780,1.064880,1.063770,1.064370,1.064520,1.064620,1.063520,1.064120
2016/12/02 10:30:00,1.064370,1.065120,1.064110,1.064610,1.064120,1.064890,1.063890,1.064380
2016/12/02 11:00:00,1.064610,1.065110,1.064080,1.064440,1.064380,1.064850,1.063840,1.064180
2016/12/02 11:30:00,1.064440,1.064950,1.064210,1.064840,1.064180,1.064710,1.063960,1.064590
2016/12/02 12:00:00,1.064840,1.065300,1.064580,1.065060,1.064590,1.065060,1.064340,1.064820
2016/12/02 12:30:00,1.065060,1.065160,1.063210,1.063210,1.064820,1.064910,1.062940,1.062950
2016/12/02 13:00:00,1.063210,1.065320,1.063090,1.064700,1.062950,1.065070,1.062820,1.064230
2016/12/02 13:30:00,1.064700,1.067470,1.062660,1.063600,1.064230,1.067080,1.062400,1.063340
2016/12/02 14:00:00,1.063600,1.066180,1.063450,1.065290,1.063340,1.065940,1.063170,1.065050
2016/12/02 14:30:00,1.065290,1.065360,1.064230,1.065150,1.065050,1.065100,1.063970,1.064890
2016/12/02 15:00:00,1.065150,1.067570,1.064570,1.066650,1.064890,1.067310,1.064320,1.066400
2016/12/02 15:30:00,1.066650,1.067020,1.065630,1.066190,1.066400,1.066780,1.065380,1.065950
2016/12/02 16:00:00,1.066190,1.068230,1.066170,1.067350,1.065950,1.067970,1.065950,1.067100
2016/12/02 16:30:00,1.067350,1.067560,1.066610,1.066770,1.067100,1.067330,1.066370,1.066520
2016/12/02 17:00:00,1.066770,1.068050,1.066670,1.067900,1.066520,1.067810,1.066410,1.067630
2016/12/02 17:30:00,1.067900,1.068040,1.067120,1.067590,1.067630,1.067780,1.066850,1.067350
2016/12/02 18:00:00,1.067590,1.068050,1.067220,1.067460,1.067350,1.067790,1.066970,1.067210
2016/12/02 18:30:00,1.067460,1.067510,1.065650,1.065890,1.067210,1.067270,1.065420,1.065660
2016/12/02 19:00:00,1.065890,1.066450,1.065850,1.066090,1.065660,1.066200,1.065600,1.065860
2016/12/02 19:30:00,1.066090,1.066260,1.065700,1.066000,1.065860,1.066010,1.065450,1.065750
2016/12/02 20:00:00,1.066000,1.066800,1.065730,1.066570,1.065750,1.066540,1.065480,1.066340
2016/12/02 20:30:00,1.066570,1.066910,1.066080,1.066470,1.066340,1.066650,1.065830,1.066220
2016/12/02 21:00:00,1.066470,1.067360,1.066340,1.067360,1.066220,1.067090,1.066090,1.067090
2016/12/02 21:30:00,1.067360,1.067710,1.066690,1.067020,1.067090,1.067440,1.065430,1.065740
2016/12/04 19:30:00,1.067020,1.067020,1.065570,1.065570,1.065740,1.065740,1.064410,1.064840
2016/12/04 20:00:00,1.065570,1.066070,1.064880,1.065070,1.064840,1.065500,1.064080,1.064130
2016/12/04 20:30:00,1.065070,1.065380,1.064650,1.064670,1.064130,1.065020,1.064080,1.064380
2016/12/04 21:00:00,1.064670,1.065340,1.064280,1.064680,1.064380,1.064520,1.063580,1.064120
2016/12/04 21:30:00,1.064680,1.066950,1.063090,1.066950,1.064120,1.066450,1.061970,1.066450
2016/12/04 22:00:00,1.066950,1.066950,1.057340,1.058000,1.066450,1.066450,1.056990,1.057550
2016/12/04 22:30:00,1.058000,1.058540,1.053400,1.053580,1.057550,1.058070,1.053070,1.053100
2016/12/04 23:00:00,1.053580,1.059940,1.050790,1.054220,1.053100,1.058790,1.050360,1.053840
2016/12/04 23:30:00,1.054220,1.059030,1.052810,1.056890,1.053840,1.058700,1.052400,1.056620
2016/12/05 00:00:00,1.056890,1.059730,1.055730,1.056620,1.056620,1.059420,1.055440,1.056260
2016/12/05 00:30:00,1.056620,1.057840,1.056040,1.056850,1.056260,1.057560,1.055740,1.056500
2016/12/05 01:00:00,1.056850,1.057670,1.055450,1.057560,1.056500,1.057400,1.055200,1.057290
2016/12/05 01:30:00,1.057560,1.058130,1.056060,1.056190,1.057290,1.057900,1.055820,1.055920
2016/12/05 02:00:00,1.056190,1.056710,1.055460,1.055810,1.055920,1.056430,1.055200,1.055560
2016/12/05 02:30:00,1.055810,1.056380,1.055160,1.055680,1.055560,1.056120,1.054900,1.055460
2016/12/05 03:00:00,1.055680,1.055710,1.053900,1.054540,1.055460,1.055470,1.053620,1.054300
2016/12/05 03:30:00,1.054540,1.055040,1.054340,1.055040,1.054300,1.054780,1.054060,1.054780
2016/12/05 04:00:00,1.055040,1.055080,1.053900,1.054690,1.054780,1.054810,1.053620,1.054430
2016/12/05 04:30:00,1.054690,1.055450,1.054640,1.055330,1.054430,1.055170,1.054390,1.055060
2016/12/05 05:00:00,1.055330,1.056430,1.055250,1.056190,1.055060,1.056160,1.054990,1.055930
2016/12/05 05:30:00,1.056190,1.056800,1.056060,1.056770,1.055930,1.056540,1.055800,1.056510
2016/12/05 06:00:00,1.056770,1.057670,1.055590,1.056010,1.056510,1.057410,1.055330,1.055730
2016/12/05 06:30:00,1.056010,1.057030,1.055970,1.056910,1.055730,1.056770,1.055690,1.056650
2016/12/05 07:00:00,1.056910,1.059440,1.055930,1.059030,1.056650,1.059190,1.055640,1.058740
2016/12/05 07:30:00,1.059030,1.062110,1.058880,1.060490,1.058740,1.061830,1.058610,1.060250
2016/12/05 08:00:00,1.060490,1.066310,1.059690,1.065000,1.060250,1.065970,1.059430,1.064730
2016/12/05 08:30:00,1.065000,1.066370,1.063850,1.063930,1.064730,1.066110,1.063580,1.063660
2016/12/05 09:00:00,1.063930,1.064530,1.063370,1.064400,1.063660,1.064270,1.063110,1.064140
2016/12/05 09:30:00,1.064400,1.065630,1.063460,1.063500,1.064140,1.065360,1.063190,1.063240
2016/12/05 10:00:00,1.063500,1.064190,1.063140,1.063900,1.063240,1.063950,1.062870,1.063650
2016/12/05 10:30:00,1.063900,1.065890,1.063440,1.065560,1.063650,1.065620,1.063200,1.065330
2016/12/05 11:00:00,1.065560,1.071910,1.064850,1.070070,1.065330,1.071590,1.064610,1.069830
2016/12/05 11:30:00,1.070070,1.073120,1.069820,1.069840,1.069830,1.072870,1.069600,1.069600
2016/12/05 12:00:00,1.069840,1.071300,1.069690,1.069890,1.069600,1.071050,1.069430,1.069630
2016/12/05 12:30:00,1.069890,1.069890,1.068400,1.069360,1.069630,1.069630,1.068150,1.069100
2016/12/05 13:00:00,1.069360,1.071030,1.069340,1.069770,1.069100,1.070790,1.069100,1.069540
2016/12/05 13:30:00,1.069770,1.069800,1.068580,1.068830,1.069540,1.069550,1.068330,1.068580
2016/12/05 14:00:00,1.068830,1.072240,1.068820,1.072000,1.068580,1.071980,1.068570,1.071740
2016/12/05 14:30:00,1.072000,1.073650,1.071690,1.073310,1.071740,1.073390,1.071450,1.073010
2016/12/05 15:00:00,1.073310,1.073930,1.072440,1.073400,1.073010,1.073690,1.072090,1.073140
2016/12/05 15:30:00,1.073400,1.074110,1.072460,1.072600,1.073140,1.073880,1.072220,1.072350
2016/12/05 16:00:00,1.072600,1.073200,1.071980,1.072600,1.072350,1.072950,1.071730,1.072350
2016/12/05 16:30:00,1.072600,1.072730,1.071890,1.072390,1.072350,1.072480,1.071640,1.072140
2016/12/05 17:00:00,1.072390,1.073960,1.072360,1.073780,1.072140,1.073700,1.072110,1.073530
2016/12/05 17:30:00,1.073780,1.077140,1.073760,1.076870,1.073530,1.076910,1.073500,1.076600
2016/12/05 18:00:00,1.076870,1.079770,1.076060,1.077990,1.076600,1.079510,1.075810,1.077770
2016/12/05 18:30:00,1.077990,1.078480,1.077370,1.078050,1.077770,1.078260,1.077120,1.077790
2016/12/05 19:00:00,1.078050,1.079030,1.077440,1.077670,1.077790,1.078780,1.077180,1.077420
2016/12/05 19:30:00,1.077670,1.078240,1.076890,1.077020,1.077420,1.078000,1.076640,1.076770
2016/12/05 20:00:00,1.077020,1.077210,1.076330,1.076750,1.076770,1.076970,1.076070,1.076490
2016/12/05 20:30:00,1.076750,1.076810,1.076110,1.076380,1.076490,1.076560,1.075860,1.076120
2016/12/05 21:00:00,1.076380,1.076790,1.076180,1.076240,1.076120,1.076540,1.075930,1.075980
2016/12/05 21:30:00,1.076240,1.076640,1.076240,1.076580,1.075980,1.076420,1.075980,1.076210
2016/12/05 22:00:00,1.076580,1.077080,1.076060,1.076340,1.076210,1.076690,1.075680,1.075970
2016/12/05 22:30:00,1.076340,1.076570,1.075900,1.075980,1.075970,1.076340,1.075600,1.075690
2016/12/05 23:00:00,1.075980,1.076540,1.075670,1.076330,1.075690,1.076290,1.075350,1.076040
2016/12/05 23:30:00,1.076330,1.076330,1.075480,1.075800,1.076040,1.076060,1.075280,1.075530
2016/12/06 00:00:00,1.075800,1.076490,1.075480,1.075940,1.075530,1.076240,1.075210,1.075690
2016/12/06 00:30:00,1.075940,1.075950,1.075170,1.075670,1.075690,1.075690,1.074910,1.075410
2016/12/06 01:00:00,1.075670,1.076360,1.075530,1.075830,1.075410,1.076110,1.075260,1.075580
2016/12/06 01:30:00,1.075830,1.076390,1.075790,1.076300,1.075580,1.076130,1.075530,1.076110
2016/12/06 02:00:00,1.076300,1.076640,1.076090,1.076480,1.076110,1.076380,1.075840,1.076230
2016/12/06 02:30:00,1.076480,1.077130,1.076420,1.076430,1.076230,1.076880,1.076170,1.076170
2016/12/06 03:00:00,1.076430,1.076590,1.075980,1.076150,1.076170,1.076340,1.075720,1.075880
2016/12/06 03:30:00,1.076150,1.076280,1.075240,1.075640,1.075880,1.076020,1.074980,1.075370
2016/12/06 04:00:00,1.075640,1.076030,1.075340,1.075810,1.075370,1.075770,1.075080,1.075550
2016/12/06 04:30:00,1.075810,1.075930,1.075620,1.075670,1.075550,1.075680,1.075360,1.075430
2016/12/06 05:00:00,1.075670,1.076160,1.075510,1.075930,1.075430,1.075920,1.075270,1.075670
2016/12/06 05:30:00,1.075930,1.076070,1.075430,1.075640,1.075670,1.075820,1.075170,1.075380
2016/12/06 06:00:00,1.075640,1.075640,1.074560,1.075050,1.075380,1.075380,1.074300,1.074800
2016/12/06 06:30:00,1.075050,1.075200,1.074190,1.074330,1.074800,1.074950,1.073930,1.074020
2016/12/06 07:00:00,1.074330,1.075620,1.073830,1.075520,1.074020,1.075350,1.073580,1.075270
2016/12/06 07:30:00,1.075520,1.076900,1.075330,1.076380,1.075270,1.076630,1.075080,1.076120
2016/12/06 08:00:00,1.076380,1.078670,1.075740,1.077800,1.076120,1.078410,1.075470,1.077540
2016/12/06 08:30:00,1.077800,1.078400,1.077020,1.077160,1.077540,1.078160,1.076780,1.076910
2016/12/06 09:00:00,1.077160,1.078410,1.076760,1.076960,1.076910,1.078150,1.076500,1.076710
2016/12/06 09:30:00,1.076960,1.077150,1.076250,1.076820,1.076710,1.076900,1.076000,1.076530
2016/12/06 10:00:00,1.076820,1.077670,1.076390,1.077610,1.076530,1.077430,1.076140,1.077370
2016/12/06 10:30:00,1.077610,1.077790,1.076720,1.077130,1.077370,1.077560,1.076460,1.076900
2016/12/06 11:00:00,1.077130,1.077500,1.076160,1.076880,1.076900,1.077250,1.075900,1.076620
2016/12/06 11:30:00,1.076880,1.076910,1.073020,1.073890,1.076620,1.076650,1.072800,1.073640
2016/12/06 12:00:00,1.073890,1.074420,1.073150,1.073760,1.073640,1.074170,1.072900,1.073500
2016/12/06 12:30:00,1.073760,1.075460,1.073360,1.073480,1.073500,1.075210,1.073150,1.073240
2016/12/06 13:00:00,1.073480,1.074580,1.073050,1.074250,1.073240,1.074330,1.072800,1.073990
2016/12/06 13:30:00,1.074250,1.074880,1.072830,1.073420,1.073990,1.074620,1.072580,1.073180
2016/12/06 14:00:00,1.073420,1.073910,1.072380,1.073320,1.073180,1.073670,1.072150,1.073070
2016/12/06 14:30:00,1.073320,1.074530,1.073300,1.073540,1.073070,1.074290,1.073040,1.073220
2016/12/06 15:00:00,1.073540,1.074970,1.072460,1.074910,1.073220,1.074730,1.072200,1.074660
2016/12/06 15:30:00,1.074910,1.075080,1.072940,1.073360,1.074660,1.074850,1.072670,1.073110
2016/12/06 16:00:00,1.073360,1.073770,1.072770,1.073200,1.073110,1.073520,1.072530,1.072950
2016/12/06 16:30:00,1.073200,1.074050,1.071770,1.071780,1.072950,1.073790,1.071540,1.071560
2016/12/06 17:00:00,1.071780,1.071900,1.069980,1.070520,1.071560,1.071650,1.069710,1.070270
2016/12/06 17:30:00,1.070520,1.071550,1.070270,1.071290,1.070270,1.071310,1.070040,1.071040
2016/12/06 18:00:00,1.071290,1.071920,1.070900,1.070940,1.071040,1.071670,1.070670,1.070680
2016/12/06 18:30:00,1.070940,1.071090,1.070540,1.070980,1.070680,1.070840,1.070300,1.070750
2016/12/06 19:00:00,1.070980,1.071460,1.070960,1.071180,1.070750,1.071220,1.070720,1.070940
2016/12/06 19:30:00,1.071180,1.071920,1.071150,1.071750,1.070940,1.071670,1.070890,1.071500
2016/12/06 20:00:00,1.071750,1.072100,1.071500,1.072050,1.071500,1.071870,1.071220,1.071800
2016/12/06 20:30:00,1.072050,1.072360,1.071590,1.072270,1.071800,1.072110,1.071340,1.072030
2016/12/06 21:00:00,1.072270,1.072280,1.071930,1.072130,1.072030,1.072030,1.071690,1.071890
2016/12/06 21:30:00,1.072130,1.072310,1.071700,1.072020,1.071890,1.072070,1.071440,1.071520
2016/12/06 22:00:00,1.072020,1.072310,1.071780,1.071850,1.071520,1.071980,1.071440,1.071580
2016/12/06 22:30:00,1.071850,1.072310,1.071680,1.071900,1.071580,1.072000,1.071390,1.071580
2016/12/06 23:00:00,1.071900,1.072510,1.071900,1.072120,1.071580,1.072240,1.071580,1.071860
2016/12/06 23:30:00,1.072120,1.072200,1.071890,1.072010,1.071860,1.071960,1.071620,1.071750
2016/12/07 00:00:00,1.072010,1.072160,1.071720,1.072010,1.071750,1.071910,1.071470,1.071740
2016/12/07 00:30:00,1.072010,1.072010,1.071380,1.071670,1.071740,1.071750,1.071130,1.071400
2016/12/07 01:00:00,1.071670,1.071940,1.071380,1.071940,1.071400,1.071680,1.071120,1.071680
2016/12/07 01:30:00,1.071940,1.072830,1.071840,1.072140,1.071680,1.072570,1.071590,1.071890
2016/12/07 02:00:00,1.072140,1.072250,1.071840,1.071960,1.071890,1.071990,1.071590,1.071700
2016/12/07 02:30:00,1.071960,1.072310,1.071880,1.072180,1.071700,1.072050,1.071620,1.071930
2016/12/07 03:00:00,1.072180,1.072510,1.072070,1.072270,1.071930,1.072250,1.071810,1.072020
2016/12/07 03:30:00,1.072270,1.072420,1.072120,1.072370,1.072020,1.072160,1.071860,1.072140
2016/12/07 04:00:00,1.072370,1.072390,1.071910,1.072300,1.072140,1.072140,1.071670,1.072040
2016/12/07 04:30:00,1.072300,1.072580,1.072240,1.072390,1.072040,1.072310,1.072000,1.072140
2016/12/07 05:00:00,1.072390,1.072540,1.071980,1.072180,1.072140,1.072280,1.071730,1.071920
2016/12/07 05:30:00,1.072180,1.072260,1.071840,1.071980,1.071920,1.072000,1.071580,1.071730
2016/12/07 06:00:00,1.071980,1.072850,1.071980,1.072630,1.071730,1.072590,1.071730,1.072380
2016/12/07 06:30:00,1.072630,1.072640,1.071440,1.071890,1.072380,1.072390,1.071180,1.071630
2016/12/07 07:00:00,1.071890,1.072460,1.071420,1.072220,1.071630,1.072180,1.071160,1.071960
2016/12/07 07:30:00,1.072220,1.072610,1.071250,1.071430,1.071960,1.072350,1.070970,1.071190
2016/12/07 08:00:00,1.071430,1.073400,1.071350,1.072540,1.071190,1.073150,1.071090,1.072280
2016/12/07 08:30:00,1.072540,1.073390,1.072330,1.072700,1.072280,1.073140,1.072090,1.072450
2016/12/07 09:00:00,1.072700,1.073090,1.072520,1.072940,1.072450,1.072860,1.072270,1.072720
2016/12/07 09:30:00,1.072940,1.073330,1.072080,1.072080,1.072720,1.073090,1.071820,1.071820
2016/12/07 10:00:00,1.072080,1.072620,1.071110,1.072460,1.071820,1.072370,1.070870,1.072210
2016/12/07 10:30:00,1.072460,1.072980,1.071320,1.071650,1.072210,1.072730,1.071100,1.071390
2016/12/07 11:00:00,1.071650,1.072780,1.071500,1.072480,1.071390,1.072520,1.071250,1.072240
2016/12/07 11:30:00,1.072480,1.072910,1.072080,1.072540,1.072240,1.072660,1.071830,1.072290
2016/12/07 12:00:00,1.072540,1.073040,1.072160,1.072800,1.072290,1.072790,1.071920,1.072560
2016/12/07 12:30:00,1.072800,1.073890,1.072410,1.073300,1.072560,1.073630,1.072160,1.073070
2016/12/07 13:00:00,1.073300,1.073850,1.072680,1.072800,1.073070,1.073600,1.072430,1.072550
2016/12/07 13:30:00,1.072800,1.073810,1.072770,1.073700,1.072550,1.073570,1.072530,1.073450
2016/12/07 14:00:00,1.073700,1.074620,1.073180,1.074440,1.073450,1.074370,1.072990,1.074180
2016/12/07 14:30:00,1.074440,1.074810,1.073980,1.074410,1.074180,1.074570,1.073730,1.074160
2016/12/07 15:00:00,1.074410,1.076960,1.074090,1.076660,1.074160,1.076710,1.073840,1.076420
2016/12/07 15:30:00,1.076660,1.076850,1.075920,1.076800,1.076420,1.076610,1.075670,1.076550
2016/12/07 16:00:00,1.076800,1.076890,1.075370,1.075420,1.076550,1.076640,1.075120,1.075170
2016/12/07 16:30:00,1.075420,1.076170,1.074830,1.075900,1.075170,1.075940,1.074570,1.075660
2016/12/07 17:00:00,1.075900,1.075910,1.075100,1.075440,1.075660,1.075660,1.074850,1.075190
2016/12/07 17:30:00,1.075440,1.075550,1.074270,1.074500,1.075190,1.075310,1.074030,1.074250
2016/12/07 18:00:00,1.074500,1.075700,1.074460,1.075600,1.074250,1.075450,1.074220,1.075360
2016/12/07 18:30:00,1.075600,1.076040,1.074600,1.075470,1.075360,1.075790,1.074350,1.075220
2016/12/07 19:00:00,1.075470,1.075860,1.074890,1.075640,1.075220,1.075610,1.074670,1.075400
2016/12/07 19:30:00,1.075640,1.076140,1.075270,1.075910,1.075400,1.075940,1.075030,1.075650
2016/12/07 20:00:00,1.075910,1.076840,1.075910,1.076650,1.075650,1.076570,1.075640,1.076420
2016/12/07 20:30:00,1.076650,1.076850,1.076250,1.076410,1.076420,1.076600,1.075990,1.076150
2016/12/07 21:00:00,1.076410,1.076510,1.075500,1.076070,1.076150,1.076280,1.075250,1.075800
2016/12/07 21:30:00,1.076070,1.076090,1.075100,1.075440,1.075800,1.075830,1.074850,1.075090
2016/12/07 22:00:00,1.075440,1.075820,1.075300,1.075700,1.075090,1.075650,1.074790,1.075440
2016/12/07 22:30:00,1.075700,1.075980,1.075640,1.075920,1.075440,1.075720,1.075380,1.075620
2016/12/07 23:00:00,1.075920,1.076040,1.075710,1.075860,1.075620,1.075780,1.075480,1.075600
2016/12/07 23:30:00,1.075860,1.076140,1.075370,1.076070,1.075600,1.075880,1.075130,1.075790
2016/12/08 00:00:00,1.076070,1.077040,1.075910,1.076590,1.075790,1.076800,1.075640,1.076310
2016/12/08 00:30:00,1.076590,1.076590,1.075430,1.075590,1.076310,1.076310,1.075170,1.075330
2016/12/08 01:00:00,1.075590,1.076110,1.075280,1.075470,1.075330,1.075860,1.075020,1.075220
2016/12/08 01:30:00,1.075470,1.076780,1.075040,1.076760,1.075220,1.076550,1.074770,1.076490
2016/12/08 02:00:00,1.076760,1.077340,1.076500,1.076610,1.076490,1.077090,1.076260,1.076350
2016/12/08 02:30:00,1.076610,1.077590,1.076400,1.077220,1.076350,1.077320,1.076130,1.076960
2016/12/08 03:00:00,1.077220,1.078260,1.077100,1.077620,1.076960,1.078000,1.076840,1.077380
2016/12/08 03:30:00,1.077620,1.078630,1.077560,1.077770,1.077380,1.078400,1.077320,1.077510
2016/12/08 04:00:00,1.077770,1.077950,1.077370,1.077620,1.077510,1.077690,1.077100,1.077370
2016/12/08 04:30:00,1.077620,1.077910,1.077030,1.077520,1.077370,1.077670,1.076770,1.077250
2016/12/08 05:00:00,1.077520,1.078120,1.077310,1.077690,1.077250,1.077870,1.077070,1.077440
2016/12/08 05:30:00,1.077690,1.077790,1.077110,1.077440,1.077440,1.077540,1.076860,1.077180
2016/12/08 06:00:00,1.077440,1.077460,1.076770,1.077120,1.077180,1.077200,1.076510,1.076890
2016/12/08 06:30:00,1.077120,1.077130,1.076440,1.076560,1.076890,1.076890,1.076190,1.076300
2016/12/08 07:00:00,1.076560,1.077020,1.075990,1.076930,1.076300,1.076750,1.075730,1.076670
2016/12/08 07:30:00,1.076930,1.077190,1.076420,1.076570,1.076670,1.076950,1.076160,1.076320
2016/12/08 08:00:00,1.076570,1.077900,1.076150,1.077700,1.076320,1.077630,1.075890,1.077440
2016/12/08 08:30:00,1.077700,1.079100,1.077400,1.078950,1.077440,1.078860,1.077160,1.078690
2016/12/08 09:00:00,1.078950,1.079940,1.078940,1.079890,1.078690,1.079710,1.078680,1.079630
2016/12/08 09:30:00,1.079890,1.080670,1.079340,1.080350,1.079630,1.080410,1.079090,1.080100
2016/12/08 10:00:00,1.080350,1.080580,1.079310,1.079470,1.080100,1.080340,1.079050,1.079210
2016/12/08 10:30:00,1.079470,1.079890,1.078940,1.079460,1.079210,1.079640,1.078680,1.079200
2016/12/08 11:00:00,1.079460,1.079680,1.078750,1.078850,1.079200,1.079420,1.078500,1.078620
2016/12/08 11:30:00,1.078850,1.079200,1.078340,1.078540,1.078620,1.078950,1.078100,1.078310
2016/12/08 12:00:00,1.078540,1.079810,1.078510,1.079430,1.078310,1.079580,1.078260,1.079180
2016/12/08 12:30:00,1.079430,1.087580,1.074530,1.075350,1.079180,1.087230,1.074280,1.075070
2016/12/08 13:00:00,1.075350,1.076760,1.072510,1.074310,1.075070,1.076490,1.072270,1.074000
2016/12/08 13:30:00,1.074310,1.074420,1.064070,1.066900,1.074000,1.074150,1.063820,1.066660
2016/12/08 14:00:00,1.066900,1.068060,1.062210,1.065860,1.066660,1.067810,1.061950,1.065600
2016/12/08 14:30:00,1.065860,1.067600,1.062810,1.063100,1.065600,1.067350,1.062560,1.062860
2016/12/08 15:00:00,1.063100,1.063750,1.061530,1.061660,1.062860,1.063500,1.061280,1.061400
2016/12/08 15:30:00,1.061660,1.062810,1.060750,1.061650,1.061400,1.062550,1.060500,1.061390
2016/12/08 16:00:00,1.061650,1.062240,1.060330,1.062080,1.061390,1.061990,1.060090,1.061820
2016/12/08 16:30:00,1.062080,1.063270,1.060990,1.062740,1.061820,1.063030,1.060740,1.062510
2016/12/08 17:00:00,1.062740,1.063040,1.061160,1.061340,1.062510,1.062810,1.060900,1.061090
2016/12/08 17:30:00,1.061340,1.061580,1.059860,1.061020,1.061090,1.061340,1.059600,1.060780
2016/12/08 18:00:00,1.061020,1.061750,1.060680,1.060960,1.060780,1.061510,1.060420,1.060730
2016/12/08 18:30:00,1.060960,1.061820,1.060220,1.060540,1.060730,1.061590,1.059970,1.060280
2016/12/08 19:00:00,1.060540,1.061440,1.060000,1.060950,1.060280,1.061190,1.059760,1.060700
2016/12/08 19:30:00,1.060950,1.061970,1.060690,1.061430,1.060700,1.061730,1.060460,1.061170
2016/12/08 20:00:00,1.061430,1.062510,1.061290,1.061730,1.061170,1.062260,1.061050,1.061490
2016/12/08 20:30:00,1.061730,1.061930,1.061390,1.061700,1.061490,1.061680,1.061150,1.061430
2016/12/08 21:00:00,1.061700,1.061770,1.061320,1.061520,1.061430,1.061530,1.061070,1.061280
2016/12/08 21:30:00,1.061520,1.061920,1.061270,1.061790,1.061280,1.061680,1.061010,1.061110
2016/12/08 22:00:00,1.061790,1.062030,1.061190,1.061690,1.061110,1.061590,1.060940,1.061570
2016/12/08 22:30:00,1.061690,1.061730,1.060860,1.061480,1.061570,1.061590,1.060410,1.061210
2016/12/08 23:00:00,1.061480,1.061930,1.061400,1.061750,1.061210,1.061670,1.061120,1.061450
2016/12/08 23:30:00,1.061750,1.062300,1.061620,1.062250,1.061450,1.062040,1.061350,1.061980
2016/12/09 00:00:00,1.062250,1.062250,1.061120,1.061180,1.061980,1.061990,1.060850,1.060910
2016/12/09 00:30:00,1.061180,1.061960,1.061180,1.061790,1.060910,1.061710,1.060910,1.061540
2016/12/09 01:00:00,1.061790,1.062010,1.061430,1.061750,1.061540,1.061760,1.061190,1.061500
2016/12/09 01:30:00,1.061750,1.061840,1.059090,1.059210,1.061500,1.061570,1.058840,1.058940
2016/12/09 02:00:00,1.059210,1.059850,1.059050,1.059810,1.058940,1.059610,1.058810,1.059550
2016/12/09 02:30:00,1.059810,1.060560,1.059710,1.060060,1.059550,1.060330,1.059450,1.059790
2016/12/09 03:00:00,1.060060,1.060280,1.059640,1.059900,1.059790,1.060020,1.059390,1.059650
2016/12/09 03:30:00,1.059900,1.061140,1.059820,1.060740,1.059650,1.060890,1.059560,1.060480
2016/12/09 04:00:00,1.060740,1.061010,1.060550,1.060690,1.060480,1.060750,1.060290,1.060430
2016/12/09 04:30:00,1.060690,1.061000,1.060630,1.060890,1.060430,1.060740,1.060380,1.060620
2016/12/09 05:00:00,1.060890,1.061460,1.060780,1.061430,1.060620,1.061200,1.060530,1.061170
2016/12/09 05:30:00,1.061430,1.061830,1.061180,1.061830,1.061170,1.061540,1.060930,1.061540
2016/12/09 06:00:00,1.061830,1.062000,1.061240,1.061800,1.061540,1.061740,1.060950,1.061550
2016/12/09 06:30:00,1.061800,1.062010,1.061500,1.061540,1.061550,1.061750,1.061240,1.061280
2016/12/09 07:00:00,1.061540,1.062890,1.061400,1.062610,1.061280,1.062630,1.061140,1.062360
2016/12/09 07:30:00,1.062610,1.063100,1.061460,1.062220,1.062360,1.062850,1.061190,1.061960
2016/12/09 08:00:00,1.062220,1.062520,1.060890,1.061680,1.061960,1.062250,1.060620,1.061430
2016/12/09 08:30:00,1.061680,1.062000,1.061170,1.061990,1.061430,1.061770,1.060930,1.061740
2016/12/09 09:00:00,1.061990,1.062450,1.061170,1.061390,1.061740,1.062190,1.060910,1.061150
2016/12/09 09:30:00,1.061390,1.062990,1.061270,1.062700,1.061150,1.062760,1.061020,1.062450
2016/12/09 10:00:00,1.062700,1.063100,1.061500,1.061890,1.062450,1.062850,1.061240,1.061630
2016/12/09 10:30:00,1.061890,1.062130,1.061030,1.061170,1.061630,1.061880,1.060770,1.060920
2016/12/09 11:00:00,1.061170,1.061410,1.059310,1.059460,1.060920,1.061170,1.059060,1.059210
2016/12/09 11:30:00,1.059460,1.060040,1.057090,1.057690,1.059210,1.059780,1.056830,1.057440
2016/12/09 12:00:00,1.057690,1.058100,1.055820,1.056090,1.057440,1.057850,1.055560,1.055840
2016/12/09 12:30:00,1.056090,1.056680,1.055180,1.055310,1.055840,1.056430,1.054940,1.055050
2016/12/09 13:00:00,1.055310,1.058050,1.055220,1.057880,1.055050,1.057790,1.054970,1.057620
2016/12/09 13:30:00,1.057880,1.058210,1.056510,1.057650,1.057620,1.057940,1.056250,1.057390
2016/12/09 14:00:00,1.057650,1.058070,1.056470,1.056780,1.057390,1.057830,1.056210,1.056530
2016/12/09 14:30:00,1.056780,1.057510,1.055440,1.055540,1.056530,1.057270,1.055150,1.055230
2016/12/09 15:00:00,1.055540,1.055690,1.054120,1.054810,1.055230,1.055410,1.053910,1.054560
2016/12/09 15:30:00,1.054810,1.055070,1.053590,1.053620,1.054560,1.054820,1.053360,1.053360
2016/12/09 16:00:00,1.053620,1.054770,1.053490,1.054300,1.053360,1.054520,1.053240,1.054050
2016/12/09 16:30:00,1.054300,1.054900,1.053900,1.054130,1.054050,1.054660,1.053650,1.053880
2016/12/09 17:00:00,1.054130,1.054290,1.053210,1.053920,1.053880,1.054050,1.052960,1.053670
2016/12/09 17:30:00,1.053920,1.054530,1.053590,1.054110,1.053670,1.054320,1.053350,1.053860
2016/12/09 18:00:00,1.054110,1.055040,1.054040,1.054650,1.053860,1.054800,1.053800,1.054410
2016/12/09 18:30:00,1.054650,1.055120,1.054610,1.054770,1.054410,1.054900,1.054360,1.054510
2016/12/09 19:00:00,1.054770,1.055460,1.054720,1.054810,1.054510,1.055220,1.054480,1.054570
2016/12/09 19:30:00,1.054810,1.055590,1.054280,1.055460,1.054570,1.055330,1.054040,1.055210
2016/12/09 20:00:00,1.055460,1.055490,1.054960,1.055450,1.055210,1.055260,1.054720,1.055210
2016/12/09 20:30:00,1.055450,1.056110,1.055270,1.056070,1.055210,1.055900,1.055040,1.055840
2016/12/09 21:00:00,1.056070,1.056080,1.055300,1.055620,1.055840,1.055840,1.055040,1.055380
2016/12/09 21:30:00,1.055620,1.056420,1.055590,1.056420,1.055380,1.056070,1.055290,1.055290
2016/12/11 19:30:00,1.056420,1.056420,1.054930,1.055090,1.055290,1.055290,1.054170,1.054340
2016/12/11 20:00:00,1.055090,1.055150,1.053910,1.054210,1.054340,1.054340,1.053290,1.053470
2016/12/11 20:30:00,1.054210,1.054260,1.053350,1.053360,1.053470,1.053630,1.052940,1.053050
2016/12/11 21:00:00,1.053360,1.053890,1.053360,1.053610,1.053050,1.053340,1.052950,1.053090
2016/12/11 21:30:00,1.053610,1.053710,1.053050,1.053590,1.053090,1.053300,1.052800,1.052910
2016/12/11 22:00:00,1.053590,1.055580,1.053590,1.054610,1.052910,1.054880,1.052890,1.054310
2016/12/11 22:30:00,1.054610,1.054840,1.054610,1.054750,1.054310,1.054470,1.054260,1.054450
2016/12/11 23:00:00,1.054750,1.055030,1.053880,1.054000,1.054450,1.054740,1.053570,1.053640
2016/12/11 23:30:00,1.054000,1.054930,1.053890,1.054790,1.053640,1.054650,1.053580,1.054490
2016/12/12 00:00:00,1.054790,1.054790,1.053070,1.053130,1.054490,1.054500,1.052810,1.052850
2016/12/12 00:30:00,1.053130,1.053960,1.052670,1.053850,1.052850,1.053690,1.052420,1.053580
2016/12/12 01:00:00,1.053850,1.055130,1.053800,1.054930,1.053580,1.054860,1.053530,1.054670
2016/12/12 01:30:00,1.054930,1.056000,1.054910,1.055600,1.054670,1.055730,1.054650,1.055350
2016/12/12 02:00:00,1.055600,1.056110,1.055170,1.055740,1.055350,1.055840,1.054910,1.055480
2016/12/12 02:30:00,1.055740,1.056740,1.055490,1.056470,1.055480,1.056480,1.055230,1.056200
2016/12/12 03:00:00,1.056470,1.056980,1.056260,1.056320,1.056200,1.056720,1.056000,1.056050
2016/12/12 03:30:00,1.056320,1.056420,1.055900,1.056110,1.056050,1.056170,1.055640,1.055850
2016/12/12 04:00:00,1.056110,1.056490,1.055780,1.055900,1.055850,1.056240,1.055510,1.055630
2016/12/12 04:30:00,1.055900,1.056100,1.055520,1.055660,1.055630,1.055840,1.055270,1.055400
2016/12/12 05:00:00,1.055660,1.055970,1.055640,1.055820,1.055400,1.055720,1.055370,1.055560
2016/12/12 05:30:00,1.055820,1.056180,1.055700,1.056050,1.055560,1.055930,1.055440,1.055800
2016/12/12 06:00:00,1.056050,1.056440,1.055480,1.056260,1.055800,1.056180,1.055220,1.056000
2016/12/12 06:30:00,1.056260,1.056810,1.055970,1.056500,1.056000,1.056550,1.055710,1.056250
2016/12/12 07:00:00,1.056500,1.057080,1.055930,1.056670,1.056250,1.056810,1.055650,1.056400
2016/12/12 07:30:00,1.056670,1.058070,1.056230,1.056630,1.056400,1.057820,1.056000,1.056370
2016/12/12 08:00:00,1.056630,1.058320,1.056310,1.057430,1.056370,1.058100,1.056060,1.057160
2016/12/12 08:30:00,1.057430,1.058090,1.056350,1.056840,1.057160,1.057830,1.056100,1.056580
2016/12/12 09:00:00,1.056840,1.059480,1.056840,1.059270,1.056580,1.059230,1.056580,1.059010
2016/12/12 09:30:00,1.059270,1.059650,1.058560,1.059420,1.059010,1.059400,1.058300,1.059180
2016/12/12 10:00:00,1.059420,1.060570,1.059310,1.059920,1.059180,1.060340,1.059080,1.059700
2016/12/12 10:30:00,1.059920,1.060890,1.059460,1.060860,1.059700,1.060640,1.059210,1.060600
2016/12/12 11:00:00,1.060860,1.061560,1.060570,1.061300,1.060600,1.061300,1.060310,1.061050
2016/12/12 11:30:00,1.061300,1.061330,1.060230,1.060760,1.061050,1.061090,1.060000,1.060510
2016/12/12 12:00:00,1.060760,1.060880,1.059610,1.059760,1.060510,1.060620,1.059350,1.059510
2016/12/12 12:30:00,1.059760,1.060000,1.059200,1.059800,1.059510,1.059770,1.058950,1.059560
2016/12/12 13:00:00,1.059800,1.061600,1.059410,1.061380,1.059560,1.061350,1.059160,1.061130
2016/12/12 13:30:00,1.061380,1.062260,1.060760,1.060950,1.061130,1.062020,1.060510,1.060710
2016/12/12 14:00:00,1.060950,1.062720,1.060750,1.062290,1.060710,1.062440,1.060490,1.062040
2016/12/12 14:30:00,1.062290,1.062460,1.061190,1.061190,1.062040,1.062220,1.060950,1.060960
2016/12/12 15:00:00,1.061190,1.061720,1.060380,1.061190,1.060960,1.061470,1.060140,1.060930
2016/12/12 15:30:00,1.061190,1.062440,1.060640,1.060940,1.060930,1.062180,1.060400,1.060720
2016/12/12 16:00:00,1.060940,1.061010,1.059320,1.060150,1.060720,1.060750,1.059100,1.059900
2016/12/12 16:30:00,1.060150,1.060810,1.059210,1.060720,1.059900,1.060560,1.058980,1.060470
2016/12/12 17:00:00,1.060720,1.064310,1.060290,1.063900,1.060470,1.064050,1.060040,1.063640
2016/12/12 17:30:00,1.063900,1.065300,1.063600,1.064300,1.063640,1.065050,1.063340,1.064040
2016/12/12 18:00:00,1.064300,1.064650,1.063650,1.064180,1.064040,1.064390,1.063390,1.063920
2016/12/12 18:30:00,1.064180,1.064500,1.063590,1.064020,1.063920,1.064270,1.063330,1.063760
2016/12/12 19:00:00,1.064020,1.064560,1.063680,1.063770,1.063760,1.064330,1.063440,1.063540
2016/12/12 19:30:00,1.063770,1.063960,1.063040,1.063110,1.063540,1.063730,1.062790,1.062850
2016/12/12 20:00:00,1.063110,1.063700,1.062720,1.063570,1.062850,1.063450,1.062470,1.063310
2016/12/12 20:30:00,1.063570,1.064020,1.063450,1.063540,1.063310,1.063770,1.063190,1.063300
2016/12/12 21:00:00,1.063540,1.063920,1.063310,1.063590,1.063300,1.063670,1.063050,1.063360
2016/12/12 21:30:00,1.063590,1.063860,1.063330,1.063590,1.063360,1.063600,1.063090,1.063290
2016/12/12 22:00:00,1.063590,1.064210,1.063570,1.064010,1.063290,1.063840,1.063120,1.063720
2016/12/12 22:30:00,1.064010,1.064440,1.063590,1.064280,1.063720,1.064110,1.063240,1.063830
2016/12/12 23:00:00,1.064280,1.064330,1.063790,1.064170,1.063830,1.064010,1.063500,1.063890
2016/12/12 23:30:00,1.064170,1.064670,1.063950,1.064350,1.063890,1.064410,1.063690,1.064090
2016/12/13 00:00:00,1.064350,1.065160,1.063930,1.064340,1.064090,1.064910,1.063680,1.064080
2016/12/13 00:30:00,1.064340,1.064610,1.064000,1.064090,1.064080,1.064360,1.063750,1.063850
2016/12/13 01:00:00,1.064090,1.064310,1.063440,1.063490,1.063850,1.064080,1.063180,1.063220
2016/12/13 01:30:00,1.063490,1.063700,1.063100,1.063520,1.063220,1.063440,1.062850,1.063270
2016/12/13 02:00:00,1.063520,1.063660,1.063110,1.063250,1.063270,1.063440,1.062860,1.062980
2016/12/13 02:30:00,1.063250,1.063520,1.063000,1.063350,1.062980,1.063260,1.062750,1.063100
2016/12/13 03:00:00,1.063350,1.063650,1.063260,1.063500,1.063100,1.063400,1.063000,1.063250
2016/12/13 03:30:00,1.063500,1.063790,1.063430,1.063510,1.063250,1.063540,1.063170,1.063250
2016/12/13 04:00:00,1.063510,1.063760,1.063210,1.063700,1.063250,1.063500,1.062970,1.063430
2016/12/13 04:30:00,1.063700,1.063700,1.063200,1.063540,1.063430,1.063440,1.062930,1.063290
2016/12/13 05:00:00,1.063540,1.063740,1.063450,1.063480,1.063290,1.063490,1.063200,1.063220
2016/12/13 05:30:00,1.063480,1.063690,1.063030,1.063490,1.063220,1.063430,1.062790,1.063230
2016/12/13 06:00:00,1.063490,1.063790,1.063210,1.063650,1.063230,1.063530,1.062950,1.063390
2016/12/13 06:30:00,1.063650,1.064500,1.063340,1.064420,1.063390,1.064190,1.063080,1.064130
2016/12/13 07:00:00,1.064420,1.065120,1.063880,1.064050,1.064130,1.064860,1.063640,1.063790
2016/12/13 07:30:00,1.064050,1.064920,1.063440,1.064450,1.063790,1.064660,1.063180,1.064210
2016/12/13 08:00:00,1.064450,1.064510,1.062080,1.062250,1.064210,1.064240,1.061820,1.062010
2016/12/13 08:30:00,1.062250,1.062650,1.061510,1.062640,1.062010,1.062390,1.061250,1.062380
2016/12/13 09:00:00,1.062640,1.062650,1.061550,1.061770,1.062380,1.062390,1.061300,1.061520
2016/12/13 09:30:00,1.061770,1.062660,1.061390,1.062060,1.061520,1.062410,1.061140,1.061730
2016/12/13 10:00:00,1.062060,1.062560,1.061250,1.061350,1.061730,1.062290,1.061010,1.061110
2016/12/13 10:30:00,1.061350,1.061660,1.060720,1.061600,1.061110,1.061410,1.060470,1.061350
2016/12/13 11:00:00,1.061600,1.061650,1.060830,1.061000,1.061350,1.061400,1.060580,1.060740
2016/12/13 11:30:00,1.061000,1.061170,1.060510,1.060880,1.060740,1.060930,1.060260,1.060630
2016/12/13 12:00:00,1.060880,1.062000,1.060660,1.061090,1.060630,1.061740,1.060400,1.060860
2016/12/13 12:30:00,1.061090,1.061590,1.060650,1.060700,1.060860,1.061370,1.060400,1.060450
2016/12/13 13:00:00,1.060700,1.062270,1.060650,1.062270,1.060450,1.062010,1.060410,1.062000
2016/12/13 13:30:00,1.062270,1.063710,1.062090,1.062830,1.062000,1.063470,1.061840,1.062600
2016/12/13 14:00:00,1.062830,1.062910,1.061460,1.061750,1.062600,1.062660,1.061200,1.061510
2016/12/13 14:30:00,1.061750,1.064210,1.061740,1.064160,1.061510,1.063970,1.061500,1.063910
2016/12/13 15:00:00,1.064160,1.065510,1.063040,1.063810,1.063910,1.065380,1.062790,1.063560
2016/12/13 15:30:00,1.063810,1.064550,1.063560,1.064040,1.063560,1.064300,1.063310,1.063820
2016/12/13 16:00:00,1.064040,1.066850,1.063910,1.065100,1.063820,1.066570,1.063660,1.064850
2016/12/13 16:30:00,1.065100,1.065590,1.063540,1.063550,1.064850,1.065350,1.063290,1.063290
2016/12/13 17:00:00,1.063550,1.063960,1.062050,1.062650,1.063290,1.063700,1.061800,1.062400
2016/12/13 17:30:00,1.062650,1.062980,1.062270,1.062570,1.062400,1.062730,1.062030,1.062310
2016/12/13 18:00:00,1.062570,1.063170,1.062430,1.062650,1.062310,1.062920,1.062180,1.062390
2016/12/13 18:30:00,1.062650,1.062750,1.062070,1.062100,1.062390,1.062510,1.061830,1.061850
2016/12/13 19:00:00,1.062100,1.062560,1.061740,1.061930,1.061850,1.062290,1.061480,1.061690
2016/12/13 19:30:00,1.061930,1.062400,1.061590,1.062260,1.061690,1.062160,1.061350,1.062040
2016/12/13 20:00:00,1.062260,1.063150,1.062170,1.062630,1.062040,1.062910,1.061930,1.062380
2016/12/13 20:30:00,1.062630,1.062950,1.062180,1.062180,1.062380,1.062700,1.061930,1.061930
2016/12/13 21:00:00,1.062180,1.062550,1.061740,1.062330,1.061930,1.062300,1.061500,1.062060
2016/12/13 21:30:00,1.062330,1.063060,1.062300,1.062760,1.062060,1.062810,1.062030,1.062240
2016/12/13 22:00:00,1.062760,1.063130,1.062560,1.062680,1.062240,1.062840,1.062110,1.062430
2016/12/13 22:30:00,1.062680,1.063170,1.062370,1.062670,1.062430,1.062850,1.061930,1.062350
2016/12/13 23:00:00,1.062670,1.063460,1.062330,1.062550,1.062350,1.063200,1.062060,1.062300
2016/12/13 23:30:00,1.062550,1.064300,1.062520,1.062890,1.062300,1.064110,1.062270,1.062640
2016/12/14 00:00:00,1.062890,1.063820,1.062750,1.063690,1.062640,1.063560,1.062470,1.063420
2016/12/14 00:30:00,1.063690,1.063900,1.063090,1.063310,1.063420,1.063640,1.062900,1.063050
2016/12/14 01:00:00,1.063310,1.063590,1.062850,1.063150,1.063050,1.063330,1.062610,1.062890
2016/12/14 01:30:00,1.063150,1.063880,1.063130,1.063530,1.062890,1.063670,1.062870,1.063280
2016/12/14 02:00:00,1.063530,1.064150,1.063320,1.063890,1.063280,1.063880,1.063080,1.063630
2016/12/14 02:30:00,1.063890,1.063900,1.063640,1.063750,1.063630,1.063630,1.063380,1.063490
2016/12/14 03:00:00,1.063750,1.063750,1.063350,1.063690,1.063490,1.063490,1.063110,1.063450
2016/12/14 03:30:00,1.063690,1.063760,1.063480,1.063690,1.063450,1.063500,1.063220,1.063430
2016/12/14 04:00:00,1.063690,1.063820,1.063650,1.063700,1.063430,1.063560,1.063390,1.063450
2016/12/14 04:30:00,1.063700,1.063990,1.063360,1.063750,1.063450,1.063730,1.063110,1.063490
2016/12/14 05:00:00,1.063750,1.063950,1.063570,1.063790,1.063490,1.063690,1.063320,1.063550
2016/12/14 05:30:00,1.063790,1.064660,1.063770,1.064540,1.063550,1.064420,1.063510,1.064280
2016/12/14 06:00:00,1.064540,1.064850,1.064310,1.064790,1.064280,1.064600,1.064060,1.064550
2016/12/14 06:30:00,1.064790,1.065430,1.064530,1.064850,1.064550,1.065190,1.064270,1.064600
2016/12/14 07:00:00,1.064850,1.065910,1.064760,1.065830,1.064600,1.065650,1.064520,1.065570
2016/12/14 07:30:00,1.065830,1.066630,1.065030,1.065090,1.065570,1.066400,1.064790,1.064830
2016/12/14 08:00:00,1.065090,1.065310,1.062600,1.062790,1.064830,1.065040,1.062340,1.062530
2016/12/14 08:30:00,1.062790,1.062810,1.061340,1.062740,1.062530,1.062560,1.061090,1.062480
2016/12/14 09:00:00,1.062740,1.062800,1.061920,1.062400,1.062480,1.062560,1.061680,1.062140
2016/12/14 09:30:00,1.062400,1.063110,1.062100,1.062740,1.062140,1.062860,1.061860,1.062490
2016/12/14 10:00:00,1.062740,1.063860,1.062660,1.063040,1.062490,1.063600,1.062420,1.062790
2016/12/14 10:30:00,1.063040,1.064360,1.062980,1.064250,1.062790,1.064110,1.062740,1.064000
2016/12/14 11:00:00,1.064250,1.064500,1.063740,1.064110,1.064000,1.064270,1.063490,1.063860
2016/12/14 11:30:00,1.064110,1.065140,1.063610,1.065000,1.063860,1.064900,1.063370,1.064730
2016/12/14 12:00:00,1.065000,1.065400,1.064300,1.064540,1.064730,1.065150,1.064060,1.064330
2016/12/14 12:30:00,1.064540,1.065710,1.064130,1.064280,1.064330,1.065460,1.063890,1.064070
2016/12/14 13:00:00,1.064280,1.065070,1.064180,1.064840,1.064070,1.064820,1.063940,1.064450
2016/12/14 13:30:00,1.064840,1.065790,1.063870,1.064130,1.064450,1.065530,1.063620,1.063880
2016/12/14 14:00:00,1.064130,1.065220,1.063380,1.063910,1.063880,1.064950,1.063140,1.063670
2016/12/14 14:30:00,1.063910,1.064680,1.063770,1.064140,1.063670,1.064430,1.063540,1.063890
2016/12/14 15:00:00,1.064140,1.066050,1.063980,1.065940,1.063890,1.065800,1.063740,1.065700
2016/12/14 15:30:00,1.065940,1.066320,1.065050,1.065090,1.065700,1.066070,1.064820,1.064860
2016/12/14 16:00:00,1.065090,1.066310,1.065050,1.065510,1.064860,1.066060,1.064810,1.065260
2016/12/14 16:30:00,1.065510,1.066110,1.065360,1.065630,1.065260,1.065850,1.065110,1.065380
2016/12/14 17:00:00,1.065630,1.065900,1.065160,1.065810,1.065380,1.065660,1.064910,1.065560
2016/12/14 17:30:00,1.065810,1.067140,1.065240,1.065640,1.065560,1.066900,1.065000,1.065400
2016/12/14 18:00:00,1.065640,1.065870,1.064510,1.064870,1.065400,1.065630,1.064270,1.064630
2016/12/14 18:30:00,1.064870,1.065840,1.063790,1.065230,1.064630,1.065360,1.063500,1.064470
2016/12/14 19:00:00,1.065230,1.065270,1.055950,1.058650,1.064470,1.064550,1.055680,1.058360
2016/12/14 19:30:00,1.058650,1.059430,1.055750,1.055950,1.058360,1.059160,1.055510,1.055680
2016/12/14 20:00:00,1.055950,1.056370,1.053080,1.053130,1.055680,1.056100,1.052840,1.052880
2016/12/14 20:30:00,1.053130,1.053690,1.049740,1.053390,1.052880,1.053450,1.049500,1.053120
2016/12/14 21:00:00,1.053390,1.053540,1.052030,1.052910,1.053120,1.053270,1.051780,1.052650
2016/12/14 21:30:00,1.052910,1.054160,1.052910,1.053820,1.052650,1.053920,1.052650,1.053220
2016/12/14 22:00:00,1.053820,1.054090,1.052910,1.053570,1.053220,1.053840,1.052640,1.053170
2016/12/14 22:30:00,1.053570,1.053800,1.052840,1.052960,1.053170,1.053500,1.052540,1.052660
2016/12/14 23:00:00,1.052960,1.052970,1.050760,1.051100,1.052660,1.052660,1.050480,1.050850
2016/12/14 23:30:00,1.051100,1.051940,1.050870,1.051380,1.050850,1.051670,1.050600,1.051090
2016/12/15 00:00:00,1.051380,1.051760,1.047130,1.047410,1.051090,1.051490,1.046870,1.047130
2016/12/15 00:30:00,1.047410,1.049060,1.046940,1.048750,1.047130,1.048790,1.046680,1.048470
2016/12/15 01:00:00,1.048750,1.050200,1.047530,1.049990,1.048470,1.049950,1.047270,1.049740
2016/12/15 01:30:00,1.049990,1.051750,1.049250,1.051500,1.049740,1.051440,1.048970,1.051230
2016/12/15 02:00:00,1.051500,1.052410,1.051040,1.052080,1.051230,1.052170,1.050780,1.051810
2016/12/15 02:30:00,1.052080,1.052420,1.051510,1.052040,1.051810,1.052150,1.051250,1.051780
2016/12/15 03:00:00,1.052040,1.052040,1.050950,1.051230,1.051780,1.051780,1.050690,1.050970
2016/12/15 03:30:00,1.051230,1.051590,1.050740,1.051450,1.050970,1.051330,1.050480,1.051180
2016/12/15 04:00:00,1.051450,1.052150,1.051200,1.051610,1.051180,1.051880,1.050940,1.051340
2016/12/15 04:30:00,1.051610,1.051730,1.051190,1.051400,1.051340,1.051470,1.050930,1.051150
2016/12/15 05:00:00,1.051400,1.051550,1.050860,1.051000,1.051150,1.051290,1.050600,1.050750
2016/12/15 05:30:00,1.051000,1.051130,1.050510,1.050800,1.050750,1.050890,1.050240,1.050540
2016/12/15 06:00:00,1.050800,1.051530,1.050430,1.050660,1.050540,1.051270,1.050180,1.050400
2016/12/15 06:30:00,1.050660,1.050670,1.048610,1.048920,1.050400,1.050400,1.048360,1.048650
2016/12/15 07:00:00,1.048920,1.049750,1.047900,1.049360,1.048650,1.049490,1.047670,1.049090
2016/12/15 07:30:00,1.049360,1.049370,1.047130,1.048880,1.049090,1.049120,1.046880,1.048480
2016/12/15 08:00:00,1.048880,1.049580,1.047630,1.048230,1.048480,1.049320,1.047390,1.047940
2016/12/15 08:30:00,1.048230,1.051080,1.047810,1.051080,1.047940,1.050820,1.047560,1.050820
2016/12/15 09:00:00,1.051080,1.051090,1.049150,1.050380,1.050820,1.050830,1.048900,1.050120
2016/12/15 09:30:00,1.050380,1.050970,1.049650,1.050180,1.050120,1.050730,1.049390,1.049920
2016/12/15 10:00:00,1.050180,1.050190,1.048220,1.048400,1.049920,1.049940,1.047970,1.048130
2016/12/15 10:30:00,1.048400,1.048420,1.047400,1.047680,1.048130,1.048190,1.047150,1.047440
2016/12/15 11:00:00,1.047680,1.048460,1.043190,1.043890,1.047440,1.048210,1.042920,1.043640
2016/12/15 11:30:00,1.043890,1.044100,1.041120,1.041310,1.043640,1.043850,1.040890,1.041050
2016/12/15 12:00:00,1.041310,1.043840,1.040660,1.043610,1.041050,1.043590,1.040410,1.043390
2016/12/15 12:30:00,1.043610,1.043710,1.041380,1.041410,1.043390,1.043480,1.041120,1.041150
2016/12/15 13:00:00,1.041410,1.042700,1.039670,1.042300,1.041150,1.042460,1.039410,1.041960
2016/12/15 13:30:00,1.042300,1.043820,1.041480,1.043820,1.041960,1.043570,1.041230,1.043560
2016/12/15 14:00:00,1.043820,1.044960,1.042900,1.044380,1.043560,1.044710,1.042650,1.044120
2016/12/15 14:30:00,1.044380,1.044870,1.042790,1.042870,1.044120,1.044610,1.042540,1.042610
2016/12/15 15:00:00,1.042870,1.042870,1.040290,1.042010,1.042610,1.042620,1.040020,1.041750
2016/12/15 15:30:00,1.042010,1.043250,1.041400,1.041620,1.041750,1.043000,1.041140,1.041380
2016/12/15 16:00:00,1.041620,1.041930,1.039530,1.039980,1.041380,1.041700,1.039280,1.039730
2016/12/15 16:30:00,1.039980,1.040370,1.036780,1.037530,1.039730,1.040120,1.036530,1.037270
2016/12/15 17:00:00,1.037530,1.039590,1.037520,1.039420,1.037270,1.039330,1.037260,1.039170
2016/12/15 17:30:00,1.039420,1.041850,1.039130,1.041480,1.039170,1.041580,1.038880,1.041260
2016/12/15 18:00:00,1.041480,1.042010,1.040650,1.041370,1.041260,1.041770,1.040400,1.041120
2016/12/15 18:30:00,1.041370,1.042350,1.040760,1.042280,1.041120,1.042110,1.040510,1.042050
2016/12/15 19:00:00,1.042280,1.042730,1.041610,1.042450,1.042050,1.042500,1.041370,1.042190
2016/12/15 19:30:00,1.042450,1.043280,1.042210,1.042730,1.042190,1.043030,1.041960,1.042470
2016/12/15 20:00:00,1.042730,1.042730,1.040700,1.041210,1.042470,1.042500,1.040440,1.040950
2016/12/15 20:30:00,1.041210,1.042290,1.041090,1.041470,1.040950,1.042040,1.040830,1.041230
2016/12/15 21:00:00,1.041470,1.041940,1.041160,1.041280,1.041230,1.041670,1.040900,1.041030
2016/12/15 21:30:00,1.041280,1.042110,1.041240,1.041620,1.041030,1.041830,1.040990,1.041120
2016/12/15 22:00:00,1.041620,1.042050,1.041430,1.042000,1.041120,1.041790,1.041000,1.041690
2016/12/15 22:30:00,1.042000,1.042260,1.041630,1.042220,1.041690,1.041900,1.041260,1.041860
2016/12/15 23:00:00,1.042220,1.042380,1.041880,1.042050,1.041860,1.042110,1.041600,1.041780
2016/12/15 23:30:00,1.042050,1.042110,1.041740,1.041830,1.041780,1.041850,1.041480,1.041560
2016/12/16 00:00:00,1.041830,1.041860,1.040700,1.041340,1.041560,1.041590,1.040430,1.041100
2016/12/16 00:30:00,1.041340,1.043150,1.041230,1.042510,1.041100,1.042920,1.040980,1.042240
2016/12/16 01:00:00,1.042510,1.042620,1.041610,1.041960,1.042240,1.042360,1.041350,1.041700
2016/12/16 01:30:00,1.041960,1.042880,1.041930,1.042050,1.041700,1.042620,1.041680,1.041790
2016/12/16 02:00:00,1.042050,1.043010,1.042030,1.042990,1.041790,1.042770,1.041780,1.042730
2016/12/16 02:30:00,1.042990,1.043360,1.042640,1.043100,1.042730,1.043110,1.042380,1.042840
2016/12/16 03:00:00,1.043100,1.043520,1.042990,1.043290,1.042840,1.043290,1.042740,1.043030
2016/12/16 03:30:00,1.043290,1.043540,1.043010,1.043180,1.043030,1.043270,1.042740,1.042930
2016/12/16 04:00:00,1.043180,1.043670,1.043100,1.043570,1.042930,1.043400,1.042820,1.043310
2016/12/16 04:30:00,1.043570,1.043590,1.042910,1.043050,1.043310,1.043330,1.042640,1.042790
2016/12/16 05:00:00,1.043050,1.043130,1.042680,1.042690,1.042790,1.042870,1.042420,1.042430
2016/12/16 05:30:00,1.042690,1.043990,1.042690,1.043460,1.042430,1.043730,1.042430,1.043220
2016/12/16 06:00:00,1.043460,1.044810,1.043460,1.044620,1.043220,1.044550,1.043220,1.044360
2016/12/16 06:30:00,1.044620,1.044950,1.043850,1.044400,1.044360,1.044700,1.043600,1.044150
2016/12/16 07:00:00,1.044400,1.044730,1.043800,1.044110,1.044150,1.044470,1.043540,1.043850
2016/12/16 07:30:00,1.044110,1.045700,1.044010,1.045290,1.043850,1.045420,1.043750,1.045020
2016/12/16 08:00:00,1.045290,1.045500,1.043420,1.044100,1.045020,1.045240,1.043190,1.043850
2016/12/16 08:30:00,1.044100,1.044250,1.043240,1.043580,1.043850,1.044000,1.042990,1.043330
2016/12/16 09:00:00,1.043580,1.044100,1.042890,1.043700,1.043330,1.043840,1.042630,1.043440
2016/12/16 09:30:00,1.043700,1.046720,1.043550,1.046470,1.043440,1.046470,1.043300,1.046180
2016/12/16 10:00:00,1.046470,1.047360,1.045640,1.046010,1.046180,1.047090,1.045370,1.045760
2016/12/16 10:30:00,1.046010,1.046810,1.044970,1.045470,1.045760,1.046560,1.044720,1.045210
2016/12/16 11:00:00,1.045470,1.046040,1.044950,1.045030,1.045210,1.045780,1.044710,1.044780
2016/12/16 11:30:00,1.045030,1.045100,1.044170,1.044960,1.044780,1.044840,1.043910,1.044710
2016/12/16 12:00:00,1.044960,1.046070,1.044830,1.045800,1.044710,1.045810,1.044580,1.045540
2016/12/16 12:30:00,1.045800,1.047080,1.043540,1.043690,1.045540,1.046830,1.043320,1.043450
2016/12/16 13:00:00,1.043690,1.044440,1.043240,1.043380,1.043450,1.044200,1.042990,1.043060
2016/12/16 13:30:00,1.043380,1.045910,1.043380,1.044690,1.043060,1.045660,1.043060,1.044430
2016/12/16 14:00:00,1.044690,1.044710,1.041340,1.041560,1.044430,1.044450,1.041090,1.041300
2016/12/16 14:30:00,1.041560,1.043030,1.041060,1.042720,1.041300,1.042770,1.040800,1.042470
2016/12/16 15:00:00,1.042720,1.043810,1.042140,1.042290,1.042470,1.043590,1.041900,1.042070
2016/12/16 15:30:00,1.042290,1.042320,1.040200,1.041100,1.042070,1.042090,1.039950,1.040860
2016/12/16 16:00:00,1.041100,1.046090,1.041030,1.045110,1.040860,1.045820,1.040780,1.044860
2016/12/16 16:30:00,1.045110,1.047570,1.043420,1.045500,1.044860,1.047300,1.043150,1.045250
2016/12/16 17:00:00,1.045500,1.046550,1.045340,1.046070,1.045250,1.046290,1.045090,1.045810
2016/12/16 17:30:00,1.046070,1.046790,1.044700,1.044710,1.045810,1.046520,1.044430,1.044440
2016/12/16 18:00:00,1.044710,1.045620,1.044430,1.045400,1.044440,1.045350,1.044180,1.045160
2016/12/16 18:30:00,1.045400,1.045420,1.044130,1.044850,1.045160,1.045180,1.043870,1.044610
2016/12/16 19:00:00,1.044850,1.045210,1.043580,1.044130,1.044610,1.044960,1.043330,1.043880
2016/12/16 19:30:00,1.044130,1.044410,1.043160,1.043510,1.043880,1.044200,1.042910,1.043250
2016/12/16 20:00:00,1.043510,1.043850,1.043070,1.043560,1.043250,1.043600,1.042830,1.043310
2016/12/16 20:30:00,1.043560,1.044480,1.043530,1.044360,1.043310,1.044210,1.043280,1.044120
2016/12/16 21:00:00,1.044360,1.045030,1.044300,1.044600,1.044120,1.044810,1.044050,1.044340
2016/12/16 21:30:00,1.044600,1.046060,1.044400,1.045940,1.044340,1.045120,1.044150,1.045040
2016/12/18 19:30:00,1.045940,1.045940,1.043130,1.043780,1.045040,1.045040,1.042650,1.043020
2016/12/18 20:00:00,1.043780,1.043930,1.043580,1.043610,1.043020,1.043020,1.042920,1.042930
2016/12/18 20:30:00,1.043610,1.043880,1.043400,1.043650,1.042930,1.043290,1.042930,1.043000
2016/12/18 21:00:00,1.043650,1.043860,1.043530,1.043680,1.043000,1.043350,1.042930,1.042940
2016/12/18 21:30:00,1.043680,1.044980,1.043630,1.044530,1.042940,1.044120,1.042940,1.043720
2016/12/18 22:00:00,1.044530,1.045070,1.044000,1.044740,1.043720,1.044590,1.043520,1.044180
2016/12/18 22:30:00,1.044740,1.045150,1.044660,1.044820,1.044180,1.044680,1.043960,1.044540
2016/12/18 23:00:00,1.044820,1.045920,1.044810,1.045110,1.044540,1.045590,1.044510,1.044820
2016/12/18 23:30:00,1.045110,1.045320,1.044780,1.044800,1.044820,1.044990,1.044550,1.044560
2016/12/19 00:00:00,1.044800,1.046080,1.044410,1.045830,1.044560,1.045800,1.044170,1.045550
2016/12/19 00:30:00,1.045830,1.046820,1.045690,1.045700,1.045550,1.046540,1.045430,1.045440
2016/12/19 01:00:00,1.045700,1.046660,1.045660,1.046300,1.045440,1.046390,1.045400,1.046020
2016/12/19 01:30:00,1.046300,1.047050,1.046020,1.046170,1.046020,1.046790,1.045750,1.045920
2016/12/19 02:00:00,1.046170,1.046860,1.045990,1.046060,1.045920,1.046600,1.045740,1.045810
2016/12/19 02:30:00,1.046060,1.046280,1.045680,1.045910,1.045810,1.046020,1.045430,1.045650
2016/12/19 03:00:00,1.045910,1.045940,1.045400,1.045690,1.045650,1.045690,1.045140,1.045430
2016/12/19 03:30:00,1.045690,1.046100,1.045600,1.045960,1.045430,1.045860,1.045340,1.045730
2016/12/19 04:00:00,1.045960,1.046270,1.045720,1.045870,1.045730,1.045990,1.045460,1.045610
2016/12/19 04:30:00,1.045870,1.046320,1.045710,1.046260,1.045610,1.046060,1.045460,1.046000
2016/12/19 05:00:00,1.046260,1.046520,1.045930,1.046110,1.046000,1.046260,1.045660,1.045850
2016/12/19 05:30:00,1.046110,1.046740,1.045870,1.046730,1.045850,1.046470,1.045610,1.046460
2016/12/19 06:00:00,1.046730,1.046960,1.045890,1.046020,1.046460,1.046690,1.045640,1.045760
2016/12/19 06:30:00,1.046020,1.048090,1.045910,1.047730,1.045760,1.047830,1.045650,1.047470
2016/12/19 07:00:00,1.047730,1.047800,1.046180,1.046650,1.047470,1.047540,1.045910,1.046400
2016/12/19 07:30:00,1.046650,1.047670,1.046380,1.046650,1.046400,1.047400,1.046120,1.046420
2016/12/19 08:00:00,1.046650,1.046900,1.045760,1.046070,1.046420,1.046650,1.045510,1.045810
2016/12/19 08:30:00,1.046070,1.047010,1.045900,1.046560,1.045810,1.046750,1.045650,1.046270
2016/12/19 09:00:00,1.046560,1.047180,1.046240,1.046560,1.046270,1.046910,1.045990,1.046300
2016/12/19 09:30:00,1.046560,1.046720,1.044920,1.044950,1.046300,1.046470,1.044660,1.044680
2016/12/19 10:00:00,1.044950,1.045130,1.044240,1.044970,1.044680,1.044870,1.043980,1.044740
2016/12/19 10:30:00,1.044970,1.045010,1.043870,1.044570,1.044740,1.044770,1.043610,1.044320
2016/12/19 11:00:00,1.044570,1.044680,1.043520,1.043850,1.044320,1.044420,1.043260,1.043600
2016/12/19 11:30:00,1.043850,1.044130,1.042550,1.042960,1.043600,1.043870,1.042300,1.042700
2016/12/19 12:00:00,1.042960,1.043570,1.042640,1.042910,1.042700,1.043350,1.042400,1.042660
2016/12/19 12:30:00,1.042910,1.044130,1.042840,1.042950,1.042660,1.043890,1.042580,1.042720
2016/12/19 13:00:00,1.042950,1.043670,1.041360,1.041620,1.042720,1.043410,1.041130,1.041380
2016/12/19 13:30:00,1.041620,1.043150,1.041270,1.043030,1.041380,1.042900,1.041020,1.042770
2016/12/19 14:00:00,1.043030,1.043590,1.042480,1.043100,1.042770,1.043350,1.042240,1.042850
2016/12/19 14:30:00,1.043100,1.044250,1.042750,1.043070,1.042850,1.044010,1.042520,1.042840
2016/12/19 15:00:00,1.043070,1.045330,1.042940,1.045140,1.042840,1.045080,1.042700,1.044880
2016/12/19 15:30:00,1.045140,1.045310,1.043220,1.043630,1.044880,1.045070,1.042980,1.043390
2016/12/19 16:00:00,1.043630,1.045160,1.043470,1.045060,1.043390,1.044920,1.043220,1.044810
2016/12/19 16:30:00,1.045060,1.045350,1.044270,1.044610,1.044810,1.045110,1.044010,1.044360
2016/12/19 17:00:00,1.044610,1.044790,1.044070,1.044330,1.044360,1.044540,1.043830,1.044100
2016/12/19 17:30:00,1.044330,1.044670,1.043990,1.044510,1.044100,1.044410,1.043740,1.044260
2016/12/19 18:00:00,1.044510,1.045210,1.044440,1.044910,1.044260,1.044970,1.044180,1.044650
2016/12/19 18:30:00,1.044910,1.044930,1.041510,1.042680,1.044650,1.044670,1.041250,1.042420
2016/12/19 19:00:00,1.042680,1.043000,1.040910,1.040920,1.042420,1.042750,1.040640,1.040650
2016/12/19 19:30:00,1.040920,1.041110,1.039620,1.040510,1.040650,1.040840,1.039370,1.040260
2016/12/19 20:00:00,1.040510,1.040830,1.039960,1.040300,1.040260,1.040590,1.039730,1.040050
2016/12/19 20:30:00,1.040300,1.040780,1.040120,1.040170,1.040050,1.040540,1.039870,1.039910
2016/12/19 21:00:00,1.040170,1.040260,1.039390,1.039810,1.039910,1.040000,1.039120,1.039570
2016/12/19 21:30:00,1.039810,1.040560,1.039790,1.040500,1.039570,1.040300,1.039520,1.040100
2016/12/19 22:00:00,1.040500,1.040740,1.039610,1.040230,1.040100,1.040160,1.039180,1.039970
2016/12/19 22:30:00,1.040230,1.040410,1.039890,1.040360,1.039970,1.040120,1.039570,1.040010
2016/12/19 23:00:00,1.040360,1.040740,1.040130,1.040410,1.040010,1.040500,1.039840,1.040150
2016/12/19 23:30:00,1.040410,1.040660,1.039990,1.040410,1.040150,1.040400,1.039740,1.040150
2016/12/20 00:00:00,1.040410,1.040470,1.039770,1.039960,1.040150,1.040210,1.039500,1.039700
2016/12/20 00:30:00,1.039960,1.041420,1.039960,1.040410,1.039700,1.041160,1.039700,1.040150
2016/12/20 01:00:00,1.040410,1.040920,1.040000,1.040450,1.040150,1.040640,1.039730,1.040180
2016/12/20 01:30:00,1.040450,1.041390,1.040390,1.041200,1.040180,1.041120,1.040130,1.040900
2016/12/20 02:00:00,1.041200,1.041950,1.040990,1.041000,1.040900,1.041680,1.040720,1.040730
2016/12/20 02:30:00,1.041000,1.041870,1.040700,1.041140,1.040730,1.041620,1.040460,1.040870
2016/12/20 03:00:00,1.041140,1.041570,1.040600,1.041380,1.040870,1.041280,1.040330,1.041110
2016/12/20 03:30:00,1.041380,1.041780,1.040840,1.041620,1.041110,1.041510,1.040570,1.041350
2016/12/20 04:00:00,1.041620,1.041670,1.040570,1.040590,1.041350,1.041410,1.040310,1.040330
2016/12/20 04:30:00,1.040590,1.040730,1.040040,1.040380,1.040330,1.040480,1.039760,1.040120
2016/12/20 05:00:00,1.040380,1.040440,1.039390,1.039990,1.040120,1.040180,1.039100,1.039740
2016/12/20 05:30:00,1.039990,1.040320,1.039670,1.039830,1.039740,1.040070,1.039410,1.039560
2016/12/20 06:00:00,1.039830,1.039830,1.038220,1.038400,1.039560,1.039570,1.037960,1.038140
2016/12/20 06:30:00,1.038400,1.038590,1.037700,1.038590,1.038140,1.038320,1.037450,1.038320
2016/12/20 07:00:00,1.038590,1.039610,1.038230,1.038690,1.038320,1.039340,1.037940,1.038430
2016/12/20 07:30:00,1.038690,1.039560,1.038670,1.039260,1.038430,1.039320,1.038420,1.039050
2016/12/20 08:00:00,1.039260,1.039940,1.038120,1.038500,1.039050,1.039680,1.037870,1.038280
2016/12/20 08:30:00,1.038500,1.038900,1.038100,1.038700,1.038280,1.038650,1.037860,1.038430
2016/12/20 09:00:00,1.038700,1.039220,1.038510,1.039180,1.038430,1.038970,1.038250,1.038940
2016/12/20 09:30:00,1.039180,1.039180,1.038230,1.038490,1.038940,1.038940,1.037980,1.038230
2016/12/20 10:00:00,1.038490,1.038710,1.037670,1.038510,1.038230,1.038460,1.037430,1.038260
2016/12/20 10:30:00,1.038510,1.039290,1.038410,1.039090,1.038260,1.039050,1.038160,1.038840
2016/12/20 11:00:00,1.039090,1.039270,1.037890,1.038210,1.038840,1.039020,1.037630,1.037960
2016/12/20 11:30:00,1.038210,1.038470,1.037880,1.038000,1.037960,1.038210,1.037640,1.037750
2016/12/20 12:00:00,1.038000,1.038500,1.036340,1.036350,1.037750,1.038260,1.036080,1.036090
2016/12/20 12:30:00,1.036350,1.036680,1.035350,1.035740,1.036090,1.036410,1.035110,1.035480
2016/12/20 13:00:00,1.035740,1.036570,1.035550,1.035910,1.035480,1.036330,1.035310,1.035650
2016/12/20 13:30:00,1.035910,1.037140,1.035510,1.037080,1.035650,1.036890,1.035270,1.036830
2016/12/20 14:00:00,1.037080,1.037080,1.036150,1.036870,1.036830,1.036830,1.035900,1.036610
2016/12/20 14:30:00,1.036870,1.038030,1.036470,1.037270,1.036610,1.037810,1.036230,1.037020
2016/12/20 15:00:00,1.037270,1.039060,1.036800,1.038140,1.037020,1.038820,1.036550,1.037910
2016/12/20 15:30:00,1.038140,1.039050,1.037620,1.037810,1.037910,1.038820,1.037370,1.037550
2016/12/20 16:00:00,1.037810,1.038410,1.037270,1.037580,1.037550,1.038140,1.037030,1.037340
2016/12/20 16:30:00,1.037580,1.039740,1.037500,1.039130,1.037340,1.039490,1.037240,1.038870
2016/12/20 17:00:00,1.039130,1.039930,1.039050,1.039310,1.038870,1.039680,1.038790,1.039070
2016/12/20 17:30:00,1.039310,1.040110,1.038970,1.039880,1.039070,1.039860,1.038710,1.039630
2016/12/20 18:00:00,1.039880,1.040910,1.039360,1.039520,1.039630,1.040650,1.039110,1.039280
2016/12/20 18:30:00,1.039520,1.040050,1.039220,1.039540,1.039280,1.039790,1.038970,1.039280
2016/12/20 19:00:00,1.039540,1.039680,1.039110,1.039180,1.039280,1.039430,1.038860,1.038930
2016/12/20 19:30:00,1.039180,1.039590,1.038750,1.039000,1.038930,1.039330,1.038510,1.038740
2016/12/20 20:00:00,1.039000,1.039260,1.038760,1.038850,1.038740,1.039000,1.038520,1.038600
2016/12/20 20:30:00,1.038850,1.039410,1.038690,1.039100,1.038600,1.039160,1.038440,1.038840
2016/12/20 21:00:00,1.039100,1.039370,1.038780,1.038940,1.038840,1.039110,1.038530,1.038680
2016/12/20 21:30:00,1.038940,1.039340,1.038850,1.039200,1.038680,1.039080,1.038420,1.038480
2016/12/20 22:00:00,1.039200,1.039320,1.038790,1.039080,1.038480,1.039160,1.038420,1.038800
2016/12/20 22:30:00,1.039080,1.039490,1.039080,1.039190,1.038800,1.039220,1.038740,1.038880
2016/12/20 23:00:00,1.039190,1.039970,1.039190,1.039530,1.038880,1.039700,1.038850,1.039260
2016/12/20 23:30:00,1.039530,1.039640,1.038890,1.039220,1.039260,1.039390,1.038600,1.038950
2016/12/21 00:00:00,1.039220,1.040390,1.039080,1.039190,1.038950,1.040130,1.038840,1.038920
2016/12/21 00:30:00,1.039190,1.039800,1.039150,1.039200,1.038920,1.039560,1.038900,1.038930
2016/12/21 01:00:00,1.039200,1.039420,1.038380,1.039200,1.038930,1.039170,1.038120,1.038930
2016/12/21 01:30:00,1.039200,1.039900,1.038810,1.039760,1.038930,1.039630,1.038560,1.039500
2016/12/21 02:00:00,1.039760,1.042060,1.039710,1.041540,1.039500,1.041800,1.039430,1.041280
2016/12/21 02:30:00,1.041540,1.041670,1.040710,1.041090,1.041280,1.041420,1.040460,1.040820
2016/12/21 03:00:00,1.041090,1.041470,1.040810,1.041340,1.040820,1.041210,1.040550,1.041070
2016/12/21 03:30:00,1.041340,1.041590,1.040940,1.041140,1.041070,1.041330,1.040680,1.040870
2016/12/21 04:00:00,1.041140,1.041470,1.040900,1.041280,1.040870,1.041210,1.040680,1.041010
2016/12/21 04:30:00,1.041280,1.041700,1.041130,1.041400,1.041010,1.041430,1.040870,1.041140
2016/12/21 05:00:00,1.041400,1.041410,1.040790,1.041260,1.041140,1.041140,1.040540,1.041000
2016/12/21 05:30:00,1.041260,1.041620,1.040370,1.040560,1.041000,1.041370,1.040110,1.040300
2016/12/21 06:00:00,1.040560,1.040910,1.040280,1.040650,1.040300,1.040660,1.040020,1.040390
2016/12/21 06:30:00,1.040650,1.041860,1.040580,1.041470,1.040390,1.041620,1.040320,1.041200
2016/12/21 07:00:00,1.041470,1.041660,1.040870,1.041140,1.041200,1.041400,1.040600,1.040880
2016/12/21 07:30:00,1.041140,1.041410,1.040740,1.040850,1.040880,1.041150,1.040470,1.040610
2016/12/21 08:00:00,1.040850,1.041060,1.039560,1.040620,1.040610,1.040810,1.039300,1.040360
2016/12/21 08:30:00,1.040620,1.040710,1.039740,1.040280,1.040360,1.040450,1.039490,1.040020
2016/12/21 09:00:00,1.040280,1.040720,1.039700,1.040180,1.040020,1.040460,1.039450,1.039920
2016/12/21 09:30:00,1.040180,1.040610,1.039780,1.039940,1.039920,1.040350,1.039520,1.039700
2016/12/21 10:00:00,1.039940,1.040200,1.038970,1.040110,1.039700,1.039950,1.038710,1.039860
2016/12/21 10:30:00,1.040110,1.041010,1.039760,1.040970,1.039860,1.040760,1.039510,1.040710
2016/12/21 11:00:00,1.040970,1.041210,1.040490,1.040870,1.040710,1.040960,1.040250,1.040610
2016/12/21 11:30:00,1.040870,1.040980,1.040420,1.040790,1.040610,1.040720,1.040170,1.040530
2016/12/21 12:00:00,1.040790,1.043410,1.040780,1.043100,1.040530,1.043150,1.040530,1.042840
2016/12/21 12:30:00,1.043100,1.043440,1.041960,1.042050,1.042840,1.043200,1.041710,1.041790
2016/12/21 13:00:00,1.042050,1.043340,1.041940,1.042870,1.041790,1.043140,1.041700,1.042620
2016/12/21 13:30:00,1.042870,1.044340,1.042710,1.044270,1.042620,1.044090,1.042450,1.044000
2016/12/21 14:00:00,1.044270,1.045210,1.043750,1.044360,1.044000,1.044980,1.043500,1.044120
2016/12/21 14:30:00,1.044360,1.045250,1.043980,1.044390,1.044120,1.045000,1.043730,1.044080
2016/12/21 15:00:00,1.044390,1.045200,1.043730,1.044030,1.044080,1.044940,1.043480,1.043770
2016/12/21 15:30:00,1.044030,1.045190,1.043350,1.043410,1.043770,1.044940,1.043100,1.043170
2016/12/21 16:00:00,1.043410,1.043600,1.042580,1.042650,1.043170,1.043360,1.042330,1.042400
2016/12/21 16:30:00,1.042650,1.043230,1.042220,1.042650,1.042400,1.042980,1.041970,1.042410
2016/12/21 17:00:00,1.042650,1.044000,1.042490,1.043510,1.042410,1.043750,1.042250,1.043250
2016/12/21 17:30:00,1.043510,1.043540,1.042590,1.042860,1.043250,1.043320,1.042350,1.042630
2016/12/21 18:00:00,1.042860,1.043070,1.042070,1.042810,1.042630,1.042820,1.041840,1.042570
2016/12/21 18:30:00,1.042810,1.043070,1.042530,1.042800,1.042570,1.042810,1.042260,1.042550
2016/12/21 19:00:00,1.042800,1.042920,1.042500,1.042790,1.042550,1.042700,1.042250,1.042540
2016/12/21 19:30:00,1.042790,1.043010,1.042670,1.042690,1.042540,1.042760,1.042410,1.042440
2016/12/21 20:00:00,1.042690,1.043360,1.042690,1.042920,1.042440,1.043110,1.042440,1.042670
2016/12/21 20:30:00,1.042920,1.043230,1.042800,1.043220,1.042670,1.042970,1.042560,1.042960
2016/12/21 21:00:00,1.043220,1.043520,1.042310,1.042630,1.042960,1.043280,1.042030,1.042400
2016/12/21 21:30:00,1.042630,1.042730,1.042280,1.042610,1.042400,1.042470,1.042030,1.042220
2016/12/21 22:00:00,1.042610,1.043470,1.042500,1.043030,1.042220,1.042920,1.042200,1.042700
2016/12/21 22:30:00,1.043030,1.043130,1.042700,1.042940,1.042700,1.042860,1.042210,1.042550
2016/12/21 23:00:00,1.042940,1.043040,1.042690,1.042970,1.042550,1.042800,1.042390,1.042710
2016/12/21 23:30:00,1.042970,1.043030,1.042580,1.042780,1.042710,1.042780,1.042310,1.042510
2016/12/22 00:00:00,1.042780,1.044010,1.042680,1.043540,1.042510,1.043750,1.042420,1.043290
2016/12/22 00:30:00,1.043540,1.043970,1.043130,1.043640,1.043290,1.043700,1.042870,1.043380
2016/12/22 01:00:00,1.043640,1.044600,1.043630,1.044400,1.043380,1.044350,1.043370,1.044140
2016/12/22 01:30:00,1.044400,1.044940,1.043910,1.044370,1.044140,1.044670,1.043640,1.044100
2016/12/22 02:00:00,1.044370,1.044480,1.043610,1.043780,1.044100,1.044230,1.043350,1.043520
2016/12/22 02:30:00,1.043780,1.044160,1.043700,1.044060,1.043520,1.043900,1.043440,1.043810
2016/12/22 03:00:00,1.044060,1.044080,1.043650,1.044050,1.043810,1.043820,1.043390,1.043790
2016/12/22 03:30:00,1.044050,1.044620,1.043830,1.044220,1.043790,1.044350,1.043590,1.043960
2016/12/22 04:00:00,1.044220,1.044270,1.043650,1.043680,1.043960,1.044010,1.043400,1.043420
2016/12/22 04:30:00,1.043680,1.043880,1.043520,1.043880,1.043420,1.043620,1.043250,1.043620
2016/12/22 05:00:00,1.043880,1.044020,1.043280,1.043530,1.043620,1.043760,1.043020,1.043270
2016/12/22 05:30:00,1.043530,1.044020,1.043400,1.043870,1.043270,1.043760,1.043150,1.043620
2016/12/22 06:00:00,1.043870,1.043920,1.043360,1.043860,1.043620,1.043670,1.043120,1.043600
2016/12/22 06:30:00,1.043860,1.044890,1.043630,1.044550,1.043600,1.044650,1.043390,1.044280
2016/12/22 07:00:00,1.044550,1.045760,1.044340,1.044530,1.044280,1.045510,1.044080,1.044270
2016/12/22 07:30:00,1.044530,1.044760,1.043840,1.043940,1.044270,1.044500,1.043590,1.043690
2016/12/22 08:00:00,1.043940,1.045520,1.043450,1.044580,1.043690,1.045270,1.043200,1.044330
2016/12/22 08:30:00,1.044580,1.045470,1.044090,1.044290,1.044330,1.045220,1.043850,1.044050
2016/12/22 09:00:00,1.044290,1.045700,1.044290,1.045360,1.044050,1.045440,1.044030,1.045110
2016/12/22 09:30:00,1.045360,1.045500,1.044300,1.044420,1.045110,1.045240,1.044050,1.044170
2016/12/22 10:00:00,1.044420,1.046920,1.044200,1.046640,1.044170,1.046690,1.043940,1.046390
2016/12/22 10:30:00,1.046640,1.047120,1.046210,1.046640,1.046390,1.046890,1.045960,1.046390
2016/12/22 11:00:00,1.046640,1.047170,1.046330,1.046570,1.046390,1.046930,1.046080,1.046330
2016/12/22 11:30:00,1.046570,1.046700,1.044750,1.045050,1.046330,1.046450,1.044490,1.044800
2016/12/22 12:00:00,1.045050,1.045490,1.044770,1.044940,1.044800,1.045250,1.044520,1.044700
2016/12/22 12:30:00,1.044940,1.045330,1.044100,1.044990,1.044700,1.045080,1.043860,1.044770
2016/12/22 13:00:00,1.044990,1.045410,1.043620,1.044020,1.044770,1.045170,1.043380,1.043720
2016/12/22 13:30:00,1.044020,1.045230,1.043060,1.044020,1.043720,1.044990,1.042810,1.043770
2016/12/22 14:00:00,1.044020,1.046420,1.043800,1.046110,1.043770,1.046180,1.043570,1.045870
2016/12/22 14:30:00,1.046110,1.046480,1.045250,1.046050,1.045870,1.046220,1.044990,1.045770
2016/12/22 15:00:00,1.046050,1.050100,1.046050,1.048450,1.045770,1.049850,1.045760,1.048210
2016/12/22 15:30:00,1.048450,1.048900,1.045630,1.045960,1.048210,1.048640,1.045390,1.045720
2016/12/22 16:00:00,1.045960,1.046360,1.045180,1.045590,1.045720,1.046090,1.044940,1.045350
2016/12/22 16:30:00,1.045590,1.045960,1.044710,1.045410,1.045350,1.045710,1.044470,1.045160
2016/12/22 17:00:00,1.045410,1.045520,1.043870,1.044560,1.045160,1.045270,1.043620,1.044300
2016/12/22 17:30:00,1.044560,1.045000,1.043860,1.044290,1.044300,1.044750,1.043600,1.044070
2016/12/22 18:00:00,1.044290,1.044880,1.044170,1.044470,1.044070,1.044650,1.043910,1.044230
2016/12/22 18:30:00,1.044470,1.044720,1.043590,1.043960,1.044230,1.044480,1.043360,1.043710
2016/12/22 19:00:00,1.043960,1.044010,1.043360,1.043460,1.043710,1.043760,1.043120,1.043200
2016/12/22 19:30:00,1.043460,1.043900,1.043350,1.043650,1.043200,1.043640,1.043110,1.043410
2016/12/22 20:00:00,1.043650,1.043940,1.043330,1.043900,1.043410,1.043690,1.043070,1.043640
2016/12/22 20:30:00,1.043900,1.043950,1.043500,1.043560,1.043640,1.043750,1.043240,1.043290
2016/12/22 21:00:00,1.043560,1.043910,1.043540,1.043890,1.043290,1.043660,1.043280,1.043610
2016/12/22 21:30:00,1.043890,1.044020,1.043700,1.043940,1.043610,1.043780,1.043300,1.043380
2016/12/22 22:00:00,1.043940,1.044010,1.043720,1.043960,1.043380,1.043780,1.043190,1.043680
2016/12/22 22:30:00,1.043960,1.044400,1.043470,1.043790,1.043680,1.043740,1.043120,1.043320
2016/12/22 23:00:00,1.043790,1.043950,1.043580,1.043910,1.043320,1.043670,1.043270,1.043610
2016/12/22 23:30:00,1.043910,1.044120,1.043820,1.043940,1.043610,1.043890,1.043530,1.043660
2016/12/23 00:00:00,1.043940,1.044070,1.043690,1.044010,1.043660,1.043810,1.043420,1.043750
2016/12/23 00:30:00,1.044010,1.044250,1.043760,1.043810,1.043750,1.044000,1.043510,1.043560
2016/12/23 01:00:00,1.043810,1.044420,1.043810,1.044280,1.043560,1.044160,1.043550,1.044030
2016/12/23 01:30:00,1.044280,1.044620,1.043990,1.044590,1.044030,1.044370,1.043730,1.044340
2016/12/23 02:00:00,1.044590,1.044650,1.044320,1.044430,1.044340,1.044400,1.044060,1.044180
2016/12/23 02:30:00,1.044430,1.044570,1.044140,1.044170,1.044180,1.044300,1.043890,1.043920
2016/12/23 03:00:00,1.044170,1.044320,1.044070,1.044230,1.043920,1.044060,1.043820,1.043970
2016/12/23 03:30:00,1.044230,1.044550,1.044220,1.044530,1.043970,1.044300,1.043970,1.044270
2016/12/23 04:00:00,1.044530,1.044560,1.044230,1.044440,1.044270,1.044290,1.043970,1.044190
2016/12/23 04:30:00,1.044440,1.045160,1.044340,1.045010,1.044190,1.044900,1.044090,1.044750
2016/12/23 05:00:00,1.045010,1.045140,1.044650,1.044800,1.044750,1.044900,1.044400,1.044540
2016/12/23 05:30:00,1.044800,1.045110,1.044700,1.045100,1.044540,1.044860,1.044460,1.044840
2016/12/23 06:00:00,1.045100,1.045390,1.044650,1.045390,1.044840,1.045130,1.044400,1.045130
2016/12/23 06:30:00,1.045390,1.045390,1.044230,1.044560,1.045130,1.045130,1.043970,1.044300
2016/12/23 07:00:00,1.044560,1.044910,1.044490,1.044690,1.044300,1.044650,1.044230,1.044440
2016/12/23 07:30:00,1.044690,1.044720,1.043900,1.044050,1.044440,1.044460,1.043620,1.043790
2016/12/23 08:00:00,1.044050,1.044490,1.043730,1.044440,1.043790,1.044220,1.043470,1.044190
2016/12/23 08:30:00,1.044440,1.045060,1.044170,1.044950,1.044190,1.044810,1.043930,1.044680
2016/12/23 09:00:00,1.044950,1.045490,1.044470,1.045440,1.044680,1.045240,1.044230,1.045160
2016/12/23 09:30:00,1.045440,1.046470,1.045390,1.045660,1.045160,1.046210,1.045130,1.045410
2016/12/23 10:00:00,1.045660,1.046120,1.045000,1.045080,1.045410,1.045880,1.044740,1.044840
2016/12/23 10:30:00,1.045080,1.045540,1.044570,1.044650,1.044840,1.045290,1.044340,1.044390
2016/12/23 11:00:00,1.044650,1.045120,1.044080,1.044960,1.044390,1.044880,1.043840,1.044710
2016/12/23 11:30:00,1.044960,1.045560,1.044700,1.045400,1.044710,1.045300,1.044460,1.045140
2016/12/23 12:00:00,1.045400,1.045800,1.044800,1.045510,1.045140,1.045560,1.044550,1.045280
2016/12/23 12:30:00,1.045510,1.045790,1.044860,1.044900,1.045280,1.045530,1.044590,1.044690
2016/12/23 13:00:00,1.044900,1.045060,1.043980,1.044100,1.044690,1.044790,1.043730,1.043840
2016/12/23 13:30:00,1.044100,1.044800,1.043320,1.043560,1.043840,1.044550,1.043060,1.043310
2016/12/23 14:00:00,1.043560,1.044110,1.042790,1.044080,1.043310,1.043870,1.042540,1.043830
2016/12/23 14:30:00,1.044080,1.044370,1.043250,1.043650,1.043830,1.044100,1.042990,1.043360
2016/12/23 15:00:00,1.043650,1.045490,1.043380,1.045300,1.043360,1.045230,1.043120,1.045040
2016/12/23 15:30:00,1.045300,1.047060,1.044620,1.046330,1.045040,1.046760,1.044360,1.046070
2016/12/23 16:00:00,1.046330,1.046440,1.045010,1.045090,1.046070,1.046200,1.044740,1.044840
2016/12/23 16:30:00,1.045090,1.045400,1.044740,1.044980,1.044840,1.045140,1.044480,1.044720
2016/12/23 17:00:00,1.044980,1.045280,1.044520,1.045150,1.044720,1.045020,1.044260,1.044900
2016/12/23 17:30:00,1.045150,1.045320,1.044760,1.044880,1.044900,1.045060,1.044490,1.044620
2016/12/23 18:00:00,1.044880,1.045230,1.044530,1.044810,1.044620,1.044970,1.044260,1.044540
2016/12/23 18:30:00,1.044810,1.045070,1.044670,1.044960,1.044540,1.044830,1.044390,1.044700
2016/12/23 19:00:00,1.044960,1.045090,1.044750,1.045050,1.044700,1.044870,1.044480,1.044800
2016/12/23 19:30:00,1.045050,1.045580,1.044840,1.045360,1.044800,1.045320,1.044570,1.045100
2016/12/23 20:00:00,1.045360,1.045400,1.044900,1.045130,1.045100,1.045120,1.044630,1.044860
2016/12/23 20:30:00,1.045130,1.045560,1.044950,1.045050,1.044860,1.045290,1.044650,1.044780
2016/12/23 21:00:00,1.045050,1.045380,1.044910,1.045270,1.044780,1.045090,1.044640,1.044950
2016/12/23 21:30:00,1.045270,1.046270,1.045230,1.046120,1.044950,1.045620,1.044780,1.044780
2016/12/27 00:00:00,1.046120,1.046120,1.045030,1.045390,1.044780,1.045400,1.044750,1.045090
2016/12/27 00:30:00,1.045390,1.045500,1.044680,1.044690,1.045090,1.045240,1.044420,1.044430
2016/12/27 01:00:00,1.044690,1.045320,1.044050,1.044410,1.044430,1.045040,1.043760,1.044120
2016/12/27 01:30:00,1.044410,1.044620,1.043380,1.043550,1.044120,1.044330,1.043100,1.043300
2016/12/27 02:00:00,1.043550,1.043910,1.043400,1.043720,1.043300,1.043650,1.043140,1.043490
2016/12/27 02:30:00,1.043720,1.043880,1.043480,1.043870,1.043490,1.043620,1.043210,1.043610
2016/12/27 03:00:00,1.043870,1.044110,1.043580,1.043780,1.043610,1.043840,1.043330,1.043520
2016/12/27 03:30:00,1.043780,1.043970,1.043530,1.043760,1.043520,1.043710,1.043260,1.043490
2016/12/27 04:00:00,1.043760,1.044200,1.043610,1.044120,1.043490,1.043950,1.043340,1.043840
2016/12/27 04:30:00,1.044120,1.044320,1.044000,1.044230,1.043840,1.044070,1.043720,1.043970
2016/12/27 05:00:00,1.044230,1.044350,1.043970,1.044120,1.043970,1.044080,1.043720,1.043850
2016/12/27 05:30:00,1.044120,1.044720,1.044030,1.044690,1.043850,1.044470,1.043780,1.044440
2016/12/27 06:00:00,1.044690,1.044990,1.044460,1.044860,1.044440,1.044730,1.044210,1.044600
2016/12/27 06:30:00,1.044860,1.045250,1.044810,1.044900,1.044600,1.044980,1.044550,1.044640
2016/12/27 07:00:00,1.044900,1.045100,1.044040,1.044350,1.044640,1.044830,1.043780,1.044090
2016/12/27 07:30:00,1.044350,1.045430,1.044270,1.044440,1.044090,1.045170,1.044010,1.044180
2016/12/27 08:00:00,1.044440,1.045210,1.044440,1.045090,1.044180,1.044950,1.044180,1.044830
2016/12/27 08:30:00,1.045090,1.045510,1.044820,1.045200,1.044830,1.045250,1.044560,1.044940
2016/12/27 09:00:00,1.045200,1.045680,1.045110,1.045300,1.044940,1.045430,1.044860,1.045030
2016/12/27 09:30:00,1.045300,1.045370,1.044790,1.045200,1.045030,1.045120,1.044560,1.044940
2016/12/27 10:00:00,1.045200,1.045650,1.044780,1.044940,1.044940,1.045430,1.044520,1.044700
2016/12/27 10:30:00,1.044940,1.045710,1.044940,1.045350,1.044700,1.045460,1.044680,1.045090
2016/12/27 11:00:00,1.045350,1.045540,1.045040,1.045520,1.045090,1.045310,1.044780,1.045290
2016/12/27 11:30:00,1.045520,1.045570,1.044900,1.045100,1.045290,1.045320,1.044670,1.044850
2016/12/27 12:00:00,1.045100,1.045200,1.044190,1.044220,1.044850,1.044940,1.043930,1.043960
2016/12/27 12:30:00,1.044220,1.044540,1.044150,1.044360,1.043960,1.044290,1.043900,1.044130
2016/12/27 13:00:00,1.044360,1.044820,1.044250,1.044620,1.044130,1.044570,1.044010,1.044370
2016/12/27 13:30:00,1.044620,1.044820,1.044260,1.044450,1.044370,1.044560,1.044010,1.044220
2016/12/27 14:00:00,1.044450,1.045350,1.044330,1.045310,1.044220,1.045100,1.044090,1.045050
2016/12/27 14:30:00,1.045310,1.045540,1.044970,1.045340,1.045050,1.045300,1.044730,1.045080
2016/12/27 15:00:00,1.045340,1.045810,1.045050,1.045750,1.045080,1.045570,1.044790,1.045490
2016/12/27 15:30:00,1.045750,1.046140,1.045420,1.045910,1.045490,1.045880,1.045180,1.045650
2016/12/27 16:00:00,1.045910,1.046480,1.045640,1.046280,1.045650,1.046210,1.045390,1.046020
2016/12/27 16:30:00,1.046280,1.046350,1.045800,1.045840,1.046020,1.046100,1.045540,1.045600
2016/12/27 17:00:00,1.045840,1.046020,1.045730,1.045890,1.045600,1.045770,1.045480,1.045640
2016/12/27 17:30:00,1.045890,1.046020,1.045440,1.045760,1.045640,1.045770,1.045190,1.045500
2016/12/27 18:00:00,1.045760,1.045790,1.045240,1.045410,1.045500,1.045560,1.044970,1.045150
2016/12/27 18:30:00,1.045410,1.045770,1.045280,1.045360,1.045150,1.045550,1.045020,1.045100
2016/12/27 19:00:00,1.045360,1.045850,1.045330,1.045730,1.045100,1.045610,1.045070,1.045480
2016/12/27 19:30:00,1.045730,1.045990,1.045570,1.045820,1.045480,1.045730,1.045320,1.045560
2016/12/27 20:00:00,1.045820,1.045990,1.045550,1.045690,1.045560,1.045730,1.045290,1.045440
2016/12/27 20:30:00,1.045690,1.045950,1.045560,1.045670,1.045440,1.045690,1.045310,1.045410
2016/12/27 21:00:00,1.045670,1.045980,1.045630,1.045790,1.045410,1.045720,1.045370,1.045530
2016/12/27 21:30:00,1.045790,1.046040,1.045790,1.046040,1.045530,1.045710,1.045430,1.045600
2016/12/27 22:00:00,1.046040,1.046210,1.045580,1.046060,1.045600,1.045730,1.045280,1.045670
2016/12/27 22:30:00,1.046060,1.046340,1.045890,1.046000,1.045670,1.045960,1.045590,1.045710
2016/12/27 23:00:00,1.046000,1.046290,1.045860,1.045960,1.045710,1.046010,1.045590,1.045660
2016/12/27 23:30:00,1.045960,1.046320,1.045850,1.046280,1.045660,1.046030,1.045550,1.046020
2016/12/28 00:00:00,1.046280,1.046570,1.046100,1.046410,1.046020,1.046290,1.045840,1.046150
2016/12/28 00:30:00,1.046410,1.046890,1.045950,1.046570,1.046150,1.046610,1.045680,1.046300
2016/12/28 01:00:00,1.046570,1.047500,1.046420,1.047380,1.046300,1.047220,1.046150,1.047110
2016/12/28 01:30:00,1.047380,1.047650,1.046920,1.047030,1.047110,1.047400,1.046650,1.046780
2016/12/28 02:00:00,1.047030,1.047320,1.046760,1.047090,1.046780,1.047070,1.046510,1.046830
2016/12/28 02:30:00,1.047090,1.047220,1.046600,1.046610,1.046830,1.046950,1.046340,1.046350
2016/12/28 03:00:00,1.046610,1.047110,1.046580,1.046860,1.046350,1.046840,1.046320,1.046610
2016/12/28 03:30:00,1.046860,1.047160,1.046620,1.047100,1.046610,1.046900,1.046360,1.046840
2016/12/28 04:00:00,1.047100,1.047410,1.047030,1.047270,1.046840,1.047160,1.046780,1.047010
2016/12/28 04:30:00,1.047270,1.047330,1.046950,1.047160,1.047010,1.047060,1.046680,1.046890
2016/12/28 05:00:00,1.047160,1.047600,1.047060,1.047550,1.046890,1.047340,1.046800,1.047290
2016/12/28 05:30:00,1.047550,1.048130,1.047490,1.047970,1.047290,1.047880,1.047230,1.047700
2016/12/28 06:00:00,1.047970,1.048100,1.047530,1.047630,1.047700,1.047830,1.047270,1.047370
2016/12/28 06:30:00,1.047630,1.047900,1.047260,1.047310,1.047370,1.047630,1.047000,1.047010
2016/12/28 07:00:00,1.047310,1.047310,1.046670,1.046980,1.047010,1.047020,1.046430,1.046740
2016/12/28 07:30:00,1.046980,1.047340,1.046550,1.046800,1.046740,1.047090,1.046320,1.046560
2016/12/28 08:00:00,1.046800,1.046830,1.045100,1.045430,1.046560,1.046590,1.044860,1.045170
2016/12/28 08:30:00,1.045430,1.045560,1.044240,1.044310,1.045170,1.045300,1.043980,1.044060
2016/12/28 09:00:00,1.044310,1.044760,1.043560,1.043960,1.044060,1.044510,1.043300,1.043700
2016/12/28 09:30:00,1.043960,1.044130,1.043550,1.044110,1.043700,1.043880,1.043310,1.043870
2016/12/28 10:00:00,1.044110,1.044690,1.043860,1.043880,1.043870,1.044420,1.043600,1.043630
2016/12/28 10:30:00,1.043880,1.044070,1.043310,1.043340,1.043630,1.043820,1.043060,1.043090
2016/12/28 11:00:00,1.043340,1.043740,1.041300,1.041650,1.043090,1.043470,1.041040,1.041400
2016/12/28 11:30:00,1.041650,1.042060,1.041110,1.041870,1.041400,1.041800,1.040850,1.041610
2016/12/28 12:00:00,1.041870,1.041990,1.039950,1.040200,1.041610,1.041740,1.039680,1.039950
2016/12/28 12:30:00,1.040200,1.040250,1.039480,1.039850,1.039950,1.040010,1.039240,1.039610
2016/12/28 13:00:00,1.039850,1.040330,1.039520,1.040000,1.039610,1.040090,1.039260,1.039760
2016/12/28 13:30:00,1.040000,1.040030,1.038790,1.039480,1.039760,1.039780,1.038550,1.039220
2016/12/28 14:00:00,1.039480,1.039720,1.039090,1.039560,1.039220,1.039530,1.038840,1.039320
2016/12/28 14:30:00,1.039560,1.040160,1.038840,1.038970,1.039320,1.039910,1.038570,1.038700
2016/12/28 15:00:00,1.038970,1.040480,1.038610,1.039540,1.038700,1.040230,1.038380,1.039280
2016/12/28 15:30:00,1.039540,1.040240,1.039200,1.039450,1.039280,1.040010,1.038940,1.039190
2016/12/28 16:00:00,1.039450,1.040010,1.039160,1.039680,1.039190,1.039770,1.038900,1.039430
2016/12/28 16:30:00,1.039680,1.040040,1.038940,1.039030,1.039430,1.039790,1.038690,1.038780
2016/12/28 17:00:00,1.039030,1.039120,1.037350,1.037540,1.038780,1.038880,1.037100,1.037270
2016/12/28 17:30:00,1.037540,1.038780,1.037520,1.038530,1.037270,1.038530,1.037260,1.038270
2016/12/28 18:00:00,1.038530,1.039720,1.038390,1.039700,1.038270,1.039470,1.038130,1.039460
2016/12/28 18:30:00,1.039700,1.040070,1.039400,1.039940,1.039460,1.039800,1.039130,1.039680
2016/12/28 19:00:00,1.039940,1.040960,1.039580,1.040600,1.039680,1.040720,1.039320,1.040340
2016/12/28 19:30:00,1.040600,1.041470,1.040380,1.041030,1.040340,1.041220,1.040150,1.040780
2016/12/28 20:00:00,1.041030,1.042000,1.040680,1.041400,1.040780,1.041750,1.040430,1.041160
2016/12/28 20:30:00,1.041400,1.041660,1.040830,1.040920,1.041160,1.041420,1.040590,1.040650
2016/12/28 21:00:00,1.040920,1.041840,1.040780,1.041510,1.040650,1.041560,1.040510,1.041240
2016/12/28 21:30:00,1.041510,1.041950,1.041240,1.041930,1.041240,1.041560,1.040740,1.040770
2016/12/28 22:00:00,1.041930,1.042020,1.041010,1.041700,1.040770,1.041630,1.040690,1.041280
2016/12/28 22:30:00,1.041700,1.042110,1.041570,1.042080,1.041280,1.041840,1.041220,1.041740
2016/12/28 23:00:00,1.042080,1.042430,1.041880,1.042360,1.041740,1.042150,1.041510,1.042100
2016/12/28 23:30:00,1.042360,1.042390,1.041560,1.041570,1.042100,1.042130,1.041290,1.041300
2016/12/29 00:00:00,1.041570,1.043220,1.041550,1.043070,1.041300,1.042950,1.041270,1.042810
2016/12/29 00:30:00,1.043070,1.043390,1.042510,1.042720,1.042810,1.043130,1.042240,1.042440
2016/12/29 01:00:00,1.042720,1.043590,1.042610,1.043440,1.042440,1.043330,1.042350,1.043180
2016/12/29 01:30:00,1.043440,1.043930,1.043060,1.043570,1.043180,1.043670,1.042800,1.043300
2016/12/29 02:00:00,1.043570,1.044110,1.043490,1.043930,1.043300,1.043880,1.043240,1.043660
2016/12/29 02:30:00,1.043930,1.044020,1.043080,1.043620,1.043660,1.043750,1.042810,1.043350
2016/12/29 03:00:00,1.043620,1.043910,1.043390,1.043800,1.043350,1.043650,1.043130,1.043550
2016/12/29 03:30:00,1.043800,1.044380,1.043720,1.044330,1.043550,1.044140,1.043490,1.044060
2016/12/29 04:00:00,1.044330,1.045910,1.044310,1.045900,1.044060,1.045650,1.044040,1.045640
2016/12/29 04:30:00,1.045900,1.046150,1.045450,1.045670,1.045640,1.045910,1.045170,1.045390
2016/12/29 05:00:00,1.045670,1.046610,1.045520,1.046240,1.045390,1.046370,1.045260,1.045980
2016/12/29 05:30:00,1.046240,1.046250,1.045660,1.046180,1.045980,1.045990,1.045390,1.045920
2016/12/29 06:00:00,1.046180,1.046240,1.045450,1.045760,1.045920,1.045980,1.045190,1.045490
2016/12/29 06:30:00,1.045760,1.046420,1.045410,1.046250,1.045490,1.046150,1.045150,1.045970
2016/12/29 07:00:00,1.046250,1.046430,1.045600,1.045870,1.045970,1.046170,1.045320,1.045610
2016/12/29 07:30:00,1.045870,1.046250,1.045260,1.045300,1.045610,1.045980,1.045000,1.045050
2016/12/29 08:00:00,1.045300,1.045660,1.045130,1.045530,1.045050,1.045410,1.044880,1.045260
2016/12/29 08:30:00,1.045530,1.045560,1.044370,1.044710,1.045260,1.045290,1.044110,1.044470
2016/12/29 09:00:00,1.044710,1.046270,1.044670,1.045530,1.044470,1.046030,1.044420,1.045280
2016/12/29 09:30:00,1.045530,1.048140,1.045440,1.047010,1.045280,1.047880,1.045180,1.046750
2016/12/29 10:00:00,1.047010,1.047830,1.046820,1.047290,1.046750,1.047600,1.046560,1.047040
2016/12/29 10:30:00,1.047290,1.047710,1.046960,1.047210,1.047040,1.047500,1.046710,1.046960
2016/12/29 11:00:00,1.047210,1.047620,1.046240,1.046400,1.046960,1.047400,1.045990,1.046140
2016/12/29 11:30:00,1.046400,1.046530,1.045110,1.045550,1.046140,1.046290,1.044860,1.045300
2016/12/29 12:00:00,1.045550,1.046410,1.045390,1.046110,1.045300,1.046160,1.045140,1.045860
2016/12/29 12:30:00,1.046110,1.046330,1.044790,1.044940,1.045860,1.046090,1.044570,1.044700
2016/12/29 13:00:00,1.044940,1.045810,1.044690,1.045120,1.044700,1.045550,1.044430,1.044790
2016/12/29 13:30:00,1.045120,1.046920,1.044700,1.046640,1.044790,1.046670,1.044440,1.046390
2016/12/29 14:00:00,1.046640,1.046640,1.045070,1.045080,1.046390,1.046400,1.044820,1.044830
2016/12/29 14:30:00,1.045080,1.045900,1.044840,1.045900,1.044830,1.045660,1.044580,1.045660
2016/12/29 15:00:00,1.045900,1.046720,1.045750,1.046260,1.045660,1.046470,1.045490,1.046010
2016/12/29 15:30:00,1.046260,1.049320,1.046000,1.048940,1.046010,1.049070,1.045750,1.048680
2016/12/29 16:00:00,1.048940,1.049370,1.047380,1.049070,1.048680,1.049150,1.047120,1.048810
2016/12/29 16:30:00,1.049070,1.049160,1.048090,1.048530,1.048810,1.048900,1.047830,1.048260
2016/12/29 17:00:00,1.048530,1.049110,1.048440,1.048460,1.048260,1.048860,1.048200,1.048200
2016/12/29 17:30:00,1.048460,1.048520,1.046870,1.047390,1.048200,1.048260,1.046610,1.047130
2016/12/29 18:00:00,1.047390,1.048080,1.047220,1.047950,1.047130,1.047820,1.046940,1.047700
2016/12/29 18:30:00,1.047950,1.049020,1.047660,1.048760,1.047700,1.048770,1.047400,1.048500
2016/12/29 19:00:00,1.048760,1.049510,1.048470,1.049440,1.048500,1.049260,1.048210,1.049180
2016/12/29 19:30:00,1.049440,1.049540,1.047890,1.048520,1.049180,1.049290,1.047630,1.048270
2016/12/29 20:00:00,1.048520,1.048920,1.048130,1.048650,1.048270,1.048660,1.047870,1.048400
2016/12/29 20:30:00,1.048650,1.048850,1.048180,1.048500,1.048400,1.048590,1.047930,1.048230
2016/12/29 21:00:00,1.048500,1.048930,1.048240,1.048890,1.048230,1.048650,1.047980,1.048620
2016/12/29 21:30:00,1.048890,1.049400,1.048860,1.049270,1.048620,1.049120,1.048600,1.048720
2016/12/29 22:00:00,1.049270,1.049320,1.048630,1.049200,1.048720,1.048800,1.048220,1.048770
2016/12/29 22:30:00,1.049200,1.049490,1.049080,1.049430,1.048770,1.049130,1.048610,1.049050
2016/12/29 23:00:00,1.049430,1.052000,1.048670,1.051500,1.049050,1.051710,1.048320,1.051180
2016/12/29 23:30:00,1.051500,1.066180,1.051380,1.056800,1.051180,1.065310,1.051050,1.056430
2016/12/30 00:00:00,1.056800,1.058300,1.055040,1.055780,1.056430,1.057830,1.054660,1.055500
2016/12/30 00:30:00,1.055780,1.056590,1.054420,1.055350,1.055500,1.056330,1.054120,1.055060
2016/12/30 01:00:00,1.055350,1.057410,1.054920,1.055540,1.055060,1.057130,1.054660,1.055240
2016/12/30 01:30:00,1.055540,1.055670,1.054550,1.054650,1.055240,1.055390,1.054270,1.054390
2016/12/30 02:00:00,1.054650,1.054920,1.053720,1.053990,1.054390,1.054680,1.053460,1.053740
2016/12/30 02:30:00,1.053990,1.054390,1.053140,1.053540,1.053740,1.054120,1.052860,1.053280
2016/12/30 03:00:00,1.053540,1.053920,1.052340,1.052430,1.053280,1.053620,1.052070,1.052180
2016/12/30 03:30:00,1.052430,1.053240,1.052190,1.053110,1.052180,1.052970,1.051930,1.052840
2016/12/30 04:00:00,1.053110,1.053380,1.052320,1.053080,1.052840,1.053110,1.052060,1.052810
2016/12/30 04:30:00,1.053080,1.053500,1.052600,1.053080,1.052810,1.053220,1.052320,1.052800
2016/12/30 05:00:00,1.053080,1.053670,1.052970,1.053170,1.052800,1.053400,1.052700,1.052910
2016/12/30 05:30:00,1.053170,1.054100,1.053100,1.053770,1.052910,1.053840,1.052860,1.053510
2016/12/30 06:00:00,1.053770,1.054590,1.053750,1.054150,1.053510,1.054330,1.053500,1.053890
2016/12/30 06:30:00,1.054150,1.054810,1.052350,1.052780,1.053890,1.054560,1.052110,1.052490
2016/12/30 07:00:00,1.052780,1.053750,1.052640,1.052740,1.052490,1.053500,1.052380,1.052480
2016/12/30 07:30:00,1.052740,1.053070,1.050720,1.050860,1.052480,1.052790,1.050460,1.050590
2016/12/30 08:00:00,1.050860,1.051850,1.050800,1.051810,1.050590,1.051630,1.050540,1.051580
2016/12/30 08:30:00,1.051810,1.053000,1.051740,1.052300,1.051580,1.052730,1.051470,1.052040
2016/12/30 09:00:00,1.052300,1.056270,1.052210,1.055100,1.052040,1.055980,1.051960,1.054880
2016/12/30 09:30:00,1.055100,1.059290,1.054850,1.059060,1.054880,1.059000,1.054590,1.058760
2016/12/30 10:00:00,1.059060,1.059190,1.055630,1.055640,1.058760,1.058940,1.055380,1.055390
2016/12/30 10:30:00,1.055640,1.056870,1.054550,1.054870,1.055390,1.056620,1.054280,1.054640
2016/12/30 11:00:00,1.054870,1.055420,1.054110,1.055120,1.054640,1.055160,1.053860,1.054850
2016/12/30 11:30:00,1.055120,1.056300,1.054990,1.056100,1.054850,1.056040,1.054750,1.055840
2016/12/30 12:00:00,1.056100,1.057230,1.054870,1.055200,1.055840,1.056980,1.054630,1.054930
2016/12/30 12:30:00,1.055200,1.055570,1.053690,1.053940,1.054930,1.055310,1.053470,1.053670
2016/12/30 13:00:00,1.053940,1.054720,1.053590,1.054300,1.053670,1.054460,1.053350,1.054050
2016/12/30 13:30:00,1.054300,1.055530,1.053920,1.054500,1.054050,1.055250,1.053660,1.054240
2016/12/30 14:00:00,1.054500,1.055430,1.053620,1.053780,1.054240,1.055160,1.053350,1.053530
2016/12/30 14:30:00,1.053780,1.055340,1.052680,1.055130,1.053530,1.055100,1.052410,1.054890
2016/12/30 15:00:00,1.055130,1.056860,1.054490,1.056670,1.054890,1.056600,1.054220,1.056440
2016/12/30 15:30:00,1.056670,1.057890,1.053910,1.054860,1.056440,1.057630,1.053690,1.054630
2016/12/30 16:00:00,1.054860,1.056600,1.054450,1.055800,1.054630,1.056360,1.054210,1.055540
2016/12/30 16:30:00,1.055800,1.056100,1.055320,1.055320,1.055540,1.055840,1.055050,1.055060
2016/12/30 17:00:00,1.055320,1.055570,1.053930,1.053970,1.055060,1.055340,1.053660,1.053710
2016/12/30 17:30:00,1.053970,1.054820,1.053040,1.054820,1.053710,1.054520,1.052760,1.054520
2016/12/30 18:00:00,1.054820,1.054920,1.052940,1.053020,1.054520,1.054630,1.052670,1.052730
2016/12/30 18:30:00,1.053020,1.053400,1.052690,1.052870,1.052730,1.053120,1.052420,1.052600
2016/12/30 19:00:00,1.052870,1.053180,1.052450,1.052670,1.052600,1.052900,1.052170,1.052390
2016/12/30 19:30:00,1.052670,1.053770,1.052610,1.053580,1.052390,1.053490,1.052340,1.053310
2016/12/30 20:00:00,1.053580,1.053650,1.052930,1.053140,1.053310,1.053370,1.052670,1.052870
2016/12/30 20:30:00,1.053140,1.053930,1.052490,1.052620,1.052870,1.053650,1.052270,1.052340
2016/12/30 21:00:00,1.052620,1.052680,1.051570,1.052040,1.052340,1.052400,1.051310,1.051780
2016/12/30 21:30:00,1.052040,1.054430,1.051450,1.053060,1.051780,1.053760,1.051110,1.051630
