StartDate,AskOpen,AskHigh,AskLow,AskClose,BidOpen,BidHigh,BidLow,BidClose
2016/11/01 00:00:00,1.097220,1.097320,1.096850,1.097060,1.096960,1.097070,1.096600,1.096800
2016/11/01 00:30:00,1.097060,1.097100,1.096700,1.096860,1.096800,1.096830,1.096440,1.096590
2016/11/01 01:00:00,1.096860,1.097360,1.096760,1.097090,1.096590,1.097110,1.096490,1.096840
2016/11/01 01:30:00,1.097090,1.097100,1.096390,1.096460,1.096840,1.096850,1.096150,1.096210
2016/11/01 02:00:00,1.096460,1.096850,1.096460,1.096780,1.096210,1.096600,1.096210,1.096530
2016/11/01 02:30:00,1.096780,1.096900,1.096540,1.096630,1.096530,1.096650,1.096280,1.096370
2016/11/01 03:00:00,1.096630,1.096760,1.096260,1.096470,1.096370,1.096520,1.096010,1.096210
2016/11/01 03:30:00,1.096470,1.096650,1.096140,1.096250,1.096210,1.096380,1.095880,1.096000
2016/11/01 04:00:00,1.096250,1.096990,1.096250,1.096860,1.096000,1.096740,1.096000,1.096600
2016/11/01 04:30:00,1.096860,1.096870,1.096430,1.096470,1.096600,1.096620,1.096180,1.096210
2016/11/01 05:00:00,1.096470,1.096850,1.096410,1.096800,1.096210,1.096590,1.096150,1.096550
2016/11/01 05:30:00,1.096800,1.097050,1.096580,1.096810,1.096550,1.096810,1.096320,1.096550
2016/11/01 06:00:00,1.096810,1.097220,1.096710,1.097150,1.096550,1.096960,1.096460,1.096910
2016/11/01 06:30:00,1.097150,1.097260,1.096570,1.096630,1.096910,1.097010,1.096310,1.096370
2016/11/01 07:00:00,1.096630,1.097880,1.096480,1.097790,1.096370,1.097630,1.096230,1.097540
2016/11/01 07:30:00,1.097790,1.098770,1.097450,1.098640,1.097540,1.098520,1.097200,1.098400
2016/11/01 08:00:00,1.098640,1.099170,1.098220,1.098940,1.098400,1.098910,1.097970,1.098700
2016/11/01 08:30:00,1.098940,1.099470,1.098720,1.098940,1.098700,1.099210,1.098470,1.098690
2016/11/01 09:00:00,1.098940,1.099960,1.098940,1.099860,1.098690,1.099710,1.098690,1.099610
2016/11/01 09:30:00,1.099860,1.100220,1.099540,1.099560,1.099610,1.099970,1.099300,1.099310
2016/11/01 10:00:00,1.099560,1.100460,1.099460,1.100200,1.099310,1.100220,1.099210,1.099960
2016/11/01 10:30:00,1.100200,1.100510,1.099780,1.100040,1.099960,1.100260,1.099540,1.099780
2016/11/01 11:00:00,1.100040,1.101050,1.099900,1.100850,1.099780,1.100810,1.099650,1.100610
2016/11/01 11:30:00,1.100850,1.103550,1.100850,1.102850,1.100610,1.103290,1.100610,1.102610
2016/11/01 12:00:00,1.102850,1.103190,1.101070,1.101740,1.102610,1.102940,1.100820,1.101510
2016/11/01 12:30:00,1.101740,1.102350,1.101550,1.102270,1.101510,1.102100,1.101310,1.102030
2016/11/01 13:00:00,1.102270,1.102940,1.102250,1.102840,1.102030,1.102700,1.102010,1.102590
2016/11/01 13:30:00,1.102840,1.103610,1.102300,1.102820,1.102590,1.103400,1.102050,1.102510
2016/11/01 14:00:00,1.102820,1.104550,1.102470,1.104360,1.102510,1.104310,1.102000,1.104110
2016/11/01 14:30:00,1.104360,1.104810,1.103900,1.104090,1.104110,1.104580,1.103650,1.103840
2016/11/01 15:00:00,1.104090,1.105000,1.103880,1.104840,1.103840,1.104760,1.103630,1.104600
2016/11/01 15:30:00,1.104840,1.105060,1.104070,1.104390,1.104600,1.104830,1.103830,1.104140
2016/11/01 16:00:00,1.104390,1.105380,1.104300,1.105100,1.104140,1.105120,1.104060,1.104860
2016/11/01 16:30:00,1.105100,1.106220,1.105040,1.105780,1.104860,1.105960,1.104810,1.105540
2016/11/01 17:00:00,1.105780,1.106600,1.105330,1.105500,1.105540,1.106370,1.105090,1.105250
2016/11/01 17:30:00,1.105500,1.106240,1.105220,1.105730,1.105250,1.106010,1.104980,1.105480
2016/11/01 18:00:00,1.105730,1.107050,1.105620,1.106450,1.105480,1.106800,1.105380,1.106180
2016/11/01 18:30:00,1.106450,1.106600,1.105740,1.106230,1.106180,1.106350,1.105490,1.105980
2016/11/01 19:00:00,1.106230,1.106650,1.105670,1.105720,1.105980,1.106420,1.105430,1.105480
2016/11/01 19:30:00,1.105720,1.105790,1.105210,1.105260,1.105480,1.105540,1.104960,1.105000
2016/11/01 20:00:00,1.105260,1.105710,1.105200,1.105700,1.105000,1.105450,1.104990,1.105440
2016/11/01 20:30:00,1.105700,1.105770,1.105540,1.105690,1.105440,1.105540,1.105270,1.105390
2016/11/01 21:00:00,1.105690,1.105780,1.105520,1.105770,1.105390,1.105520,1.105230,1.105470
2016/11/01 21:30:00,1.105770,1.106440,1.105770,1.106020,1.105470,1.106040,1.105360,1.105530
2016/11/01 22:00:00,1.106020,1.106360,1.105860,1.105950,1.105530,1.106110,1.105530,1.105680
2016/11/01 22:30:00,1.105950,1.106050,1.105710,1.105750,1.105680,1.105770,1.105460,1.105490
2016/11/01 23:00:00,1.105750,1.105810,1.105570,1.105690,1.105490,1.105540,1.105300,1.105410
2016/11/01 23:30:00,1.105690,1.105950,1.105550,1.105680,1.105410,1.105710,1.105290,1.105430
2016/11/02 00:00:00,1.105680,1.106110,1.105460,1.105700,1.105430,1.105860,1.105210,1.105460
2016/11/02 00:30:00,1.105700,1.105800,1.105160,1.105450,1.105460,1.105550,1.104910,1.105200
2016/11/02 01:00:00,1.105450,1.105840,1.105100,1.105130,1.105200,1.105590,1.104850,1.104880
2016/11/02 01:30:00,1.105130,1.106150,1.105120,1.105950,1.104880,1.105900,1.104870,1.105690
2016/11/02 02:00:00,1.105950,1.106810,1.105940,1.106750,1.105690,1.106550,1.105690,1.106500
2016/11/02 02:30:00,1.106750,1.106820,1.106470,1.106600,1.106500,1.106560,1.106220,1.106360
2016/11/02 03:00:00,1.106600,1.106830,1.106390,1.106710,1.106360,1.106570,1.106150,1.106450
2016/11/02 03:30:00,1.106710,1.106930,1.106670,1.106860,1.106450,1.106700,1.106420,1.106600
2016/11/02 04:00:00,1.106860,1.107050,1.106600,1.106890,1.106600,1.106810,1.106360,1.106630
2016/11/02 04:30:00,1.106890,1.107180,1.106870,1.107080,1.106630,1.106930,1.106620,1.106830
2016/11/02 05:00:00,1.107080,1.107600,1.106930,1.107440,1.106830,1.107360,1.106690,1.107190
2016/11/02 05:30:00,1.107440,1.107460,1.106650,1.106950,1.107190,1.107210,1.106410,1.106700
2016/11/02 06:00:00,1.106950,1.107110,1.106700,1.106780,1.106700,1.106850,1.106460,1.106530
2016/11/02 06:30:00,1.106780,1.107110,1.106320,1.106360,1.106530,1.106890,1.106090,1.106110
2016/11/02 07:00:00,1.106360,1.106980,1.106340,1.106660,1.106110,1.106720,1.106090,1.106400
2016/11/02 07:30:00,1.106660,1.107620,1.106570,1.107590,1.106400,1.107400,1.106340,1.107340
2016/11/02 08:00:00,1.107590,1.110070,1.107470,1.109330,1.107340,1.109850,1.107220,1.109090
2016/11/02 08:30:00,1.109330,1.109960,1.108480,1.108530,1.109090,1.109700,1.108230,1.108270
2016/11/02 09:00:00,1.108530,1.108610,1.107670,1.108070,1.108270,1.108370,1.107420,1.107810
2016/11/02 09:30:00,1.108070,1.108740,1.107990,1.108330,1.107810,1.108510,1.107720,1.108090
2016/11/02 10:00:00,1.108330,1.108360,1.107330,1.107780,1.108090,1.108130,1.107090,1.107560
2016/11/02 10:30:00,1.107780,1.108540,1.107740,1.108480,1.107560,1.108290,1.107500,1.108230
2016/11/02 11:00:00,1.108480,1.109070,1.107960,1.108790,1.108230,1.108820,1.107710,1.108550
2016/11/02 11:30:00,1.108790,1.110110,1.108180,1.110000,1.108550,1.109890,1.107960,1.109760
2016/11/02 12:00:00,1.110000,1.110310,1.108890,1.109340,1.109760,1.110060,1.108630,1.109100
2016/11/02 12:30:00,1.109340,1.110280,1.108210,1.108640,1.109100,1.110030,1.107950,1.108380
2016/11/02 13:00:00,1.108640,1.110340,1.108590,1.108910,1.108380,1.110110,1.108340,1.108680
2016/11/02 13:30:00,1.108910,1.110050,1.108330,1.109950,1.108680,1.109790,1.108090,1.109720
2016/11/02 14:00:00,1.109950,1.111150,1.109580,1.110640,1.109720,1.110900,1.109320,1.110390
2016/11/02 14:30:00,1.110640,1.111670,1.110270,1.111020,1.110390,1.111420,1.110010,1.110780
2016/11/02 15:00:00,1.111020,1.111450,1.110540,1.110930,1.110780,1.111200,1.110300,1.110700
2016/11/02 15:30:00,1.110930,1.112080,1.110710,1.112020,1.110700,1.111830,1.110490,1.111770
2016/11/02 16:00:00,1.112020,1.112440,1.111450,1.111700,1.111770,1.112200,1.111220,1.111450
2016/11/02 16:30:00,1.111700,1.112060,1.111570,1.111830,1.111450,1.111820,1.111320,1.111580
2016/11/02 17:00:00,1.111830,1.111940,1.111280,1.111600,1.111580,1.111710,1.111050,1.111350
2016/11/02 17:30:00,1.111600,1.111660,1.109720,1.110300,1.111350,1.111410,1.109430,1.109810
2016/11/02 18:00:00,1.110300,1.111860,1.108800,1.110030,1.109810,1.111600,1.108540,1.109780
2016/11/02 18:30:00,1.110030,1.110330,1.109400,1.109650,1.109780,1.110070,1.109180,1.109410
2016/11/02 19:00:00,1.109650,1.110020,1.108550,1.108950,1.109410,1.109770,1.108290,1.108700
2016/11/02 19:30:00,1.108950,1.109440,1.108870,1.109320,1.108700,1.109200,1.108620,1.109080
2016/11/02 20:00:00,1.109320,1.109640,1.109200,1.109390,1.109080,1.109380,1.108950,1.109140
2016/11/02 20:30:00,1.109390,1.110010,1.109310,1.109880,1.109140,1.109770,1.109050,1.109590
2016/11/02 21:00:00,1.109880,1.110040,1.109580,1.109930,1.109590,1.109700,1.109310,1.109520
2016/11/02 21:30:00,1.109930,1.109930,1.109580,1.109740,1.109520,1.109530,1.109260,1.109420
2016/11/02 22:00:00,1.109740,1.109940,1.109650,1.109830,1.109420,1.109680,1.109370,1.109540
2016/11/02 22:30:00,1.109830,1.110090,1.109780,1.109960,1.109540,1.109810,1.109490,1.109690
2016/11/02 23:00:00,1.109960,1.110010,1.109590,1.109800,1.109690,1.109730,1.109300,1.109540
2016/11/02 23:30:00,1.109800,1.109830,1.109490,1.109540,1.109540,1.109570,1.109230,1.109290
2016/11/03 00:00:00,1.109540,1.109640,1.109300,1.109300,1.109290,1.109390,1.109040,1.109050
2016/11/03 00:30:00,1.109300,1.110740,1.109280,1.110350,1.109050,1.110490,1.109050,1.110110
2016/11/03 01:00:00,1.110350,1.110900,1.110260,1.110330,1.110110,1.110650,1.110000,1.110090
2016/11/03 01:30:00,1.110330,1.111460,1.110030,1.111450,1.110090,1.111210,1.109790,1.111190
2016/11/03 02:00:00,1.111450,1.111560,1.110640,1.111460,1.111190,1.111310,1.110440,1.111210
2016/11/03 02:30:00,1.111460,1.112720,1.111460,1.112690,1.111210,1.112460,1.111200,1.112450
2016/11/03 03:00:00,1.112690,1.112720,1.111580,1.111940,1.112450,1.112470,1.111340,1.111680
2016/11/03 03:30:00,1.111940,1.112500,1.111640,1.111750,1.111680,1.112260,1.111380,1.111500
2016/11/03 04:00:00,1.111750,1.112310,1.111650,1.112220,1.111500,1.112050,1.111390,1.111980
2016/11/03 04:30:00,1.112220,1.112230,1.111590,1.111650,1.111980,1.111990,1.111330,1.111390
2016/11/03 05:00:00,1.111650,1.111770,1.111080,1.111120,1.111390,1.111510,1.110830,1.110880
2016/11/03 05:30:00,1.111120,1.111280,1.110990,1.111200,1.110880,1.111030,1.110730,1.110950
2016/11/03 06:00:00,1.111200,1.112010,1.111200,1.111890,1.110950,1.111760,1.110950,1.111660
2016/11/03 06:30:00,1.111890,1.112220,1.111490,1.111590,1.111660,1.111960,1.111230,1.111350
2016/11/03 07:00:00,1.111590,1.112720,1.111580,1.112000,1.111350,1.112470,1.111330,1.111750
2016/11/03 07:30:00,1.112000,1.112680,1.111630,1.112280,1.111750,1.112440,1.111380,1.112010
2016/11/03 08:00:00,1.112280,1.112290,1.110200,1.110680,1.112010,1.112030,1.109960,1.110430
2016/11/03 08:30:00,1.110680,1.111040,1.109540,1.109890,1.110430,1.110790,1.109290,1.109640
2016/11/03 09:00:00,1.109890,1.110240,1.109450,1.109600,1.109640,1.109990,1.109200,1.109350
2016/11/03 09:30:00,1.109600,1.110500,1.109550,1.109740,1.109350,1.110260,1.109300,1.109460
2016/11/03 10:00:00,1.109740,1.110210,1.108780,1.109210,1.109460,1.109950,1.108520,1.108940
2016/11/03 10:30:00,1.109210,1.109350,1.108430,1.108570,1.108940,1.109110,1.108170,1.108320
2016/11/03 11:00:00,1.108570,1.108570,1.107190,1.107640,1.108320,1.108330,1.106950,1.107390
2016/11/03 11:30:00,1.107640,1.107920,1.106690,1.107590,1.107390,1.107680,1.106450,1.107330
2016/11/03 12:00:00,1.107590,1.107780,1.106150,1.106900,1.107330,1.107550,1.105900,1.106480
2016/11/03 12:30:00,1.106900,1.107590,1.106250,1.106610,1.106480,1.107350,1.105990,1.106380
2016/11/03 13:00:00,1.106610,1.107010,1.106110,1.106850,1.106380,1.106760,1.105890,1.106590
2016/11/03 13:30:00,1.106850,1.107530,1.106640,1.107310,1.106590,1.107300,1.106380,1.107010
2016/11/03 14:00:00,1.107310,1.107820,1.106100,1.107400,1.107010,1.107570,1.105850,1.107150
2016/11/03 14:30:00,1.107400,1.108500,1.107340,1.108480,1.107150,1.108240,1.107100,1.108230
2016/11/03 15:00:00,1.108480,1.109190,1.108130,1.109010,1.108230,1.108940,1.107890,1.108760
2016/11/03 15:30:00,1.109010,1.109730,1.108830,1.109660,1.108760,1.109480,1.108590,1.109430
2016/11/03 16:00:00,1.109660,1.110150,1.109420,1.109550,1.109430,1.109910,1.109160,1.109310
2016/11/03 16:30:00,1.109550,1.110230,1.109440,1.109720,1.109310,1.109980,1.109200,1.109470
2016/11/03 17:00:00,1.109720,1.111350,1.109690,1.110640,1.109470,1.111100,1.109450,1.110400
2016/11/03 17:30:00,1.110640,1.111440,1.110080,1.111390,1.110400,1.111190,1.109840,1.111140
2016/11/03 18:00:00,1.111390,1.112200,1.111240,1.111420,1.111140,1.111950,1.110990,1.111170
2016/11/03 18:30:00,1.111420,1.111470,1.110630,1.110640,1.111170,1.111240,1.110380,1.110400
2016/11/03 19:00:00,1.110640,1.111530,1.110590,1.111500,1.110400,1.111280,1.110340,1.111260
2016/11/03 19:30:00,1.111500,1.111520,1.110150,1.110810,1.111260,1.111270,1.109910,1.110550
2016/11/03 20:00:00,1.110810,1.111250,1.110560,1.110650,1.110550,1.111000,1.110290,1.110380
2016/11/03 20:30:00,1.110650,1.111410,1.110600,1.110780,1.110380,1.111160,1.110270,1.110280
2016/11/03 21:00:00,1.110780,1.110920,1.110710,1.110770,1.110280,1.110540,1.110280,1.110460
2016/11/03 21:30:00,1.110770,1.111120,1.110560,1.110850,1.110460,1.110740,1.110270,1.110450
2016/11/03 22:00:00,1.110850,1.111170,1.110600,1.110770,1.110450,1.110890,1.110360,1.110490
2016/11/03 22:30:00,1.110770,1.110870,1.110630,1.110740,1.110490,1.110640,1.110350,1.110450
2016/11/03 23:00:00,1.110740,1.110830,1.110060,1.110130,1.110450,1.110560,1.109790,1.109860
2016/11/03 23:30:00,1.110130,1.110520,1.109980,1.110090,1.109860,1.110240,1.109720,1.109850
2016/11/04 00:00:00,1.110090,1.110410,1.109740,1.110210,1.109850,1.110150,1.109500,1.109930
2016/11/04 00:30:00,1.110210,1.110530,1.110020,1.110350,1.109930,1.110300,1.109800,1.110090
2016/11/04 01:00:00,1.110350,1.110920,1.110280,1.110550,1.110090,1.110670,1.110030,1.110300
2016/11/04 01:30:00,1.110550,1.110760,1.109360,1.109370,1.110300,1.110510,1.109110,1.109120
2016/11/04 02:00:00,1.109370,1.109780,1.108920,1.109370,1.109120,1.109530,1.108670,1.109120
2016/11/04 02:30:00,1.109370,1.109520,1.109250,1.109270,1.109120,1.109270,1.109000,1.109020
2016/11/04 03:00:00,1.109270,1.109830,1.109180,1.109680,1.109020,1.109570,1.108930,1.109420
2016/11/04 03:30:00,1.109680,1.109780,1.109540,1.109620,1.109420,1.109530,1.109300,1.109370
2016/11/04 04:00:00,1.109620,1.109720,1.109480,1.109670,1.109370,1.109470,1.109240,1.109430
2016/11/04 04:30:00,1.109670,1.109790,1.109530,1.109600,1.109430,1.109530,1.109300,1.109350
2016/11/04 05:00:00,1.109600,1.109800,1.109320,1.109410,1.109350,1.109560,1.109060,1.109160
2016/11/04 05:30:00,1.109410,1.109560,1.108800,1.108920,1.109160,1.109310,1.108560,1.108660
2016/11/04 06:00:00,1.108920,1.110130,1.108920,1.109910,1.108660,1.109880,1.108660,1.109680
2016/11/04 06:30:00,1.109910,1.110400,1.109460,1.110170,1.109680,1.110150,1.109200,1.109910
2016/11/04 07:00:00,1.110170,1.110820,1.109750,1.109800,1.109910,1.110650,1.109480,1.109560
2016/11/04 07:30:00,1.109800,1.109880,1.109410,1.109790,1.109560,1.109620,1.109170,1.109540
2016/11/04 08:00:00,1.109790,1.110910,1.109730,1.110550,1.109540,1.110670,1.109490,1.110290
2016/11/04 08:30:00,1.110550,1.110630,1.109570,1.110010,1.110290,1.110390,1.109330,1.109750
2016/11/04 09:00:00,1.110010,1.110290,1.108960,1.109490,1.109750,1.110040,1.108720,1.109230
2016/11/04 09:30:00,1.109490,1.110350,1.109470,1.110090,1.109230,1.110110,1.109210,1.109860
2016/11/04 10:00:00,1.110090,1.110570,1.109750,1.110270,1.109860,1.110310,1.109490,1.110020
2016/11/04 10:30:00,1.110270,1.110270,1.109390,1.109880,1.110020,1.110040,1.109130,1.109640
2016/11/04 11:00:00,1.109880,1.110290,1.109230,1.110000,1.109640,1.110040,1.108980,1.109750
2016/11/04 11:30:00,1.110000,1.110500,1.109730,1.110440,1.109750,1.110260,1.109480,1.110200
2016/11/04 12:00:00,1.110440,1.111630,1.110140,1.110400,1.110200,1.111380,1.109790,1.109920
2016/11/04 12:30:00,1.110400,1.110840,1.108120,1.109630,1.109920,1.110490,1.107870,1.109380
2016/11/04 13:00:00,1.109630,1.110730,1.108870,1.109490,1.109380,1.110480,1.108630,1.109240
2016/11/04 13:30:00,1.109490,1.110620,1.108880,1.110100,1.109240,1.110380,1.108630,1.109850
2016/11/04 14:00:00,1.110100,1.111330,1.109890,1.111000,1.109850,1.111080,1.109640,1.110750
2016/11/04 14:30:00,1.111000,1.112100,1.110800,1.111600,1.110750,1.111850,1.110550,1.111350
2016/11/04 15:00:00,1.111600,1.112410,1.111390,1.112080,1.111350,1.112170,1.111140,1.111830
2016/11/04 15:30:00,1.112080,1.112600,1.111470,1.112210,1.111830,1.112370,1.111240,1.111950
2016/11/04 16:00:00,1.112210,1.112810,1.111950,1.112450,1.111950,1.112650,1.111710,1.112210
2016/11/04 16:30:00,1.112450,1.112510,1.111970,1.112100,1.112210,1.112270,1.111720,1.111860
2016/11/04 17:00:00,1.112100,1.112280,1.111660,1.111930,1.111860,1.112040,1.111420,1.111690
2016/11/04 17:30:00,1.111930,1.112110,1.111370,1.111560,1.111690,1.111850,1.111130,1.111320
2016/11/04 18:00:00,1.111560,1.112140,1.111520,1.111960,1.111320,1.111890,1.111270,1.111720
2016/11/04 18:30:00,1.111960,1.112300,1.111790,1.112020,1.111720,1.112050,1.111580,1.111810
2016/11/04 19:00:00,1.112020,1.112450,1.112020,1.112410,1.111810,1.112230,1.111790,1.112160
2016/11/04 19:30:00,1.112410,1.113920,1.112370,1.113910,1.112160,1.113700,1.112130,1.113680
2016/11/04 20:00:00,1.113910,1.113960,1.113110,1.113440,1.113680,1.113700,1.112870,1.113210
2016/11/04 20:30:00,1.113440,1.114390,1.113350,1.114360,1.113210,1.114090,1.113120,1.113760
2016/11/06 19:30:00,1.114360,1.114360,1.111510,1.112140,1.113760,1.113760,1.110800,1.111420
2016/11/06 20:00:00,1.112140,1.112250,1.110590,1.110600,1.111420,1.111720,1.109850,1.110390
2016/11/06 20:30:00,1.110600,1.110640,1.104670,1.107500,1.110390,1.110400,1.103990,1.106360
2016/11/06 21:00:00,1.107500,1.107640,1.105790,1.106350,1.106360,1.106670,1.105060,1.105520
2016/11/06 21:30:00,1.106350,1.106730,1.105680,1.106570,1.105520,1.106300,1.105110,1.105580
2016/11/06 22:00:00,1.106570,1.110230,1.106500,1.108880,1.105580,1.109620,1.105310,1.108310
2016/11/06 22:30:00,1.108880,1.109130,1.108270,1.108730,1.108310,1.108710,1.107760,1.108180
2016/11/06 23:00:00,1.108730,1.109250,1.108620,1.108830,1.108180,1.108910,1.108180,1.108570
2016/11/06 23:30:00,1.108830,1.110100,1.108520,1.109630,1.108570,1.109840,1.108250,1.109330
2016/11/07 00:00:00,1.109630,1.111170,1.109530,1.111060,1.109330,1.110920,1.109270,1.110800
2016/11/07 00:30:00,1.111060,1.111060,1.109570,1.110030,1.110800,1.110800,1.109320,1.109790
2016/11/07 01:00:00,1.110030,1.110780,1.109850,1.110230,1.109790,1.110530,1.109600,1.109980
2016/11/07 01:30:00,1.110230,1.110270,1.109220,1.109580,1.109980,1.110020,1.108980,1.109330
2016/11/07 02:00:00,1.109580,1.109960,1.108470,1.108480,1.109330,1.109710,1.108220,1.108230
2016/11/07 02:30:00,1.108480,1.108530,1.107170,1.107800,1.108230,1.108280,1.106920,1.107550
2016/11/07 03:00:00,1.107800,1.108140,1.107430,1.107910,1.107550,1.107880,1.107170,1.107650
2016/11/07 03:30:00,1.107910,1.108210,1.107890,1.108100,1.107650,1.107960,1.107640,1.107850
2016/11/07 04:00:00,1.108100,1.108450,1.108000,1.108410,1.107850,1.108200,1.107740,1.108160
2016/11/07 04:30:00,1.108410,1.108700,1.107360,1.107450,1.108160,1.108460,1.107110,1.107200
2016/11/07 05:00:00,1.107450,1.107630,1.106920,1.107010,1.107200,1.107390,1.106660,1.106740
2016/11/07 05:30:00,1.107010,1.107500,1.106810,1.107500,1.106740,1.107250,1.106560,1.107250
2016/11/07 06:00:00,1.107500,1.107560,1.106860,1.107150,1.107250,1.107300,1.106610,1.106910
2016/11/07 06:30:00,1.107150,1.107320,1.106530,1.106620,1.106910,1.107080,1.106270,1.106350
2016/11/07 07:00:00,1.106620,1.106840,1.105640,1.106000,1.106350,1.106590,1.105390,1.105750
2016/11/07 07:30:00,1.106000,1.106770,1.105650,1.106040,1.105750,1.106520,1.105400,1.105780
2016/11/07 08:00:00,1.106040,1.106160,1.105420,1.106160,1.105780,1.105940,1.105180,1.105910
2016/11/07 08:30:00,1.106160,1.106320,1.105040,1.105050,1.105910,1.106070,1.104780,1.104810
2016/11/07 09:00:00,1.105050,1.105510,1.104960,1.105260,1.104810,1.105270,1.104730,1.105020
2016/11/07 09:30:00,1.105260,1.106260,1.105150,1.106160,1.105020,1.106010,1.104900,1.105900
2016/11/07 10:00:00,1.106160,1.107490,1.106130,1.107290,1.105900,1.107250,1.105890,1.107030
2016/11/07 10:30:00,1.107290,1.107320,1.106500,1.107150,1.107030,1.107100,1.106260,1.106900
2016/11/07 11:00:00,1.107150,1.107160,1.106460,1.106590,1.106900,1.106920,1.106200,1.106360
2016/11/07 11:30:00,1.106590,1.106740,1.106100,1.106480,1.106360,1.106490,1.105850,1.106250
2016/11/07 12:00:00,1.106480,1.107400,1.106290,1.107380,1.106250,1.107170,1.106050,1.107130
2016/11/07 12:30:00,1.107380,1.107390,1.106340,1.106390,1.107130,1.107130,1.106100,1.106150
2016/11/07 13:00:00,1.106390,1.106710,1.105810,1.106140,1.106150,1.106470,1.105570,1.105890
2016/11/07 13:30:00,1.106140,1.106450,1.105650,1.105890,1.105890,1.106200,1.105420,1.105660
2016/11/07 14:00:00,1.105890,1.106180,1.105630,1.106060,1.105660,1.105920,1.105410,1.105810
2016/11/07 14:30:00,1.106060,1.106190,1.104850,1.105170,1.105810,1.105950,1.104610,1.104930
2016/11/07 15:00:00,1.105170,1.105210,1.103490,1.103640,1.104930,1.104970,1.103250,1.103400
2016/11/07 15:30:00,1.103640,1.103970,1.103220,1.103510,1.103400,1.103720,1.102970,1.103260
2016/11/07 16:00:00,1.103510,1.104350,1.103110,1.104070,1.103260,1.104120,1.102870,1.103820
2016/11/07 16:30:00,1.104070,1.104340,1.103460,1.103850,1.103820,1.104090,1.103250,1.103600
2016/11/07 17:00:00,1.103850,1.103930,1.103450,1.103470,1.103600,1.103710,1.103240,1.103240
2016/11/07 17:30:00,1.103470,1.104470,1.102870,1.104430,1.103240,1.104250,1.102620,1.104180
2016/11/07 18:00:00,1.104430,1.104430,1.103290,1.103720,1.104180,1.104180,1.103050,1.103470
2016/11/07 18:30:00,1.103720,1.104040,1.103500,1.104000,1.103470,1.103790,1.103250,1.103750
2016/11/07 19:00:00,1.104000,1.104240,1.103810,1.103890,1.103750,1.104000,1.103560,1.103640
2016/11/07 19:30:00,1.103890,1.104070,1.103620,1.103940,1.103640,1.103820,1.103400,1.103690
2016/11/07 20:00:00,1.103940,1.104780,1.103790,1.104650,1.103690,1.104540,1.103540,1.104400
2016/11/07 20:30:00,1.104650,1.104860,1.104370,1.104610,1.104400,1.104630,1.104130,1.104370
2016/11/07 21:00:00,1.104610,1.104610,1.104210,1.104400,1.104370,1.104370,1.103990,1.104140
2016/11/07 21:30:00,1.104400,1.104480,1.104000,1.104180,1.104140,1.104230,1.103750,1.103860
2016/11/07 22:00:00,1.104180,1.104950,1.104080,1.104550,1.103860,1.104500,1.103810,1.104300
2016/11/07 22:30:00,1.104550,1.104910,1.104430,1.104510,1.104300,1.104620,1.104040,1.104220
2016/11/07 23:00:00,1.104510,1.105100,1.104330,1.104410,1.104220,1.104810,1.104070,1.104140
2016/11/07 23:30:00,1.104410,1.105120,1.104410,1.105060,1.104140,1.104870,1.104140,1.104790
2016/11/08 00:00:00,1.105060,1.105060,1.104180,1.104320,1.104790,1.104790,1.103930,1.104070
2016/11/08 00:30:00,1.104320,1.104520,1.104130,1.104270,1.104070,1.104250,1.103880,1.104010
2016/11/08 01:00:00,1.104270,1.104500,1.103410,1.103720,1.104010,1.104250,1.103160,1.103450
2016/11/08 01:30:00,1.103720,1.104090,1.103640,1.103990,1.103450,1.103840,1.103380,1.103730
2016/11/08 02:00:00,1.103990,1.103990,1.103330,1.103380,1.103730,1.103740,1.103090,1.103140
2016/11/08 02:30:00,1.103380,1.103650,1.103130,1.103400,1.103140,1.103390,1.102870,1.103150
2016/11/08 03:00:00,1.103400,1.103910,1.103250,1.103800,1.103150,1.103670,1.102990,1.103540
2016/11/08 03:30:00,1.103800,1.104130,1.103700,1.104000,1.103540,1.103870,1.103440,1.103750
2016/11/08 04:00:00,1.104000,1.104160,1.103940,1.104090,1.103750,1.103910,1.103700,1.103850
2016/11/08 04:30:00,1.104090,1.104330,1.103990,1.104320,1.103850,1.104070,1.103740,1.104070
2016/11/08 05:00:00,1.104320,1.104530,1.104240,1.104500,1.104070,1.104280,1.103990,1.104250
2016/11/08 05:30:00,1.104500,1.104540,1.104370,1.104380,1.104250,1.104300,1.104120,1.104130
2016/11/08 06:00:00,1.104380,1.104740,1.104380,1.104710,1.104130,1.104480,1.104130,1.104460
2016/11/08 06:30:00,1.104710,1.104740,1.104510,1.104560,1.104460,1.104480,1.104260,1.104310
2016/11/08 07:00:00,1.104560,1.105130,1.104560,1.105010,1.104310,1.104890,1.104300,1.104770
2016/11/08 07:30:00,1.105010,1.105790,1.104830,1.105660,1.104770,1.105550,1.104580,1.105400
2016/11/08 08:00:00,1.105660,1.106840,1.105660,1.106030,1.105400,1.106590,1.105400,1.105790
2016/11/08 08:30:00,1.106030,1.106660,1.105950,1.106230,1.105790,1.106410,1.105710,1.105980
2016/11/08 09:00:00,1.106230,1.106240,1.105430,1.105680,1.105980,1.105990,1.105190,1.105440
2016/11/08 09:30:00,1.105680,1.105800,1.105110,1.105150,1.105440,1.105550,1.104870,1.104900
2016/11/08 10:00:00,1.105150,1.105260,1.104710,1.105070,1.104900,1.105020,1.104460,1.104820
2016/11/08 10:30:00,1.105070,1.105260,1.104570,1.104700,1.104820,1.105030,1.104340,1.104460
2016/11/08 11:00:00,1.104700,1.105010,1.104470,1.104970,1.104460,1.104770,1.104230,1.104730
2016/11/08 11:30:00,1.104970,1.105070,1.104270,1.104420,1.104730,1.104820,1.104020,1.104170
2016/11/08 12:00:00,1.104420,1.104420,1.103720,1.103990,1.104170,1.104170,1.103470,1.103740
2016/11/08 12:30:00,1.103990,1.104220,1.103780,1.103920,1.103740,1.104000,1.103550,1.103670
2016/11/08 13:00:00,1.103920,1.104460,1.103690,1.104080,1.103670,1.104220,1.103450,1.103840
2016/11/08 13:30:00,1.104080,1.104860,1.103890,1.104850,1.103840,1.104640,1.103640,1.104640
2016/11/08 14:00:00,1.104850,1.104890,1.103890,1.104740,1.104640,1.104660,1.103640,1.104520
2016/11/08 14:30:00,1.104740,1.105080,1.104370,1.104990,1.104520,1.104840,1.104120,1.104760
2016/11/08 15:00:00,1.104990,1.105340,1.104880,1.105300,1.104760,1.105090,1.104650,1.105050
2016/11/08 15:30:00,1.105300,1.105550,1.104730,1.104750,1.105050,1.105310,1.104500,1.104520
2016/11/08 16:00:00,1.104750,1.105280,1.104400,1.104750,1.104520,1.105030,1.104150,1.104490
2016/11/08 16:30:00,1.104750,1.104910,1.103530,1.103630,1.104490,1.104670,1.103290,1.103390
2016/11/08 17:00:00,1.103630,1.103630,1.102130,1.102340,1.103390,1.103390,1.101880,1.102100
2016/11/08 17:30:00,1.102340,1.102810,1.102150,1.102410,1.102100,1.102570,1.101910,1.102180
2016/11/08 18:00:00,1.102410,1.103240,1.102090,1.102370,1.102180,1.103000,1.101840,1.102120
2016/11/08 18:30:00,1.102370,1.102380,1.101010,1.101760,1.102120,1.102120,1.100760,1.101500
2016/11/08 19:00:00,1.101760,1.102550,1.101350,1.102450,1.101500,1.102310,1.101130,1.102220
2016/11/08 19:30:00,1.102450,1.103300,1.102440,1.103090,1.102220,1.103050,1.102210,1.102850
2016/11/08 20:00:00,1.103090,1.103590,1.102380,1.102510,1.102850,1.103340,1.102110,1.102270
2016/11/08 20:30:00,1.102510,1.102610,1.101560,1.101600,1.102270,1.102360,1.101300,1.101350
2016/11/08 21:00:00,1.101600,1.102260,1.101460,1.102030,1.101350,1.102000,1.101200,1.101780
2016/11/08 21:30:00,1.102030,1.102960,1.101890,1.102900,1.101780,1.102690,1.101640,1.102280
2016/11/08 22:00:00,1.102900,1.103300,1.101500,1.102070,1.102280,1.103000,1.101030,1.101710
2016/11/08 22:30:00,1.102070,1.102090,1.101110,1.101520,1.101710,1.101770,1.100790,1.101160
2016/11/08 23:00:00,1.101520,1.101550,1.100600,1.101180,1.101160,1.101170,1.100370,1.100900
2016/11/08 23:30:00,1.101180,1.102290,1.101180,1.101950,1.100900,1.102020,1.100900,1.101640
2016/11/09 00:00:00,1.101950,1.105450,1.101910,1.102080,1.101640,1.105130,1.101630,1.101800
2016/11/09 00:30:00,1.102080,1.105370,1.099370,1.099550,1.101800,1.105070,1.099120,1.099310
2016/11/09 01:00:00,1.099550,1.102670,1.099100,1.101970,1.099310,1.102370,1.098840,1.101660
2016/11/09 01:30:00,1.101970,1.104830,1.101310,1.104400,1.101660,1.104520,1.101020,1.104060
2016/11/09 02:00:00,1.104400,1.117300,1.104400,1.113190,1.104060,1.117010,1.104050,1.112890
2016/11/09 02:30:00,1.113190,1.117140,1.112530,1.112610,1.112890,1.116810,1.112260,1.112330
2016/11/09 03:00:00,1.112610,1.122580,1.112060,1.121950,1.112330,1.122290,1.111760,1.121680
2016/11/09 03:30:00,1.121950,1.123340,1.119520,1.123140,1.121680,1.123080,1.119220,1.122830
2016/11/09 04:00:00,1.123140,1.126840,1.119510,1.120020,1.122830,1.126570,1.119160,1.119640
2016/11/09 04:30:00,1.120020,1.128470,1.119880,1.127660,1.119640,1.128160,1.119520,1.127360
2016/11/09 05:00:00,1.127660,1.130120,1.126070,1.126960,1.127360,1.129830,1.125760,1.126630
2016/11/09 05:30:00,1.126960,1.129330,1.126230,1.127610,1.126630,1.129010,1.125910,1.127320
2016/11/09 06:00:00,1.127610,1.127810,1.121990,1.125950,1.127320,1.127540,1.121650,1.125600
2016/11/09 06:30:00,1.125950,1.126170,1.120080,1.122150,1.125600,1.125840,1.119790,1.121860
2016/11/09 07:00:00,1.122150,1.122820,1.117780,1.121340,1.121860,1.122540,1.117450,1.121040
2016/11/09 07:30:00,1.121340,1.122240,1.110810,1.111930,1.121040,1.121940,1.110500,1.111610
2016/11/09 08:00:00,1.111930,1.113670,1.108190,1.111800,1.111610,1.113410,1.107910,1.111500
2016/11/09 08:30:00,1.111800,1.112810,1.110120,1.110730,1.111500,1.112560,1.109840,1.110450
2016/11/09 09:00:00,1.110730,1.110830,1.106980,1.107080,1.110450,1.110580,1.106690,1.106800
2016/11/09 09:30:00,1.107080,1.107180,1.103080,1.105300,1.106800,1.106910,1.102810,1.105030
2016/11/09 10:00:00,1.105300,1.108890,1.104440,1.108800,1.105030,1.108630,1.104180,1.108540
2016/11/09 10:30:00,1.108800,1.110610,1.107950,1.109290,1.108540,1.110340,1.107700,1.109060
2016/11/09 11:00:00,1.109290,1.110950,1.109100,1.110090,1.109060,1.110700,1.108830,1.109840
2016/11/09 11:30:00,1.110090,1.110540,1.109190,1.109230,1.109840,1.110280,1.108930,1.108960
2016/11/09 12:00:00,1.109230,1.109300,1.103980,1.105570,1.108960,1.109040,1.103710,1.105310
2016/11/09 12:30:00,1.105570,1.106010,1.102380,1.102800,1.105310,1.105740,1.102120,1.102570
2016/11/09 13:00:00,1.102800,1.102830,1.099930,1.102490,1.102570,1.102590,1.099680,1.102240
2016/11/09 13:30:00,1.102490,1.103810,1.101010,1.101070,1.102240,1.103540,1.100760,1.100820
2016/11/09 14:00:00,1.101070,1.101410,1.097070,1.097220,1.100820,1.101160,1.096830,1.096970
2016/11/09 14:30:00,1.097220,1.098120,1.095180,1.095270,1.096970,1.097860,1.094930,1.095030
2016/11/09 15:00:00,1.095270,1.096770,1.094180,1.095860,1.095030,1.096530,1.093910,1.095580
2016/11/09 15:30:00,1.095860,1.096520,1.093160,1.094950,1.095580,1.096250,1.092930,1.094700
2016/11/09 16:00:00,1.094950,1.095910,1.093820,1.094090,1.094700,1.095650,1.093580,1.093850
2016/11/09 16:30:00,1.094090,1.095320,1.093900,1.095200,1.093850,1.095070,1.093660,1.094960
2016/11/09 17:00:00,1.095200,1.095340,1.092450,1.093320,1.094960,1.095090,1.092190,1.093050
2016/11/09 17:30:00,1.093320,1.094770,1.093260,1.093990,1.093050,1.094520,1.092990,1.093720
2016/11/09 18:00:00,1.093990,1.094890,1.093410,1.094300,1.093720,1.094630,1.093150,1.094040
2016/11/09 18:30:00,1.094300,1.095020,1.093090,1.093260,1.094040,1.094770,1.092840,1.093040
2016/11/09 19:00:00,1.093260,1.093600,1.092120,1.092490,1.093040,1.093380,1.091860,1.092230
2016/11/09 19:30:00,1.092490,1.093920,1.092260,1.093370,1.092230,1.093660,1.092030,1.093100
2016/11/09 20:00:00,1.093370,1.094300,1.092910,1.093240,1.093100,1.094040,1.092650,1.092980
2016/11/09 20:30:00,1.093240,1.093250,1.091040,1.091060,1.092980,1.092990,1.090790,1.090810
2016/11/09 21:00:00,1.091060,1.091890,1.090840,1.091680,1.090810,1.091630,1.090590,1.091420
2016/11/09 21:30:00,1.091680,1.091720,1.090890,1.091270,1.091420,1.091470,1.090550,1.090770
2016/11/09 22:00:00,1.091270,1.092250,1.091180,1.091770,1.090770,1.091830,1.090610,1.091510
2016/11/09 22:30:00,1.091770,1.092520,1.091770,1.092190,1.091510,1.092130,1.091500,1.091890
2016/11/09 23:00:00,1.092190,1.092840,1.091690,1.091960,1.091890,1.092460,1.091400,1.091710
2016/11/09 23:30:00,1.091960,1.092130,1.091680,1.092100,1.091710,1.091860,1.091460,1.091850
2016/11/10 00:00:00,1.092100,1.093350,1.091680,1.093310,1.091850,1.093090,1.091420,1.093070
2016/11/10 00:30:00,1.093310,1.093350,1.092730,1.092790,1.093070,1.093080,1.092480,1.092510
2016/11/10 01:00:00,1.092790,1.092860,1.091510,1.092360,1.092510,1.092600,1.091250,1.092090
2016/11/10 01:30:00,1.092360,1.093830,1.092190,1.093550,1.092090,1.093580,1.091930,1.093280
2016/11/10 02:00:00,1.093550,1.094900,1.093410,1.094540,1.093280,1.094650,1.093180,1.094280
2016/11/10 02:30:00,1.094540,1.095510,1.094200,1.094310,1.094280,1.095240,1.093940,1.094060
2016/11/10 03:00:00,1.094310,1.094410,1.093790,1.094220,1.094060,1.094150,1.093540,1.093960
2016/11/10 03:30:00,1.094220,1.094750,1.093800,1.093840,1.093960,1.094500,1.093550,1.093590
2016/11/10 04:00:00,1.093840,1.093850,1.092400,1.092910,1.093590,1.093590,1.092150,1.092650
2016/11/10 04:30:00,1.092910,1.093220,1.092350,1.092720,1.092650,1.092980,1.092110,1.092470
2016/11/10 05:00:00,1.092720,1.093410,1.092690,1.093260,1.092470,1.093160,1.092430,1.093000
2016/11/10 05:30:00,1.093260,1.094550,1.093250,1.094340,1.093000,1.094290,1.092990,1.094100
2016/11/10 06:00:00,1.094340,1.094900,1.093970,1.094590,1.094100,1.094660,1.093720,1.094340
2016/11/10 06:30:00,1.094590,1.094610,1.093700,1.094600,1.094340,1.094360,1.093440,1.094330
2016/11/10 07:00:00,1.094600,1.094610,1.092680,1.093260,1.094330,1.094350,1.092420,1.093000
2016/11/10 07:30:00,1.093260,1.094160,1.092760,1.093060,1.093000,1.093910,1.092500,1.092800
2016/11/10 08:00:00,1.093060,1.093730,1.091860,1.092220,1.092800,1.093490,1.091600,1.091970
2016/11/10 08:30:00,1.092220,1.094830,1.092140,1.092930,1.091970,1.094560,1.091890,1.092680
2016/11/10 09:00:00,1.092930,1.092980,1.091170,1.091590,1.092680,1.092730,1.090930,1.091350
2016/11/10 09:30:00,1.091590,1.091640,1.088840,1.089540,1.091350,1.091400,1.088600,1.089310
2016/11/10 10:00:00,1.089540,1.089850,1.088870,1.089850,1.089310,1.089610,1.088620,1.089590
2016/11/10 10:30:00,1.089850,1.090810,1.089460,1.090110,1.089590,1.090580,1.089220,1.089870
2016/11/10 11:00:00,1.090110,1.090960,1.089540,1.090840,1.089870,1.090720,1.089290,1.090580
2016/11/10 11:30:00,1.090840,1.092160,1.089630,1.089980,1.090580,1.091910,1.089380,1.089730
2016/11/10 12:00:00,1.089980,1.091200,1.087260,1.087530,1.089730,1.090950,1.087020,1.087270
2016/11/10 12:30:00,1.087530,1.089420,1.087080,1.089290,1.087270,1.089190,1.086840,1.089060
2016/11/10 13:00:00,1.089290,1.090880,1.088880,1.090330,1.089060,1.090630,1.088610,1.089980
2016/11/10 13:30:00,1.090330,1.090530,1.089390,1.089950,1.089980,1.090220,1.089140,1.089710
2016/11/10 14:00:00,1.089950,1.090270,1.088800,1.088880,1.089710,1.090010,1.088540,1.088640
2016/11/10 14:30:00,1.088880,1.089240,1.087060,1.087290,1.088640,1.088990,1.086820,1.087070
2016/11/10 15:00:00,1.087290,1.090760,1.086620,1.090490,1.087070,1.090510,1.086380,1.090240
2016/11/10 15:30:00,1.090490,1.090560,1.087860,1.088010,1.090240,1.090300,1.087600,1.087760
2016/11/10 16:00:00,1.088010,1.088800,1.086940,1.087000,1.087760,1.088530,1.086690,1.086770
2016/11/10 16:30:00,1.087000,1.088430,1.086880,1.088300,1.086770,1.088190,1.086620,1.088050
2016/11/10 17:00:00,1.088300,1.089170,1.087790,1.088860,1.088050,1.088920,1.087520,1.088620
2016/11/10 17:30:00,1.088860,1.089230,1.088140,1.089140,1.088620,1.088990,1.087900,1.088900
2016/11/10 18:00:00,1.089140,1.089940,1.088580,1.089440,1.088900,1.089700,1.088330,1.089180
2016/11/10 18:30:00,1.089440,1.090510,1.089060,1.090240,1.089180,1.090260,1.088820,1.089980
2016/11/10 19:00:00,1.090240,1.090440,1.089460,1.089740,1.089980,1.090190,1.089200,1.089480
2016/11/10 19:30:00,1.089740,1.089760,1.088940,1.089210,1.089480,1.089510,1.088690,1.088970
2016/11/10 20:00:00,1.089210,1.089610,1.088870,1.089200,1.088970,1.089350,1.088620,1.088950
2016/11/10 20:30:00,1.089200,1.089790,1.088720,1.088750,1.088950,1.089520,1.088480,1.088500
2016/11/10 21:00:00,1.088750,1.089300,1.088510,1.089280,1.088500,1.089040,1.088250,1.089040
2016/11/10 21:30:00,1.089280,1.089730,1.089230,1.089670,1.089040,1.089380,1.088750,1.088860
2016/11/10 22:00:00,1.089670,1.090380,1.088640,1.088650,1.088860,1.089210,1.088000,1.088390
2016/11/10 22:30:00,1.088650,1.088920,1.088310,1.088780,1.088390,1.088610,1.088030,1.088450
2016/11/10 23:00:00,1.088780,1.089080,1.088230,1.088750,1.088450,1.088790,1.087930,1.088480
2016/11/10 23:30:00,1.088750,1.089190,1.088530,1.088890,1.088480,1.088930,1.088260,1.088620
2016/11/11 00:00:00,1.088890,1.089260,1.088270,1.088480,1.088620,1.089000,1.088010,1.088220
2016/11/11 00:30:00,1.088480,1.089210,1.088340,1.088690,1.088220,1.088950,1.088090,1.088440
2016/11/11 01:00:00,1.088690,1.089100,1.088130,1.088180,1.088440,1.088850,1.087860,1.087910
2016/11/11 01:30:00,1.088180,1.088840,1.087690,1.088570,1.087910,1.088580,1.087420,1.088320
2016/11/11 02:00:00,1.088570,1.091500,1.088420,1.091140,1.088320,1.091240,1.088160,1.090870
2016/11/11 02:30:00,1.091140,1.092470,1.090590,1.091160,1.090870,1.092210,1.090330,1.090910
2016/11/11 03:00:00,1.091160,1.091710,1.089940,1.089950,1.090910,1.091470,1.089670,1.089680
2016/11/11 03:30:00,1.089950,1.090570,1.089740,1.090440,1.089680,1.090320,1.089480,1.090180
2016/11/11 04:00:00,1.090440,1.091290,1.090280,1.091230,1.090180,1.091040,1.090020,1.090960
2016/11/11 04:30:00,1.091230,1.091230,1.090340,1.090710,1.090960,1.090960,1.090090,1.090450
2016/11/11 05:00:00,1.090710,1.090890,1.090340,1.090750,1.090450,1.090640,1.090100,1.090480
2016/11/11 05:30:00,1.090750,1.091430,1.090640,1.091350,1.090480,1.091170,1.090380,1.091090
2016/11/11 06:00:00,1.091350,1.092090,1.091270,1.091470,1.091090,1.091830,1.091020,1.091230
2016/11/11 06:30:00,1.091470,1.091630,1.090750,1.091590,1.091230,1.091380,1.090500,1.091320
2016/11/11 07:00:00,1.091590,1.091850,1.090610,1.090960,1.091320,1.091590,1.090350,1.090720
2016/11/11 07:30:00,1.090960,1.091710,1.090450,1.090740,1.090720,1.091460,1.090180,1.090480
2016/11/11 08:00:00,1.090740,1.091130,1.089380,1.089490,1.090480,1.090900,1.089120,1.089240
2016/11/11 08:30:00,1.089490,1.089680,1.087270,1.088200,1.089240,1.089420,1.087020,1.087980
2016/11/11 09:00:00,1.088200,1.089850,1.087210,1.088340,1.087980,1.089590,1.086980,1.088080
2016/11/11 09:30:00,1.088340,1.088540,1.086930,1.087080,1.088080,1.088290,1.086690,1.086830
2016/11/11 10:00:00,1.087080,1.087310,1.085550,1.086890,1.086830,1.087060,1.085290,1.086640
2016/11/11 10:30:00,1.086890,1.088600,1.086850,1.088040,1.086640,1.088350,1.086610,1.087780
2016/11/11 11:00:00,1.088040,1.088750,1.087350,1.088130,1.087780,1.088490,1.087100,1.087870
2016/11/11 11:30:00,1.088130,1.088440,1.086830,1.087570,1.087870,1.088180,1.086570,1.087320
2016/11/11 12:00:00,1.087570,1.088110,1.087290,1.087500,1.087320,1.087890,1.087040,1.087250
2016/11/11 12:30:00,1.087500,1.088020,1.086600,1.087420,1.087250,1.087770,1.086360,1.087170
2016/11/11 13:00:00,1.087420,1.091010,1.087380,1.090270,1.087170,1.090760,1.087130,1.090030
2016/11/11 13:30:00,1.090270,1.092070,1.090140,1.090340,1.090030,1.091820,1.089890,1.090100
2016/11/11 14:00:00,1.090340,1.091170,1.088940,1.089110,1.090100,1.090920,1.088690,1.088870
2016/11/11 14:30:00,1.089110,1.089280,1.087320,1.087850,1.088870,1.089020,1.087050,1.087580
2016/11/11 15:00:00,1.087850,1.088010,1.086940,1.087890,1.087580,1.087760,1.086700,1.087630
2016/11/11 15:30:00,1.087890,1.087960,1.085160,1.085210,1.087630,1.087690,1.084910,1.084960
2016/11/11 16:00:00,1.085210,1.086320,1.083940,1.084560,1.084960,1.086090,1.083700,1.084300
2016/11/11 16:30:00,1.084560,1.084970,1.083170,1.083560,1.084300,1.084710,1.082920,1.083300
2016/11/11 17:00:00,1.083560,1.084880,1.083380,1.083750,1.083300,1.084640,1.083130,1.083480
2016/11/11 17:30:00,1.083750,1.086540,1.083350,1.086120,1.083480,1.086280,1.083110,1.085850
2016/11/11 18:00:00,1.086120,1.086130,1.085000,1.085650,1.085850,1.085880,1.084740,1.085400
2016/11/11 18:30:00,1.085650,1.085790,1.084730,1.084780,1.085400,1.085550,1.084480,1.084540
2016/11/11 19:00:00,1.084780,1.085140,1.084270,1.084400,1.084540,1.084890,1.084010,1.084150
2016/11/11 19:30:00,1.084400,1.084740,1.084310,1.084570,1.084150,1.084480,1.084050,1.084310
2016/11/11 20:00:00,1.084570,1.085220,1.084560,1.084950,1.084310,1.084960,1.084300,1.084690
2016/11/11 20:30:00,1.084950,1.085010,1.084600,1.084840,1.084690,1.084750,1.084350,1.084590
2016/11/11 21:00:00,1.084840,1.085820,1.084730,1.085640,1.084590,1.085530,1.084470,1.085380
2016/11/11 21:30:00,1.085640,1.086700,1.085600,1.086330,1.085380,1.086010,1.084650,1.085270
2016/11/13 19:30:00,1.086330,1.086330,1.083200,1.083330,1.085270,1.085270,1.082880,1.082950
2016/11/13 20:00:00,1.083330,1.083600,1.082840,1.082840,1.082950,1.083330,1.082590,1.082590
2016/11/13 20:30:00,1.082840,1.083260,1.082840,1.083260,1.082590,1.082870,1.082580,1.082870
2016/11/13 21:00:00,1.083260,1.083550,1.083200,1.083500,1.082870,1.083240,1.082670,1.083170
2016/11/13 21:30:00,1.083500,1.084000,1.083010,1.083590,1.083170,1.083200,1.082510,1.082910
2016/11/13 22:00:00,1.083590,1.084190,1.083430,1.083770,1.082910,1.083800,1.082870,1.083240
2016/11/13 22:30:00,1.083770,1.084320,1.083590,1.084120,1.083240,1.083910,1.083160,1.083680
2016/11/13 23:00:00,1.084120,1.084120,1.082730,1.082800,1.083680,1.083900,1.082440,1.082510
2016/11/13 23:30:00,1.082800,1.082950,1.082060,1.082440,1.082510,1.082720,1.081780,1.082120
2016/11/14 00:00:00,1.082440,1.082730,1.080980,1.081030,1.082120,1.082490,1.080720,1.080770
2016/11/14 00:30:00,1.081030,1.081040,1.079550,1.080800,1.080770,1.080780,1.079290,1.080540
2016/11/14 01:00:00,1.080800,1.080960,1.077420,1.078810,1.080540,1.080690,1.077160,1.078550
2016/11/14 01:30:00,1.078810,1.080120,1.078550,1.079810,1.078550,1.079860,1.078290,1.079510
2016/11/14 02:00:00,1.079810,1.080380,1.079050,1.080310,1.079510,1.080130,1.078780,1.080070
2016/11/14 02:30:00,1.080310,1.080860,1.079870,1.080620,1.080070,1.080610,1.079620,1.080370
2016/11/14 03:00:00,1.080620,1.081020,1.080360,1.080420,1.080370,1.080760,1.080110,1.080170
2016/11/14 03:30:00,1.080420,1.080470,1.079740,1.079920,1.080170,1.080210,1.079480,1.079660
2016/11/14 04:00:00,1.079920,1.080240,1.079590,1.079820,1.079660,1.079990,1.079350,1.079560
2016/11/14 04:30:00,1.079820,1.080220,1.079770,1.079900,1.079560,1.079970,1.079510,1.079670
2016/11/14 05:00:00,1.079900,1.079990,1.077960,1.078620,1.079670,1.079760,1.077710,1.078350
2016/11/14 05:30:00,1.078620,1.079710,1.078410,1.079340,1.078350,1.079440,1.078170,1.079090
2016/11/14 06:00:00,1.079340,1.080100,1.078430,1.078610,1.079090,1.079840,1.078140,1.078320
2016/11/14 06:30:00,1.078610,1.079590,1.078270,1.079160,1.078320,1.079340,1.078010,1.078910
2016/11/14 07:00:00,1.079160,1.080770,1.079010,1.079600,1.078910,1.080500,1.078740,1.079340
2016/11/14 07:30:00,1.079600,1.080670,1.078360,1.078460,1.079340,1.080400,1.078120,1.078210
2016/11/14 08:00:00,1.078460,1.079420,1.075610,1.075680,1.078210,1.079160,1.075340,1.075430
2016/11/14 08:30:00,1.075680,1.076360,1.072950,1.073520,1.075430,1.076120,1.072690,1.073270
2016/11/14 09:00:00,1.073520,1.075490,1.073440,1.074850,1.073270,1.075240,1.073200,1.074590
2016/11/14 09:30:00,1.074850,1.076150,1.073870,1.075880,1.074590,1.075890,1.073620,1.075650
2016/11/14 10:00:00,1.075880,1.076630,1.075490,1.075730,1.075650,1.076380,1.075230,1.075490
2016/11/14 10:30:00,1.075730,1.076630,1.075640,1.076320,1.075490,1.076400,1.075390,1.076100
2016/11/14 11:00:00,1.076320,1.077300,1.076000,1.076980,1.076100,1.077060,1.075740,1.076720
2016/11/14 11:30:00,1.076980,1.079030,1.076000,1.078560,1.076720,1.078800,1.075750,1.078320
2016/11/14 12:00:00,1.078560,1.078690,1.076470,1.077080,1.078320,1.078440,1.076220,1.076830
2016/11/14 12:30:00,1.077080,1.077410,1.076150,1.076500,1.076830,1.077160,1.075890,1.076240
2016/11/14 13:00:00,1.076500,1.078680,1.076100,1.078310,1.076240,1.078430,1.075840,1.078050
2016/11/14 13:30:00,1.078310,1.078330,1.076600,1.076940,1.078050,1.078080,1.076340,1.076680
2016/11/14 14:00:00,1.076940,1.077170,1.074030,1.074090,1.076680,1.076910,1.073790,1.073830
2016/11/14 14:30:00,1.074090,1.074280,1.071390,1.071510,1.073830,1.074030,1.071150,1.071280
2016/11/14 15:00:00,1.071510,1.072380,1.071050,1.071780,1.071280,1.072140,1.070790,1.071550
2016/11/14 15:30:00,1.071780,1.072840,1.071400,1.072360,1.071550,1.072590,1.071150,1.072100
2016/11/14 16:00:00,1.072360,1.072700,1.071300,1.072080,1.072100,1.072450,1.071060,1.071830
2016/11/14 16:30:00,1.072080,1.072710,1.071840,1.072350,1.071830,1.072460,1.071600,1.072100
2016/11/14 17:00:00,1.072350,1.074300,1.071920,1.073990,1.072100,1.074040,1.071670,1.073720
2016/11/14 17:30:00,1.073990,1.075510,1.073910,1.074970,1.073720,1.075270,1.073680,1.074730
2016/11/14 18:00:00,1.074970,1.076010,1.074270,1.075950,1.074730,1.075760,1.074040,1.075690
2016/11/14 18:30:00,1.075950,1.076030,1.073800,1.074610,1.075690,1.075780,1.073540,1.074350
2016/11/14 19:00:00,1.074610,1.074730,1.072570,1.072680,1.074350,1.074500,1.072350,1.072420
2016/11/14 19:30:00,1.072680,1.073230,1.072410,1.072590,1.072420,1.072980,1.072150,1.072340
2016/11/14 20:00:00,1.072590,1.073990,1.072500,1.073740,1.072340,1.073730,1.072240,1.073500
2016/11/14 20:30:00,1.073740,1.074140,1.073310,1.073570,1.073500,1.073900,1.073070,1.073310
2016/11/14 21:00:00,1.073570,1.074590,1.073290,1.074420,1.073310,1.074360,1.073040,1.074170
2016/11/14 21:30:00,1.074420,1.074440,1.073680,1.073910,1.074170,1.074170,1.073270,1.073530
2016/11/14 22:00:00,1.073910,1.074200,1.073710,1.074050,1.073530,1.073870,1.073390,1.073710
2016/11/14 22:30:00,1.074050,1.074650,1.073880,1.074620,1.073710,1.074350,1.073440,1.074250
2016/11/14 23:00:00,1.074620,1.074710,1.074180,1.074690,1.074250,1.074450,1.073880,1.074430
2016/11/14 23:30:00,1.074690,1.075180,1.074580,1.074710,1.074430,1.074900,1.074300,1.074440
2016/11/15 00:00:00,1.074710,1.077110,1.074610,1.076680,1.074440,1.076860,1.074350,1.076440
2016/11/15 00:30:00,1.076680,1.077260,1.075910,1.076330,1.076440,1.077000,1.075660,1.076050
2016/11/15 01:00:00,1.076330,1.077210,1.076100,1.076800,1.076050,1.076950,1.075850,1.076530
2016/11/15 01:30:00,1.076800,1.076820,1.075720,1.075780,1.076530,1.076550,1.075500,1.075520
2016/11/15 02:00:00,1.075780,1.076220,1.075160,1.075360,1.075520,1.075960,1.074900,1.075100
2016/11/15 02:30:00,1.075360,1.075590,1.074780,1.075050,1.075100,1.075340,1.074510,1.074780
2016/11/15 03:00:00,1.075050,1.075550,1.075050,1.075520,1.074780,1.075290,1.074780,1.075270
2016/11/15 03:30:00,1.075520,1.075660,1.075100,1.075450,1.075270,1.075420,1.074840,1.075180
2016/11/15 04:00:00,1.075450,1.075600,1.075170,1.075270,1.075180,1.075330,1.074910,1.075010
2016/11/15 04:30:00,1.075270,1.075270,1.074680,1.075010,1.075010,1.075010,1.074420,1.074750
2016/11/15 05:00:00,1.075010,1.075450,1.074920,1.075270,1.074750,1.075190,1.074670,1.075000
2016/11/15 05:30:00,1.075270,1.075530,1.074890,1.074990,1.075000,1.075270,1.074640,1.074750
2016/11/15 06:00:00,1.074990,1.075480,1.074850,1.075360,1.074750,1.075240,1.074620,1.075090
2016/11/15 06:30:00,1.075360,1.075530,1.075080,1.075290,1.075090,1.075280,1.074830,1.074980
2016/11/15 07:00:00,1.075290,1.078240,1.074900,1.077460,1.074980,1.077980,1.074640,1.077210
2016/11/15 07:30:00,1.077460,1.077930,1.076930,1.077630,1.077210,1.077690,1.076670,1.077370
2016/11/15 08:00:00,1.077630,1.080210,1.077050,1.080160,1.077370,1.079960,1.076790,1.079910
2016/11/15 08:30:00,1.080160,1.081810,1.079740,1.080580,1.079910,1.081560,1.079480,1.080330
2016/11/15 09:00:00,1.080580,1.080900,1.079360,1.080540,1.080330,1.080640,1.079110,1.080300
2016/11/15 09:30:00,1.080540,1.081390,1.078680,1.080210,1.080300,1.081140,1.078430,1.079780
2016/11/15 10:00:00,1.080210,1.080470,1.079000,1.079190,1.079780,1.080220,1.078750,1.078970
2016/11/15 10:30:00,1.079190,1.080040,1.078010,1.078200,1.078970,1.079800,1.077770,1.077950
2016/11/15 11:00:00,1.078200,1.078230,1.077080,1.077350,1.077950,1.077980,1.076830,1.077110
2016/11/15 11:30:00,1.077350,1.077840,1.076740,1.076780,1.077110,1.077590,1.076490,1.076520
2016/11/15 12:00:00,1.076780,1.077420,1.075900,1.077010,1.076520,1.077190,1.075620,1.076780
2016/11/15 12:30:00,1.077010,1.077350,1.076260,1.077060,1.076780,1.077100,1.076010,1.076810
2016/11/15 13:00:00,1.077060,1.077080,1.075480,1.076120,1.076810,1.076840,1.075230,1.075690
2016/11/15 13:30:00,1.076120,1.076140,1.072920,1.073600,1.075690,1.075690,1.072690,1.073370
2016/11/15 14:00:00,1.073600,1.074060,1.072460,1.073090,1.073370,1.073810,1.072210,1.072840
2016/11/15 14:30:00,1.073090,1.074450,1.072230,1.072820,1.072840,1.074220,1.071980,1.072590
2016/11/15 15:00:00,1.072820,1.075290,1.072400,1.074570,1.072590,1.075040,1.072170,1.074320
2016/11/15 15:30:00,1.074570,1.074880,1.072860,1.072880,1.074320,1.074640,1.072610,1.072640
2016/11/15 16:00:00,1.072880,1.074190,1.072040,1.073800,1.072640,1.073930,1.071780,1.073540
2016/11/15 16:30:00,1.073800,1.073820,1.072660,1.072670,1.073540,1.073560,1.072420,1.072420
2016/11/15 17:00:00,1.072670,1.073250,1.071960,1.072360,1.072420,1.073000,1.071750,1.072110
2016/11/15 17:30:00,1.072360,1.073420,1.072200,1.073400,1.072110,1.073190,1.071950,1.073150
2016/11/15 18:00:00,1.073400,1.073830,1.072770,1.073710,1.073150,1.073570,1.072530,1.073460
2016/11/15 18:30:00,1.073710,1.073750,1.071550,1.071810,1.073460,1.073500,1.071290,1.071580
2016/11/15 19:00:00,1.071810,1.072400,1.071530,1.072280,1.071580,1.072160,1.071290,1.072030
2016/11/15 19:30:00,1.072280,1.072800,1.071700,1.071770,1.072030,1.072540,1.071440,1.071510
2016/11/15 20:00:00,1.071770,1.072530,1.071590,1.072300,1.071510,1.072280,1.071340,1.072050
2016/11/15 20:30:00,1.072300,1.073170,1.072240,1.073030,1.072050,1.072940,1.072000,1.072770
2016/11/15 21:00:00,1.073030,1.073440,1.072660,1.072900,1.072770,1.073190,1.072410,1.072670
2016/11/15 21:30:00,1.072900,1.073200,1.072190,1.072560,1.072670,1.072890,1.071760,1.071760
2016/11/15 22:00:00,1.072560,1.072610,1.072180,1.072430,1.071760,1.072320,1.071760,1.072140
2016/11/15 22:30:00,1.072430,1.073290,1.072070,1.072600,1.072140,1.072810,1.071650,1.072200
2016/11/15 23:00:00,1.072600,1.072900,1.071980,1.072750,1.072200,1.072660,1.071740,1.072510
2016/11/15 23:30:00,1.072750,1.072870,1.072160,1.072590,1.072510,1.072590,1.071890,1.072330
2016/11/16 00:00:00,1.072590,1.073360,1.072180,1.073310,1.072330,1.073100,1.071930,1.073050
2016/11/16 00:30:00,1.073310,1.074310,1.073120,1.073950,1.073050,1.074050,1.072870,1.073690
2016/11/16 01:00:00,1.073950,1.074860,1.073850,1.074440,1.073690,1.074600,1.073590,1.074180
2016/11/16 01:30:00,1.074440,1.075170,1.073980,1.074020,1.074180,1.074920,1.073720,1.073750
2016/11/16 02:00:00,1.074020,1.075010,1.073840,1.074710,1.073750,1.074770,1.073580,1.074450
2016/11/16 02:30:00,1.074710,1.076090,1.074700,1.075800,1.074450,1.075830,1.074450,1.075560
2016/11/16 03:00:00,1.075800,1.076080,1.075330,1.075390,1.075560,1.075840,1.075070,1.075130
2016/11/16 03:30:00,1.075390,1.075550,1.074830,1.074950,1.075130,1.075280,1.074590,1.074680
2016/11/16 04:00:00,1.074950,1.075050,1.073830,1.074650,1.074680,1.074800,1.073580,1.074370
2016/11/16 04:30:00,1.074650,1.074870,1.074230,1.074240,1.074370,1.074610,1.073970,1.073990
2016/11/16 05:00:00,1.074240,1.074890,1.074190,1.074760,1.073990,1.074620,1.073920,1.074520
2016/11/16 05:30:00,1.074760,1.074970,1.074330,1.074800,1.074520,1.074720,1.074070,1.074540
2016/11/16 06:00:00,1.074800,1.075410,1.074730,1.074960,1.074540,1.075150,1.074470,1.074700
2016/11/16 06:30:00,1.074960,1.075620,1.074680,1.075230,1.074700,1.075370,1.074430,1.074990
2016/11/16 07:00:00,1.075230,1.075790,1.072530,1.072630,1.074990,1.075540,1.072290,1.072400
2016/11/16 07:30:00,1.072630,1.073260,1.070140,1.070700,1.072400,1.073000,1.069870,1.070440
2016/11/16 08:00:00,1.070700,1.072110,1.070490,1.071160,1.070440,1.071840,1.070240,1.070910
2016/11/16 08:30:00,1.071160,1.072620,1.071070,1.071670,1.070910,1.072390,1.070810,1.071420
2016/11/16 09:00:00,1.071670,1.073120,1.071580,1.072350,1.071420,1.072860,1.071340,1.072080
2016/11/16 09:30:00,1.072350,1.073100,1.071520,1.071620,1.072080,1.072850,1.071250,1.071360
2016/11/16 10:00:00,1.071620,1.071620,1.070650,1.070980,1.071360,1.071360,1.070400,1.070730
2016/11/16 10:30:00,1.070980,1.071320,1.069810,1.071210,1.070730,1.071080,1.069580,1.070960
2016/11/16 11:00:00,1.071210,1.071220,1.069610,1.070220,1.070960,1.071010,1.069390,1.069960
2016/11/16 11:30:00,1.070220,1.070950,1.069630,1.069700,1.069960,1.070690,1.069390,1.069460
2016/11/16 12:00:00,1.069700,1.070240,1.068890,1.069680,1.069460,1.070000,1.068640,1.069440
2016/11/16 12:30:00,1.069680,1.071330,1.069500,1.070000,1.069440,1.071080,1.069250,1.069770
2016/11/16 13:00:00,1.070000,1.071620,1.069530,1.071480,1.069770,1.071390,1.069270,1.071200
2016/11/16 13:30:00,1.071480,1.072390,1.070820,1.071360,1.071200,1.072150,1.070600,1.071090
2016/11/16 14:00:00,1.071360,1.071670,1.070190,1.071010,1.071090,1.071420,1.069940,1.070770
2016/11/16 14:30:00,1.071010,1.071980,1.069660,1.070190,1.070770,1.071750,1.069400,1.069930
2016/11/16 15:00:00,1.070190,1.071590,1.069420,1.070120,1.069930,1.071340,1.069180,1.069880
2016/11/16 15:30:00,1.070120,1.070510,1.067050,1.067320,1.069880,1.070270,1.066880,1.067070
2016/11/16 16:00:00,1.067320,1.068260,1.066730,1.068160,1.067070,1.068000,1.066500,1.067940
2016/11/16 16:30:00,1.068160,1.070110,1.067940,1.070010,1.067940,1.069880,1.067690,1.069770
2016/11/16 17:00:00,1.070010,1.071600,1.070000,1.070790,1.069770,1.071340,1.069750,1.070550
2016/11/16 17:30:00,1.070790,1.070800,1.069500,1.069690,1.070550,1.070550,1.069260,1.069430
2016/11/16 18:00:00,1.069690,1.069890,1.068340,1.068690,1.069430,1.069630,1.068090,1.068450
2016/11/16 18:30:00,1.068690,1.068790,1.067140,1.067350,1.068450,1.068550,1.066890,1.067090
2016/11/16 19:00:00,1.067350,1.068060,1.066840,1.067190,1.067090,1.067810,1.066600,1.066950
2016/11/16 19:30:00,1.067190,1.068430,1.067160,1.068220,1.066950,1.068180,1.066920,1.067960
2016/11/16 20:00:00,1.068220,1.069290,1.068040,1.068700,1.067960,1.069020,1.067790,1.068460
2016/11/16 20:30:00,1.068700,1.068760,1.068000,1.068480,1.068460,1.068520,1.067780,1.068220
2016/11/16 21:00:00,1.068480,1.068950,1.068180,1.068820,1.068220,1.068680,1.067940,1.068560
2016/11/16 21:30:00,1.068820,1.069370,1.068610,1.069320,1.068560,1.069070,1.068360,1.068910
2016/11/16 22:00:00,1.069320,1.069900,1.069060,1.069810,1.068910,1.069650,1.068750,1.069290
2016/11/16 22:30:00,1.069810,1.070570,1.069480,1.070290,1.069290,1.070160,1.069190,1.069760
2016/11/16 23:00:00,1.070290,1.071270,1.070080,1.070910,1.069760,1.070980,1.069750,1.070620
2016/11/16 23:30:00,1.070910,1.071330,1.070130,1.070770,1.070620,1.071070,1.069840,1.070500
2016/11/17 00:00:00,1.070770,1.070870,1.069940,1.070480,1.070500,1.070610,1.069690,1.070200
2016/11/17 00:30:00,1.070480,1.071070,1.070220,1.070410,1.070200,1.070820,1.069960,1.070150
2016/11/17 01:00:00,1.070410,1.071600,1.069330,1.071050,1.070150,1.071360,1.069080,1.070790
2016/11/17 01:30:00,1.071050,1.071470,1.070440,1.070840,1.070790,1.071200,1.070170,1.070580
2016/11/17 02:00:00,1.070840,1.070840,1.069770,1.070140,1.070580,1.070580,1.069510,1.069890
2016/11/17 02:30:00,1.070140,1.070380,1.069870,1.070210,1.069890,1.070120,1.069610,1.069950
2016/11/17 03:00:00,1.070210,1.070760,1.070040,1.070420,1.069950,1.070510,1.069810,1.070190
2016/11/17 03:30:00,1.070420,1.070440,1.069330,1.069520,1.070190,1.070190,1.069060,1.069250
2016/11/17 04:00:00,1.069520,1.069860,1.069370,1.069530,1.069250,1.069610,1.069120,1.069270
2016/11/17 04:30:00,1.069530,1.070160,1.069450,1.069920,1.069270,1.069900,1.069200,1.069670
2016/11/17 05:00:00,1.069920,1.070270,1.069760,1.070240,1.069670,1.070010,1.069500,1.069990
2016/11/17 05:30:00,1.070240,1.070410,1.069850,1.070090,1.069990,1.070160,1.069600,1.069830
2016/11/17 06:00:00,1.070090,1.070290,1.069090,1.069110,1.069830,1.070030,1.068840,1.068860
2016/11/17 06:30:00,1.069110,1.069660,1.068460,1.069570,1.068860,1.069400,1.068200,1.069310
2016/11/17 07:00:00,1.069570,1.070450,1.068840,1.069940,1.069310,1.070200,1.068590,1.069670
2016/11/17 07:30:00,1.069940,1.072070,1.069350,1.071600,1.069670,1.071800,1.069100,1.071360
2016/11/17 08:00:00,1.071600,1.072890,1.070950,1.071990,1.071360,1.072640,1.070710,1.071740
2016/11/17 08:30:00,1.071990,1.073770,1.071010,1.073710,1.071740,1.073530,1.070770,1.073490
2016/11/17 09:00:00,1.073710,1.073770,1.072360,1.073300,1.073490,1.073520,1.072100,1.073050
2016/11/17 09:30:00,1.073300,1.073320,1.072160,1.072550,1.073050,1.073080,1.071900,1.072280
2016/11/17 10:00:00,1.072550,1.073100,1.071690,1.073070,1.072280,1.072860,1.071440,1.072810
2016/11/17 10:30:00,1.073070,1.073330,1.072500,1.073130,1.072810,1.073100,1.072300,1.072890
2016/11/17 11:00:00,1.073130,1.074020,1.072850,1.073950,1.072890,1.073770,1.072590,1.073690
2016/11/17 11:30:00,1.073950,1.074020,1.073350,1.073660,1.073690,1.073770,1.073100,1.073410
2016/11/17 12:00:00,1.073660,1.074690,1.072740,1.073990,1.073410,1.074450,1.072480,1.073770
2016/11/17 12:30:00,1.073990,1.074080,1.071780,1.071780,1.073770,1.073830,1.071530,1.071530
2016/11/17 13:00:00,1.071780,1.073530,1.070510,1.072180,1.071530,1.073270,1.070250,1.071790
2016/11/17 13:30:00,1.072180,1.073520,1.068250,1.068970,1.071790,1.073080,1.067990,1.068710
2016/11/17 14:00:00,1.068970,1.071640,1.068900,1.071200,1.068710,1.071390,1.068650,1.070950
2016/11/17 14:30:00,1.071200,1.071400,1.068660,1.068980,1.070950,1.071150,1.068410,1.068740
2016/11/17 15:00:00,1.068980,1.069930,1.067510,1.067980,1.068740,1.069680,1.067250,1.067740
2016/11/17 15:30:00,1.067980,1.068600,1.066360,1.067490,1.067740,1.068350,1.066110,1.067230
2016/11/17 16:00:00,1.067490,1.068330,1.065910,1.065980,1.067230,1.068080,1.065630,1.065740
2016/11/17 16:30:00,1.065980,1.066410,1.065310,1.065680,1.065740,1.066150,1.065060,1.065430
2016/11/17 17:00:00,1.065680,1.065900,1.065370,1.065780,1.065430,1.065650,1.065120,1.065540
2016/11/17 17:30:00,1.065780,1.065820,1.063070,1.063700,1.065540,1.065570,1.062820,1.063460
2016/11/17 18:00:00,1.063700,1.064570,1.063020,1.064420,1.063460,1.064320,1.062760,1.064180
2016/11/17 18:30:00,1.064420,1.064420,1.062920,1.062920,1.064180,1.064190,1.062670,1.062680
2016/11/17 19:00:00,1.062920,1.063630,1.062550,1.062980,1.062680,1.063390,1.062300,1.062730
2016/11/17 19:30:00,1.062980,1.063540,1.062420,1.062780,1.062730,1.063290,1.062190,1.062540
2016/11/17 20:00:00,1.062780,1.062800,1.062150,1.062440,1.062540,1.062550,1.061900,1.062180
2016/11/17 20:30:00,1.062440,1.062760,1.062120,1.062600,1.062180,1.062500,1.061870,1.062350
2016/11/17 21:00:00,1.062600,1.063150,1.062270,1.062500,1.062350,1.062880,1.062020,1.062230
2016/11/17 21:30:00,1.062500,1.063010,1.062230,1.062790,1.062230,1.062720,1.061980,1.062370
2016/11/17 22:00:00,1.062790,1.063070,1.062430,1.062670,1.062370,1.062620,1.062080,1.062230
2016/11/17 22:30:00,1.062670,1.062900,1.062240,1.062790,1.062230,1.062600,1.061920,1.062470
2016/11/17 23:00:00,1.062790,1.063080,1.062550,1.062920,1.062470,1.062810,1.062240,1.062640
2016/11/17 23:30:00,1.062920,1.062930,1.062200,1.062360,1.062640,1.062660,1.061940,1.062100
2016/11/18 00:00:00,1.062360,1.062970,1.061230,1.061370,1.062100,1.062720,1.060980,1.061120
2016/11/18 00:30:00,1.061370,1.061730,1.060610,1.061580,1.061120,1.061470,1.060360,1.061330
2016/11/18 01:00:00,1.061580,1.061670,1.058550,1.058710,1.061330,1.061420,1.058280,1.058450
2016/11/18 01:30:00,1.058710,1.059970,1.058320,1.059570,1.058450,1.059720,1.058050,1.059290
2016/11/18 02:00:00,1.059570,1.060680,1.059170,1.059730,1.059290,1.060450,1.058900,1.059470
2016/11/18 02:30:00,1.059730,1.060290,1.059350,1.060020,1.059470,1.060030,1.059080,1.059760
2016/11/18 03:00:00,1.060020,1.060230,1.059610,1.059690,1.059760,1.059990,1.059330,1.059450
2016/11/18 03:30:00,1.059690,1.060570,1.059590,1.060540,1.059450,1.060320,1.059350,1.060290
2016/11/18 04:00:00,1.060540,1.061140,1.060320,1.060370,1.060290,1.060890,1.060070,1.060120
2016/11/18 04:30:00,1.060370,1.060850,1.060050,1.060820,1.060120,1.060570,1.059780,1.060560
2016/11/18 05:00:00,1.060820,1.060960,1.060290,1.060570,1.060560,1.060700,1.060020,1.060310
2016/11/18 05:30:00,1.060570,1.060580,1.058640,1.058640,1.060310,1.060380,1.058360,1.058390
2016/11/18 06:00:00,1.058640,1.060360,1.058560,1.060090,1.058390,1.060130,1.058260,1.059830
2016/11/18 06:30:00,1.060090,1.060840,1.059260,1.060010,1.059830,1.060560,1.059000,1.059750
2016/11/18 07:00:00,1.060010,1.061350,1.058930,1.058980,1.059750,1.061080,1.058680,1.058720
2016/11/18 07:30:00,1.058980,1.060610,1.058560,1.060610,1.058720,1.060350,1.058300,1.060340
2016/11/18 08:00:00,1.060610,1.061570,1.058510,1.059360,1.060340,1.061290,1.058280,1.059090
2016/11/18 08:30:00,1.059360,1.061100,1.058890,1.061010,1.059090,1.060860,1.058640,1.060750
2016/11/18 09:00:00,1.061010,1.061170,1.060000,1.060620,1.060750,1.060920,1.059740,1.060370
2016/11/18 09:30:00,1.060620,1.061420,1.059890,1.060010,1.060370,1.061170,1.059650,1.059760
2016/11/18 10:00:00,1.060010,1.062050,1.059880,1.061900,1.059760,1.061780,1.059640,1.061640
2016/11/18 10:30:00,1.061900,1.062610,1.061600,1.062200,1.061640,1.062360,1.061330,1.061940
2016/11/18 11:00:00,1.062200,1.062670,1.061510,1.062600,1.061940,1.062420,1.061260,1.062350
2016/11/18 11:30:00,1.062600,1.063070,1.062090,1.062900,1.062350,1.062820,1.061840,1.062650
2016/11/18 12:00:00,1.062900,1.062940,1.061850,1.062390,1.062650,1.062690,1.061600,1.062150
2016/11/18 12:30:00,1.062390,1.064420,1.061400,1.063110,1.062150,1.064180,1.061140,1.062870
2016/11/18 13:00:00,1.063110,1.063800,1.062220,1.063540,1.062870,1.063550,1.061970,1.063270
2016/11/18 13:30:00,1.063540,1.063610,1.060440,1.061210,1.063270,1.063350,1.060200,1.060960
2016/11/18 14:00:00,1.061210,1.062410,1.060190,1.061140,1.060960,1.062160,1.059940,1.060890
2016/11/18 14:30:00,1.061140,1.062650,1.059850,1.059980,1.060890,1.062400,1.059600,1.059730
2016/11/18 15:00:00,1.059980,1.060730,1.059630,1.060100,1.059730,1.060470,1.059380,1.059840
2016/11/18 15:30:00,1.060100,1.060100,1.057060,1.057500,1.059840,1.059850,1.056800,1.057250
2016/11/18 16:00:00,1.057500,1.058690,1.057170,1.058360,1.057250,1.058440,1.056920,1.058100
2016/11/18 16:30:00,1.058360,1.060120,1.058360,1.060100,1.058100,1.059880,1.058100,1.059850
2016/11/18 17:00:00,1.060100,1.060100,1.058890,1.059250,1.059850,1.059850,1.058640,1.059000
2016/11/18 17:30:00,1.059250,1.059660,1.058460,1.058750,1.059000,1.059420,1.058230,1.058500
2016/11/18 18:00:00,1.058750,1.060720,1.058550,1.060050,1.058500,1.060470,1.058310,1.059800
2016/11/18 18:30:00,1.060050,1.060310,1.059440,1.059870,1.059800,1.060060,1.059190,1.059620
2016/11/18 19:00:00,1.059870,1.060540,1.059690,1.060270,1.059620,1.060290,1.059440,1.060020
2016/11/18 19:30:00,1.060270,1.060870,1.060060,1.060090,1.060020,1.060620,1.059800,1.059850
2016/11/18 20:00:00,1.060090,1.060150,1.059300,1.059600,1.059850,1.059900,1.059060,1.059340
2016/11/18 20:30:00,1.059600,1.059750,1.058680,1.059410,1.059340,1.059500,1.058440,1.059170
2016/11/18 21:00:00,1.059410,1.059820,1.059070,1.059370,1.059170,1.059580,1.058810,1.059100
2016/11/18 21:30:00,1.059370,1.059880,1.058790,1.059220,1.059100,1.059590,1.058270,1.058270
2016/11/20 19:30:00,1.059220,1.060910,1.059220,1.060670,1.058270,1.060370,1.058270,1.059420
2016/11/20 20:00:00,1.060670,1.060820,1.060200,1.060770,1.059420,1.060260,1.059270,1.060050
2016/11/20 20:30:00,1.060770,1.060880,1.059950,1.060190,1.060050,1.060260,1.059550,1.059810
2016/11/20 21:00:00,1.060190,1.060320,1.059870,1.059990,1.059810,1.059910,1.059590,1.059600
2016/11/20 21:30:00,1.059990,1.060020,1.059310,1.059600,1.059600,1.059600,1.058840,1.059100
2016/11/20 22:00:00,1.059600,1.059760,1.058780,1.059320,1.059100,1.059320,1.058480,1.058870
2016/11/20 22:30:00,1.059320,1.059350,1.058830,1.058830,1.058870,1.058960,1.058530,1.058530
2016/11/20 23:00:00,1.058830,1.059060,1.058040,1.058260,1.058530,1.058710,1.057730,1.057950
2016/11/20 23:30:00,1.058260,1.058610,1.058110,1.058440,1.057950,1.058340,1.057820,1.058150
2016/11/21 00:00:00,1.058440,1.060700,1.058430,1.060690,1.058150,1.060430,1.058130,1.060410
2016/11/21 00:30:00,1.060690,1.061230,1.059810,1.059910,1.060410,1.060960,1.059540,1.059650
2016/11/21 01:00:00,1.059910,1.060590,1.059760,1.060550,1.059650,1.060320,1.059490,1.060300
2016/11/21 01:30:00,1.060550,1.061510,1.060330,1.060700,1.060300,1.061240,1.060080,1.060440
2016/11/21 02:00:00,1.060700,1.061000,1.060490,1.061000,1.060440,1.060760,1.060260,1.060760
2016/11/21 02:30:00,1.061000,1.061300,1.060230,1.060820,1.060760,1.061050,1.059960,1.060570
2016/11/21 03:00:00,1.060820,1.060840,1.059610,1.060190,1.060570,1.060590,1.059360,1.059930
2016/11/21 03:30:00,1.060190,1.060270,1.058950,1.059720,1.059930,1.060020,1.058700,1.059480
2016/11/21 04:00:00,1.059720,1.060030,1.059220,1.059460,1.059480,1.059780,1.058980,1.059200
2016/11/21 04:30:00,1.059460,1.059770,1.059290,1.059640,1.059200,1.059510,1.059040,1.059380
2016/11/21 05:00:00,1.059640,1.059930,1.059580,1.059930,1.059380,1.059690,1.059330,1.059690
2016/11/21 05:30:00,1.059930,1.060590,1.059930,1.060230,1.059690,1.060340,1.059680,1.059970
2016/11/21 06:00:00,1.060230,1.060440,1.059870,1.060220,1.059970,1.060180,1.059620,1.059970
2016/11/21 06:30:00,1.060220,1.061260,1.060210,1.060880,1.059970,1.060990,1.059950,1.060620
2016/11/21 07:00:00,1.060880,1.062560,1.060500,1.062540,1.060620,1.062330,1.060250,1.062310
2016/11/21 07:30:00,1.062540,1.063740,1.061930,1.063240,1.062310,1.063480,1.061680,1.063000
2016/11/21 08:00:00,1.063240,1.063890,1.062870,1.063860,1.063000,1.063650,1.062630,1.063610
2016/11/21 08:30:00,1.063860,1.064630,1.062610,1.064500,1.063610,1.064400,1.062360,1.064250
2016/11/21 09:00:00,1.064500,1.065040,1.063480,1.063480,1.064250,1.064800,1.063240,1.063240
2016/11/21 09:30:00,1.063480,1.063920,1.062900,1.063330,1.063240,1.063660,1.062650,1.063080
2016/11/21 10:00:00,1.063330,1.063840,1.062090,1.062520,1.063080,1.063600,1.061850,1.062280
2016/11/21 10:30:00,1.062520,1.064130,1.062320,1.063260,1.062280,1.063900,1.062060,1.063000
2016/11/21 11:00:00,1.063260,1.063630,1.062110,1.062470,1.063000,1.063410,1.061860,1.062210
2016/11/21 11:30:00,1.062470,1.063860,1.061920,1.063390,1.062210,1.063600,1.061670,1.063130
2016/11/21 12:00:00,1.063390,1.064800,1.063020,1.063500,1.063130,1.064550,1.062780,1.063250
2016/11/21 12:30:00,1.063500,1.064100,1.063070,1.063360,1.063250,1.063850,1.062820,1.063120
2016/11/21 13:00:00,1.063360,1.064170,1.062330,1.063950,1.063120,1.063920,1.062080,1.063720
2016/11/21 13:30:00,1.063950,1.064710,1.063450,1.064040,1.063720,1.064460,1.063200,1.063810
2016/11/21 14:00:00,1.064040,1.064040,1.061200,1.062620,1.063810,1.063820,1.060960,1.062390
2016/11/21 14:30:00,1.062620,1.063590,1.061710,1.062240,1.062390,1.063340,1.061490,1.061990
2016/11/21 15:00:00,1.062240,1.063800,1.062210,1.062800,1.061990,1.063590,1.061960,1.062550
2016/11/21 15:30:00,1.062800,1.063510,1.061650,1.062310,1.062550,1.063270,1.061400,1.062080
2016/11/21 16:00:00,1.062310,1.062960,1.061200,1.061570,1.062080,1.062730,1.060950,1.061320
2016/11/21 16:30:00,1.061570,1.061730,1.059400,1.059760,1.061320,1.061490,1.059160,1.059510
2016/11/21 17:00:00,1.059760,1.061500,1.059760,1.060910,1.059510,1.061250,1.059510,1.060660
2016/11/21 17:30:00,1.060910,1.061170,1.060550,1.060690,1.060660,1.060920,1.060300,1.060450
2016/11/21 18:00:00,1.060690,1.060910,1.059220,1.059260,1.060450,1.060670,1.058970,1.059030
2016/11/21 18:30:00,1.059260,1.060790,1.059120,1.060220,1.059030,1.060520,1.058870,1.059980
2016/11/21 19:00:00,1.060220,1.060680,1.060090,1.060270,1.059980,1.060450,1.059840,1.060020
2016/11/21 19:30:00,1.060270,1.061240,1.060060,1.061100,1.060020,1.060990,1.059820,1.060850
2016/11/21 20:00:00,1.061100,1.062110,1.061100,1.061920,1.060850,1.061900,1.060850,1.061670
2016/11/21 20:30:00,1.061920,1.062910,1.061760,1.062670,1.061670,1.062670,1.061520,1.062410
2016/11/21 21:00:00,1.062670,1.064190,1.062640,1.062770,1.062410,1.063940,1.062390,1.062510
2016/11/21 21:30:00,1.062770,1.063480,1.062640,1.063480,1.062510,1.063050,1.062370,1.062530
2016/11/21 22:00:00,1.063480,1.063790,1.062630,1.063740,1.062530,1.063490,1.062240,1.063170
2016/11/21 22:30:00,1.063740,1.063780,1.063020,1.063330,1.063170,1.063430,1.062520,1.062930
2016/11/21 23:00:00,1.063330,1.063330,1.062720,1.062930,1.062930,1.063030,1.062430,1.062630
2016/11/21 23:30:00,1.062930,1.063980,1.062920,1.063890,1.062630,1.063720,1.062630,1.063640
2016/11/22 00:00:00,1.063890,1.065100,1.063500,1.064930,1.063640,1.064840,1.063240,1.064670
2016/11/22 00:30:00,1.064930,1.064930,1.063560,1.063950,1.064670,1.064670,1.063300,1.063680
2016/11/22 01:00:00,1.063950,1.064690,1.063810,1.064340,1.063680,1.064440,1.063540,1.064090
2016/11/22 01:30:00,1.064340,1.064630,1.063500,1.063660,1.064090,1.064380,1.063230,1.063400
2016/11/22 02:00:00,1.063660,1.063950,1.063000,1.063170,1.063400,1.063710,1.062740,1.062930
2016/11/22 02:30:00,1.063170,1.063490,1.062750,1.062960,1.062930,1.063230,1.062500,1.062720
2016/11/22 03:00:00,1.062960,1.063200,1.062610,1.062950,1.062720,1.062960,1.062370,1.062700
2016/11/22 03:30:00,1.062950,1.063520,1.062720,1.063290,1.062700,1.063280,1.062480,1.063040
2016/11/22 04:00:00,1.063290,1.063340,1.062770,1.063290,1.063040,1.063090,1.062530,1.063030
2016/11/22 04:30:00,1.063290,1.063340,1.062830,1.062950,1.063030,1.063100,1.062570,1.062690
2016/11/22 05:00:00,1.062950,1.063040,1.062550,1.062800,1.062690,1.062790,1.062310,1.062550
2016/11/22 05:30:00,1.062800,1.063430,1.062800,1.063160,1.062550,1.063170,1.062540,1.062900
2016/11/22 06:00:00,1.063160,1.063450,1.062390,1.062640,1.062900,1.063200,1.062110,1.062390
2016/11/22 06:30:00,1.062640,1.062710,1.061620,1.061650,1.062390,1.062450,1.061380,1.061390
2016/11/22 07:00:00,1.061650,1.062110,1.060600,1.061210,1.061390,1.061870,1.060340,1.060950
2016/11/22 07:30:00,1.061210,1.062290,1.060750,1.062050,1.060950,1.062070,1.060500,1.061790
2016/11/22 08:00:00,1.062050,1.063120,1.061350,1.063090,1.061790,1.062880,1.061100,1.062870
2016/11/22 08:30:00,1.063090,1.064110,1.062880,1.064030,1.062870,1.063860,1.062640,1.063790
2016/11/22 09:00:00,1.064030,1.065910,1.063700,1.065430,1.063790,1.065660,1.063440,1.065180
2016/11/22 09:30:00,1.065430,1.065920,1.064260,1.064860,1.065180,1.065670,1.064010,1.064610
2016/11/22 10:00:00,1.064860,1.065080,1.063430,1.063500,1.064610,1.064820,1.063180,1.063260
2016/11/22 10:30:00,1.063500,1.063880,1.063050,1.063390,1.063260,1.063630,1.062810,1.063120
2016/11/22 11:00:00,1.063390,1.063980,1.062750,1.063910,1.063120,1.063740,1.062500,1.063650
2016/11/22 11:30:00,1.063910,1.064500,1.062970,1.063180,1.063650,1.064260,1.062730,1.062930
2016/11/22 12:00:00,1.063180,1.063240,1.062230,1.062330,1.062930,1.062990,1.061970,1.062070
2016/11/22 12:30:00,1.062330,1.062500,1.060580,1.061230,1.062070,1.062240,1.060330,1.060980
2016/11/22 13:00:00,1.061230,1.062230,1.061020,1.061530,1.060980,1.061980,1.060780,1.061280
2016/11/22 13:30:00,1.061530,1.061730,1.060520,1.061260,1.061280,1.061480,1.060280,1.061010
2016/11/22 14:00:00,1.061260,1.062810,1.061100,1.062180,1.061010,1.062570,1.060860,1.061930
2016/11/22 14:30:00,1.062180,1.062740,1.061580,1.062360,1.061930,1.062490,1.061320,1.062100
2016/11/22 15:00:00,1.062360,1.062430,1.059840,1.060210,1.062100,1.062180,1.059590,1.059950
2016/11/22 15:30:00,1.060210,1.060440,1.058480,1.058490,1.059950,1.060200,1.058230,1.058230
2016/11/22 16:00:00,1.058490,1.061800,1.058490,1.061350,1.058230,1.061550,1.058230,1.061100
2016/11/22 16:30:00,1.061350,1.062670,1.061330,1.061980,1.061100,1.062410,1.061090,1.061730
2016/11/22 17:00:00,1.061980,1.064020,1.061810,1.062780,1.061730,1.063770,1.061560,1.062530
2016/11/22 17:30:00,1.062780,1.062960,1.062200,1.062570,1.062530,1.062720,1.061940,1.062340
2016/11/22 18:00:00,1.062570,1.062700,1.061520,1.061920,1.062340,1.062450,1.061260,1.061690
2016/11/22 18:30:00,1.061920,1.062120,1.061200,1.062040,1.061690,1.061870,1.060950,1.061790
2016/11/22 19:00:00,1.062040,1.062310,1.061550,1.061750,1.061790,1.062060,1.061310,1.061490
2016/11/22 19:30:00,1.061750,1.062800,1.061720,1.062540,1.061490,1.062560,1.061470,1.062280
2016/11/22 20:00:00,1.062540,1.062820,1.061990,1.062750,1.062280,1.062580,1.061740,1.062500
2016/11/22 20:30:00,1.062750,1.063000,1.062050,1.062580,1.062500,1.062750,1.061780,1.062320
2016/11/22 21:00:00,1.062580,1.063090,1.062550,1.062580,1.062320,1.062840,1.062290,1.062350
2016/11/22 21:30:00,1.062580,1.063200,1.062500,1.063100,1.062350,1.062890,1.062210,1.062530
2016/11/22 22:00:00,1.063100,1.063100,1.062650,1.062850,1.062530,1.062760,1.062100,1.062490
2016/11/22 22:30:00,1.062850,1.063350,1.062440,1.062900,1.062490,1.062900,1.062040,1.062610
2016/11/22 23:00:00,1.062900,1.063410,1.062740,1.063020,1.062610,1.063130,1.062490,1.062760
2016/11/22 23:30:00,1.063020,1.063580,1.062940,1.063440,1.062760,1.063320,1.062680,1.063180
2016/11/23 00:00:00,1.063440,1.063590,1.062970,1.063080,1.063180,1.063330,1.062710,1.062830
2016/11/23 00:30:00,1.063080,1.063320,1.062580,1.062590,1.062830,1.063070,1.062330,1.062330
2016/11/23 01:00:00,1.062590,1.063240,1.062310,1.062860,1.062330,1.062990,1.062060,1.062600
2016/11/23 01:30:00,1.062860,1.063200,1.062530,1.062570,1.062600,1.062950,1.062280,1.062320
2016/11/23 02:00:00,1.062570,1.062990,1.062540,1.062850,1.062320,1.062740,1.062290,1.062600
2016/11/23 02:30:00,1.062850,1.063260,1.062680,1.063200,1.062600,1.063010,1.062430,1.062950
2016/11/23 03:00:00,1.063200,1.063290,1.062430,1.062780,1.062950,1.063040,1.062190,1.062530
2016/11/23 03:30:00,1.062780,1.062790,1.062100,1.062760,1.062530,1.062540,1.061850,1.062510
2016/11/23 04:00:00,1.062760,1.062780,1.062210,1.062680,1.062510,1.062520,1.061960,1.062430
2016/11/23 04:30:00,1.062680,1.062760,1.062290,1.062740,1.062430,1.062500,1.062030,1.062500
2016/11/23 05:00:00,1.062740,1.063140,1.062720,1.062890,1.062500,1.062880,1.062480,1.062640
2016/11/23 05:30:00,1.062890,1.063110,1.062890,1.063090,1.062640,1.062860,1.062640,1.062850
2016/11/23 06:00:00,1.063090,1.063360,1.062820,1.063310,1.062850,1.063110,1.062570,1.063060
2016/11/23 06:30:00,1.063310,1.064420,1.063130,1.064070,1.063060,1.064160,1.062880,1.063820
2016/11/23 07:00:00,1.064070,1.064500,1.063530,1.063950,1.063820,1.064250,1.063280,1.063690
2016/11/23 07:30:00,1.063950,1.064020,1.062420,1.062600,1.063690,1.063770,1.062170,1.062340
2016/11/23 08:00:00,1.062600,1.062740,1.061680,1.062010,1.062340,1.062530,1.061440,1.061730
2016/11/23 08:30:00,1.062010,1.062170,1.060780,1.061020,1.061730,1.061950,1.060530,1.060770
2016/11/23 09:00:00,1.061020,1.061500,1.060140,1.060870,1.060770,1.061260,1.059900,1.060620
2016/11/23 09:30:00,1.060870,1.061760,1.060690,1.061340,1.060620,1.061510,1.060440,1.061090
2016/11/23 10:00:00,1.061340,1.061670,1.060570,1.061550,1.061090,1.061420,1.060340,1.061300
2016/11/23 10:30:00,1.061550,1.063260,1.061210,1.062890,1.061300,1.063000,1.060950,1.062630
2016/11/23 11:00:00,1.062890,1.063780,1.062110,1.062850,1.062630,1.063520,1.061860,1.062610
2016/11/23 11:30:00,1.062850,1.063760,1.062290,1.062380,1.062610,1.063500,1.062030,1.062120
2016/11/23 12:00:00,1.062380,1.062490,1.061710,1.061790,1.062120,1.062230,1.061450,1.061540
2016/11/23 12:30:00,1.061790,1.062480,1.061260,1.061360,1.061540,1.062240,1.061030,1.061110
2016/11/23 13:00:00,1.061360,1.061470,1.059130,1.059250,1.061110,1.061210,1.058890,1.058940
2016/11/23 13:30:00,1.059250,1.059250,1.055770,1.055860,1.058940,1.058940,1.055520,1.055630
2016/11/23 14:00:00,1.055860,1.055940,1.054210,1.055580,1.055630,1.055670,1.053990,1.055320
2016/11/23 14:30:00,1.055580,1.056200,1.054310,1.055520,1.055320,1.055950,1.054050,1.055250
2016/11/23 15:00:00,1.055520,1.056180,1.053360,1.053790,1.055250,1.055920,1.053110,1.053560
2016/11/23 15:30:00,1.053790,1.054120,1.052750,1.053410,1.053560,1.053880,1.052490,1.053160
2016/11/23 16:00:00,1.053410,1.055360,1.053070,1.054900,1.053160,1.055120,1.052840,1.054640
2016/11/23 16:30:00,1.054900,1.056750,1.054790,1.055980,1.054640,1.056500,1.054540,1.055730
2016/11/23 17:00:00,1.055980,1.056560,1.055090,1.056460,1.055730,1.056340,1.054820,1.056220
2016/11/23 17:30:00,1.056460,1.056730,1.055640,1.055840,1.056220,1.056490,1.055390,1.055590
2016/11/23 18:00:00,1.055840,1.056360,1.055490,1.055890,1.055590,1.056100,1.055240,1.055640
2016/11/23 18:30:00,1.055890,1.056550,1.054890,1.055350,1.055640,1.056310,1.054640,1.055070
2016/11/23 19:00:00,1.055350,1.056180,1.053880,1.055020,1.055070,1.055920,1.053620,1.054770
2016/11/23 19:30:00,1.055020,1.055580,1.054340,1.054990,1.054770,1.055330,1.054090,1.054730
2016/11/23 20:00:00,1.054990,1.055860,1.054900,1.055790,1.054730,1.055610,1.054650,1.055540
2016/11/23 20:30:00,1.055790,1.055860,1.055350,1.055440,1.055540,1.055610,1.055070,1.055210
2016/11/23 21:00:00,1.055440,1.055540,1.055120,1.055300,1.055210,1.055270,1.054860,1.055040
2016/11/23 21:30:00,1.055300,1.055860,1.054960,1.055830,1.055040,1.055150,1.054700,1.055070
2016/11/23 22:00:00,1.055830,1.055920,1.055020,1.055650,1.055070,1.055480,1.054180,1.054830
2016/11/23 22:30:00,1.055650,1.055670,1.055110,1.055380,1.054830,1.055070,1.054790,1.055060
2016/11/23 23:00:00,1.055380,1.055420,1.054300,1.054310,1.055060,1.055060,1.054010,1.054040
2016/11/23 23:30:00,1.054310,1.054610,1.053960,1.054350,1.054040,1.054360,1.053670,1.054080
2016/11/24 00:00:00,1.054350,1.054690,1.053420,1.054190,1.054080,1.054420,1.053160,1.053910
2016/11/24 00:30:00,1.054190,1.054630,1.053600,1.054090,1.053910,1.054380,1.053330,1.053830
2016/11/24 01:00:00,1.054090,1.054340,1.053330,1.054190,1.053830,1.054090,1.053090,1.053940
2016/11/24 01:30:00,1.054190,1.054490,1.053500,1.053630,1.053940,1.054250,1.053240,1.053380
2016/11/24 02:00:00,1.053630,1.053990,1.053370,1.053540,1.053380,1.053740,1.053130,1.053280
2016/11/24 02:30:00,1.053540,1.053540,1.052930,1.053080,1.053280,1.053280,1.052680,1.052830
2016/11/24 03:00:00,1.053080,1.053290,1.052640,1.053090,1.052830,1.053040,1.052390,1.052840
2016/11/24 03:30:00,1.053090,1.053820,1.052810,1.053430,1.052840,1.053550,1.052560,1.053180
2016/11/24 04:00:00,1.053430,1.054300,1.053370,1.054250,1.053180,1.054050,1.053110,1.053990
2016/11/24 04:30:00,1.054250,1.054580,1.053960,1.054470,1.053990,1.054330,1.053710,1.054210
2016/11/24 05:00:00,1.054470,1.054860,1.054290,1.054390,1.054210,1.054610,1.054030,1.054140
2016/11/24 05:30:00,1.054390,1.055180,1.054240,1.054850,1.054140,1.054920,1.053990,1.054590
2016/11/24 06:00:00,1.054850,1.054870,1.054270,1.054380,1.054590,1.054610,1.054020,1.054140
2016/11/24 06:30:00,1.054380,1.054550,1.053960,1.054130,1.054140,1.054300,1.053720,1.053850
2016/11/24 07:00:00,1.054130,1.055090,1.053340,1.055030,1.053850,1.054830,1.053070,1.054780
2016/11/24 07:30:00,1.055030,1.055040,1.052160,1.053820,1.054780,1.054780,1.051910,1.053550
2016/11/24 08:00:00,1.053820,1.054210,1.051940,1.053980,1.053550,1.053950,1.051690,1.053740
2016/11/24 08:30:00,1.053980,1.057080,1.053540,1.055660,1.053740,1.056810,1.053300,1.055320
2016/11/24 09:00:00,1.055660,1.057930,1.055290,1.056590,1.055320,1.057660,1.055040,1.056340
2016/11/24 09:30:00,1.056590,1.057990,1.056320,1.056870,1.056340,1.057730,1.056060,1.056610
2016/11/24 10:00:00,1.056870,1.056960,1.055260,1.055450,1.056610,1.056700,1.055020,1.055200
2016/11/24 10:30:00,1.055450,1.057500,1.055050,1.056970,1.055200,1.057240,1.054780,1.056710
2016/11/24 11:00:00,1.056970,1.058010,1.056590,1.057910,1.056710,1.057770,1.056330,1.057670
2016/11/24 11:30:00,1.057910,1.058680,1.056140,1.056610,1.057670,1.058420,1.055900,1.056350
2016/11/24 12:00:00,1.056610,1.057650,1.056530,1.057230,1.056350,1.057410,1.056270,1.056980
2016/11/24 12:30:00,1.057230,1.057260,1.054900,1.055250,1.056980,1.057000,1.054640,1.055000
2016/11/24 13:00:00,1.055250,1.055340,1.054410,1.055260,1.055000,1.055100,1.054150,1.055000
2016/11/24 13:30:00,1.055260,1.057060,1.055220,1.056390,1.055000,1.056790,1.054960,1.056150
2016/11/24 14:00:00,1.056390,1.057480,1.055770,1.056800,1.056150,1.057210,1.055520,1.056540
2016/11/24 14:30:00,1.056800,1.057620,1.056780,1.057370,1.056540,1.057360,1.056520,1.057120
2016/11/24 15:00:00,1.057370,1.057940,1.056550,1.057270,1.057120,1.057700,1.056290,1.057020
2016/11/24 15:30:00,1.057270,1.057370,1.056250,1.056270,1.057020,1.057100,1.056000,1.056030
2016/11/24 16:00:00,1.056270,1.058110,1.056260,1.057410,1.056030,1.057860,1.056010,1.057150
2016/11/24 16:30:00,1.057410,1.057550,1.055660,1.055840,1.057150,1.057310,1.055400,1.055560
2016/11/24 17:00:00,1.055840,1.056360,1.055700,1.055810,1.055560,1.056100,1.055440,1.055540
2016/11/24 17:30:00,1.055810,1.056120,1.055550,1.055650,1.055540,1.055860,1.055320,1.055390
2016/11/24 18:00:00,1.055650,1.055960,1.055650,1.055800,1.055390,1.055670,1.055340,1.055430
2016/11/24 18:30:00,1.055800,1.055820,1.055040,1.055720,1.055430,1.055540,1.054770,1.055300
2016/11/24 19:00:00,1.055720,1.055770,1.055250,1.055680,1.055300,1.055370,1.054870,1.055280
2016/11/24 19:30:00,1.055680,1.055810,1.055000,1.055590,1.055280,1.055390,1.054790,1.055170
2016/11/24 20:00:00,1.055590,1.055950,1.055320,1.055770,1.055170,1.055570,1.055020,1.055360
2016/11/24 20:30:00,1.055770,1.055820,1.054880,1.055480,1.055360,1.055430,1.054610,1.055120
2016/11/24 21:00:00,1.055480,1.055910,1.055440,1.055780,1.055120,1.055450,1.054990,1.055340
2016/11/24 21:30:00,1.055780,1.056000,1.055450,1.056000,1.055340,1.055490,1.054580,1.054680
2016/11/24 22:00:00,1.056000,1.056030,1.055610,1.055970,1.054680,1.055700,1.054580,1.055540
2016/11/24 22:30:00,1.055970,1.056090,1.055470,1.055910,1.055540,1.055720,1.054900,1.055400
2016/11/24 23:00:00,1.055910,1.056210,1.055710,1.056030,1.055400,1.055960,1.055270,1.055720
2016/11/24 23:30:00,1.056030,1.056230,1.055790,1.056170,1.055720,1.055980,1.055520,1.055880
2016/11/25 00:00:00,1.056170,1.056310,1.054230,1.054840,1.055880,1.056040,1.053970,1.054590
2016/11/25 00:30:00,1.054840,1.055770,1.054430,1.055530,1.054590,1.055520,1.054160,1.055260
2016/11/25 01:00:00,1.055530,1.055550,1.053990,1.054890,1.055260,1.055290,1.053720,1.054610
2016/11/25 01:30:00,1.054890,1.055880,1.054630,1.055880,1.054610,1.055620,1.054370,1.055600
2016/11/25 02:00:00,1.055880,1.055880,1.055140,1.055390,1.055600,1.055610,1.054870,1.055130
2016/11/25 02:30:00,1.055390,1.056730,1.055120,1.056370,1.055130,1.056470,1.054880,1.056120
2016/11/25 03:00:00,1.056370,1.057150,1.056280,1.056890,1.056120,1.056900,1.056020,1.056620
2016/11/25 03:30:00,1.056890,1.057810,1.056570,1.057680,1.056620,1.057540,1.056310,1.057420
2016/11/25 04:00:00,1.057680,1.057910,1.056830,1.057430,1.057420,1.057660,1.056570,1.057170
2016/11/25 04:30:00,1.057430,1.057430,1.056640,1.057180,1.057170,1.057180,1.056380,1.056930
2016/11/25 05:00:00,1.057180,1.057920,1.056930,1.057660,1.056930,1.057660,1.056680,1.057410
2016/11/25 05:30:00,1.057660,1.057910,1.057070,1.057070,1.057410,1.057650,1.056800,1.056800
2016/11/25 06:00:00,1.057070,1.057930,1.056920,1.057240,1.056800,1.057690,1.056670,1.056980
2016/11/25 06:30:00,1.057240,1.058510,1.057190,1.058050,1.056980,1.058230,1.056940,1.057790
2016/11/25 07:00:00,1.058050,1.060960,1.057690,1.060400,1.057790,1.060700,1.057430,1.060140
2016/11/25 07:30:00,1.060400,1.060400,1.058730,1.058900,1.060140,1.060140,1.058480,1.058690
2016/11/25 08:00:00,1.058900,1.060370,1.058530,1.060170,1.058690,1.060110,1.058280,1.059960
2016/11/25 08:30:00,1.060170,1.061630,1.059600,1.059940,1.059960,1.061380,1.059350,1.059690
2016/11/25 09:00:00,1.059940,1.060930,1.059090,1.059770,1.059690,1.060680,1.058850,1.059500
2016/11/25 09:30:00,1.059770,1.060030,1.058280,1.059690,1.059500,1.059780,1.058010,1.059430
2016/11/25 10:00:00,1.059690,1.060300,1.058640,1.058970,1.059430,1.060050,1.058400,1.058720
2016/11/25 10:30:00,1.058970,1.060020,1.058470,1.059800,1.058720,1.059770,1.058220,1.059540
2016/11/25 11:00:00,1.059800,1.060460,1.059170,1.059510,1.059540,1.060220,1.058920,1.059250
2016/11/25 11:30:00,1.059510,1.059710,1.058380,1.058730,1.059250,1.059470,1.058130,1.058470
2016/11/25 12:00:00,1.058730,1.059610,1.058590,1.059180,1.058470,1.059360,1.058340,1.058930
2016/11/25 12:30:00,1.059180,1.059870,1.058900,1.058920,1.058930,1.059620,1.058650,1.058700
2016/11/25 13:00:00,1.058920,1.060060,1.058820,1.059850,1.058700,1.059800,1.058580,1.059590
2016/11/25 13:30:00,1.059850,1.060600,1.059220,1.060510,1.059590,1.060360,1.058970,1.060260
2016/11/25 14:00:00,1.060510,1.062870,1.060270,1.061800,1.060260,1.062620,1.060020,1.061550
2016/11/25 14:30:00,1.061800,1.062590,1.061190,1.061220,1.061550,1.062340,1.060940,1.060970
2016/11/25 15:00:00,1.061220,1.061480,1.060150,1.060310,1.060970,1.061230,1.059910,1.060060
2016/11/25 15:30:00,1.060310,1.061110,1.060140,1.060560,1.060060,1.060850,1.059890,1.060320
2016/11/25 16:00:00,1.060560,1.060800,1.059780,1.060000,1.060320,1.060560,1.059520,1.059750
2016/11/25 16:30:00,1.060000,1.060420,1.059410,1.059600,1.059750,1.060170,1.059160,1.059340
2016/11/25 17:00:00,1.059600,1.059840,1.059060,1.059440,1.059340,1.059590,1.058810,1.059190
2016/11/25 17:30:00,1.059440,1.060310,1.059270,1.059440,1.059190,1.060040,1.059010,1.059150
2016/11/25 18:00:00,1.059440,1.060380,1.059000,1.060180,1.059150,1.060090,1.058760,1.059920
2016/11/25 18:30:00,1.060180,1.060860,1.060070,1.060190,1.059920,1.060600,1.059800,1.059910
2016/11/25 19:00:00,1.060190,1.060420,1.059750,1.059960,1.059910,1.060110,1.059500,1.059670
2016/11/25 19:30:00,1.059960,1.060280,1.058370,1.058430,1.059670,1.059990,1.058170,1.058180
2016/11/25 20:00:00,1.058430,1.060140,1.058430,1.059540,1.058180,1.059520,1.058170,1.059080
2016/11/25 20:30:00,1.059540,1.059610,1.059260,1.059490,1.059080,1.059260,1.058950,1.059170
2016/11/25 21:00:00,1.059490,1.059590,1.058690,1.059330,1.059170,1.059230,1.058410,1.058890
2016/11/25 21:30:00,1.059330,1.060660,1.058820,1.060010,1.058890,1.059770,1.058150,1.058960
2016/11/27 19:30:00,1.060010,1.060840,1.060010,1.060510,1.058960,1.059620,1.058960,1.059520
2016/11/27 20:00:00,1.060510,1.061170,1.060510,1.061170,1.059520,1.060070,1.059520,1.059970
2016/11/27 20:30:00,1.061170,1.062180,1.060780,1.062020,1.059970,1.061820,1.059970,1.060880
2016/11/27 21:00:00,1.062020,1.062370,1.061680,1.062130,1.060880,1.062040,1.060330,1.061380
2016/11/27 21:30:00,1.062130,1.063170,1.061310,1.061400,1.061380,1.062550,1.060840,1.060950
2016/11/27 22:00:00,1.061400,1.061500,1.060060,1.060540,1.060950,1.060950,1.059710,1.060060
2016/11/27 22:30:00,1.060540,1.060650,1.059590,1.060100,1.060060,1.060200,1.059260,1.059650
2016/11/27 23:00:00,1.060100,1.060320,1.059600,1.059690,1.059650,1.060020,1.059320,1.059420
2016/11/27 23:30:00,1.059690,1.061200,1.059640,1.061020,1.059420,1.060920,1.059360,1.060790
2016/11/28 00:00:00,1.061020,1.062380,1.060790,1.061910,1.060790,1.062120,1.060530,1.061650
2016/11/28 00:30:00,1.061910,1.063570,1.061530,1.063140,1.061650,1.063280,1.061270,1.062880
2016/11/28 01:00:00,1.063140,1.064020,1.062340,1.063730,1.062880,1.063780,1.062080,1.063470
2016/11/28 01:30:00,1.063730,1.064880,1.063150,1.064630,1.063470,1.064630,1.062890,1.064370
2016/11/28 02:00:00,1.064630,1.067770,1.064550,1.067210,1.064370,1.067490,1.064320,1.066940
2016/11/28 02:30:00,1.067210,1.068740,1.066210,1.066390,1.066940,1.068440,1.065960,1.066130
2016/11/28 03:00:00,1.066390,1.066660,1.065670,1.065930,1.066130,1.066400,1.065400,1.065680
2016/11/28 03:30:00,1.065930,1.066110,1.065110,1.065250,1.065680,1.065840,1.064850,1.064990
2016/11/28 04:00:00,1.065250,1.066110,1.064980,1.066100,1.064990,1.065840,1.064720,1.065840
2016/11/28 04:30:00,1.066100,1.066440,1.065720,1.065980,1.065840,1.066190,1.065470,1.065730
2016/11/28 05:00:00,1.065980,1.066660,1.065950,1.066580,1.065730,1.066400,1.065690,1.066310
2016/11/28 05:30:00,1.066580,1.066600,1.065230,1.065550,1.066310,1.066350,1.064980,1.065280
2016/11/28 06:00:00,1.065550,1.065760,1.064760,1.065520,1.065280,1.065530,1.064510,1.065260
2016/11/28 06:30:00,1.065520,1.065690,1.064820,1.064910,1.065260,1.065430,1.064560,1.064640
2016/11/28 07:00:00,1.064910,1.065530,1.064280,1.065120,1.064640,1.065270,1.064030,1.064870
2016/11/28 07:30:00,1.065120,1.066400,1.065080,1.065800,1.064870,1.066140,1.064830,1.065570
2016/11/28 08:00:00,1.065800,1.066860,1.065170,1.066830,1.065570,1.066580,1.064940,1.066560
2016/11/28 08:30:00,1.066830,1.067080,1.066180,1.066410,1.066560,1.066840,1.065920,1.066150
2016/11/28 09:00:00,1.066410,1.066710,1.065360,1.065620,1.066150,1.066470,1.065100,1.065370
2016/11/28 09:30:00,1.065620,1.065660,1.063980,1.064320,1.065370,1.065420,1.063730,1.064090
2016/11/28 10:00:00,1.064320,1.064390,1.063330,1.063680,1.064090,1.064120,1.063090,1.063430
2016/11/28 10:30:00,1.063680,1.064110,1.063270,1.063310,1.063430,1.063860,1.063040,1.063060
2016/11/28 11:00:00,1.063310,1.063360,1.061120,1.061280,1.063060,1.063110,1.060880,1.061030
2016/11/28 11:30:00,1.061280,1.061410,1.059550,1.060520,1.061030,1.061160,1.059310,1.060270
2016/11/28 12:00:00,1.060520,1.061200,1.059080,1.059730,1.060270,1.060950,1.058850,1.059500
2016/11/28 12:30:00,1.059730,1.059740,1.058250,1.058370,1.059500,1.059500,1.058010,1.058110
2016/11/28 13:00:00,1.058370,1.059600,1.057930,1.059490,1.058110,1.059360,1.057690,1.059230
2016/11/28 13:30:00,1.059490,1.059510,1.056650,1.056960,1.059230,1.059270,1.056400,1.056700
2016/11/28 14:00:00,1.056960,1.057960,1.056500,1.057570,1.056700,1.057690,1.056240,1.057310
2016/11/28 14:30:00,1.057570,1.059150,1.057120,1.058660,1.057310,1.058920,1.056880,1.058410
2016/11/28 15:00:00,1.058660,1.060600,1.058310,1.059550,1.058410,1.060360,1.058080,1.059280
2016/11/28 15:30:00,1.059550,1.059550,1.057890,1.058350,1.059280,1.059290,1.057630,1.058120
2016/11/28 16:00:00,1.058350,1.060610,1.058340,1.059550,1.058120,1.060350,1.058090,1.059300
2016/11/28 16:30:00,1.059550,1.059550,1.057410,1.057620,1.059300,1.059310,1.057160,1.057360
2016/11/28 17:00:00,1.057620,1.058400,1.057250,1.058090,1.057360,1.058160,1.057010,1.057840
2016/11/28 17:30:00,1.058090,1.058670,1.057790,1.058600,1.057840,1.058440,1.057550,1.058370
2016/11/28 18:00:00,1.058600,1.059160,1.058340,1.058890,1.058370,1.058930,1.058090,1.058640
2016/11/28 18:30:00,1.058890,1.059720,1.058790,1.059560,1.058640,1.059470,1.058540,1.059310
2016/11/28 19:00:00,1.059560,1.060110,1.059540,1.059880,1.059310,1.059870,1.059290,1.059650
2016/11/28 19:30:00,1.059880,1.059920,1.059340,1.059620,1.059650,1.059660,1.059080,1.059380
2016/11/28 20:00:00,1.059620,1.059850,1.059490,1.059780,1.059380,1.059590,1.059240,1.059530
2016/11/28 20:30:00,1.059780,1.060890,1.059730,1.060880,1.059530,1.060640,1.059470,1.060620
2016/11/28 21:00:00,1.060880,1.060960,1.060540,1.060770,1.060620,1.060690,1.060280,1.060510
2016/11/28 21:30:00,1.060770,1.061890,1.060740,1.061690,1.060510,1.061640,1.060480,1.061170
2016/11/28 22:00:00,1.061690,1.061740,1.061250,1.061380,1.061170,1.061170,1.060600,1.061010
2016/11/28 22:30:00,1.061380,1.061580,1.061050,1.061530,1.061010,1.061290,1.060700,1.061160
2016/11/28 23:00:00,1.061530,1.061850,1.061200,1.061800,1.061160,1.061560,1.060860,1.061530
2016/11/28 23:30:00,1.061800,1.062350,1.061710,1.062030,1.061530,1.062080,1.061440,1.061780
2016/11/29 00:00:00,1.062030,1.062040,1.061000,1.061840,1.061780,1.061780,1.060740,1.061580
2016/11/29 00:30:00,1.061840,1.062110,1.060860,1.061180,1.061580,1.061860,1.060600,1.060920
2016/11/29 01:00:00,1.061180,1.061180,1.060220,1.060690,1.060920,1.060920,1.059960,1.060440
2016/11/29 01:30:00,1.060690,1.061470,1.060220,1.060940,1.060440,1.061210,1.059980,1.060650
2016/11/29 02:00:00,1.060940,1.061190,1.060300,1.060400,1.060650,1.060930,1.060050,1.060160
2016/11/29 02:30:00,1.060400,1.060520,1.059450,1.059860,1.060160,1.060260,1.059190,1.059610
2016/11/29 03:00:00,1.059860,1.060160,1.059180,1.059260,1.059610,1.059910,1.058940,1.059010
2016/11/29 03:30:00,1.059260,1.059700,1.058990,1.059490,1.059010,1.059450,1.058730,1.059240
2016/11/29 04:00:00,1.059490,1.060050,1.059380,1.059890,1.059240,1.059810,1.059130,1.059650
2016/11/29 04:30:00,1.059890,1.060370,1.059870,1.060180,1.059650,1.060100,1.059630,1.059930
2016/11/29 05:00:00,1.060180,1.060380,1.059910,1.059960,1.059930,1.060140,1.059680,1.059720
2016/11/29 05:30:00,1.059960,1.060800,1.059920,1.060410,1.059720,1.060550,1.059690,1.060150
2016/11/29 06:00:00,1.060410,1.061030,1.060410,1.061010,1.060150,1.060790,1.060140,1.060760
2016/11/29 06:30:00,1.061010,1.061060,1.060390,1.060580,1.060760,1.060810,1.060130,1.060310
2016/11/29 07:00:00,1.060580,1.060580,1.059360,1.059410,1.060310,1.060310,1.059100,1.059160
2016/11/29 07:30:00,1.059410,1.060490,1.059080,1.060450,1.059160,1.060240,1.058840,1.060200
2016/11/29 08:00:00,1.060450,1.061550,1.060430,1.061250,1.060200,1.061290,1.060170,1.060990
2016/11/29 08:30:00,1.061250,1.061320,1.058940,1.059420,1.060990,1.061080,1.058670,1.059160
2016/11/29 09:00:00,1.059420,1.059500,1.058350,1.058710,1.059160,1.059250,1.058100,1.058460
2016/11/29 09:30:00,1.058710,1.060230,1.058630,1.059780,1.058460,1.059980,1.058380,1.059510
2016/11/29 10:00:00,1.059780,1.060780,1.059380,1.059960,1.059510,1.060540,1.059130,1.059700
2016/11/29 10:30:00,1.059960,1.060670,1.059450,1.060650,1.059700,1.060430,1.059200,1.060410
2016/11/29 11:00:00,1.060650,1.061070,1.060310,1.060450,1.060410,1.060820,1.060060,1.060190
2016/11/29 11:30:00,1.060450,1.060510,1.059640,1.059880,1.060190,1.060260,1.059400,1.059630
2016/11/29 12:00:00,1.059880,1.060200,1.058410,1.058800,1.059630,1.059950,1.058180,1.058550
2016/11/29 12:30:00,1.058800,1.058960,1.058030,1.058900,1.058550,1.058730,1.057790,1.058660
2016/11/29 13:00:00,1.058900,1.059180,1.057440,1.057970,1.058660,1.058950,1.057210,1.057690
2016/11/29 13:30:00,1.057970,1.059590,1.056620,1.057720,1.057690,1.059340,1.056380,1.057470
2016/11/29 14:00:00,1.057720,1.059840,1.057300,1.058770,1.057470,1.059580,1.057050,1.058530
2016/11/29 14:30:00,1.058770,1.061260,1.058620,1.060240,1.058530,1.061000,1.058370,1.059890
2016/11/29 15:00:00,1.060240,1.062630,1.059510,1.061470,1.059890,1.062380,1.059250,1.061210
2016/11/29 15:30:00,1.061470,1.063540,1.061390,1.061870,1.061210,1.063280,1.061140,1.061620
2016/11/29 16:00:00,1.061870,1.062270,1.060940,1.061150,1.061620,1.062020,1.060710,1.060900
2016/11/29 16:30:00,1.061150,1.062730,1.060790,1.062730,1.060900,1.062480,1.060540,1.062480
2016/11/29 17:00:00,1.062730,1.063620,1.062200,1.063010,1.062480,1.063360,1.061950,1.062760
2016/11/29 17:30:00,1.063010,1.063660,1.062640,1.062850,1.062760,1.063410,1.062390,1.062600
2016/11/29 18:00:00,1.062850,1.064860,1.062850,1.064400,1.062600,1.064630,1.062600,1.064150
2016/11/29 18:30:00,1.064400,1.064930,1.063910,1.064870,1.064150,1.064670,1.063660,1.064610
2016/11/29 19:00:00,1.064870,1.065110,1.064060,1.064470,1.064610,1.064860,1.063840,1.064220
2016/11/29 19:30:00,1.064470,1.065060,1.064260,1.064860,1.064220,1.064810,1.064000,1.064610
2016/11/29 20:00:00,1.064860,1.064870,1.064230,1.064470,1.064610,1.064610,1.063980,1.064210
2016/11/29 20:30:00,1.064470,1.064730,1.064420,1.064670,1.064210,1.064480,1.064160,1.064420
2016/11/29 21:00:00,1.064670,1.065570,1.064670,1.065570,1.064420,1.065330,1.064420,1.065330
2016/11/29 21:30:00,1.065570,1.065580,1.064990,1.065130,1.065330,1.065330,1.064720,1.064760
2016/11/29 22:00:00,1.065130,1.065610,1.064970,1.065060,1.064760,1.065330,1.064670,1.064730
2016/11/29 22:30:00,1.065060,1.065100,1.064810,1.065020,1.064730,1.064820,1.064540,1.064740
2016/11/29 23:00:00,1.065020,1.065270,1.064840,1.065150,1.064740,1.064980,1.064610,1.064870
2016/11/29 23:30:00,1.065150,1.065160,1.064730,1.064870,1.064870,1.064890,1.064480,1.064610
2016/11/30 00:00:00,1.064870,1.066190,1.064700,1.065760,1.064610,1.065950,1.064460,1.065490
2016/11/30 00:30:00,1.065760,1.065760,1.064730,1.064880,1.065490,1.065490,1.064490,1.064630
2016/11/30 01:00:00,1.064880,1.064900,1.064240,1.064360,1.064630,1.064660,1.063980,1.064100
2016/11/30 01:30:00,1.064360,1.065260,1.064360,1.065120,1.064100,1.065010,1.064100,1.064860
2016/11/30 02:00:00,1.065120,1.065700,1.064920,1.065000,1.064860,1.065440,1.064650,1.064750
2016/11/30 02:30:00,1.065000,1.065040,1.063730,1.063980,1.064750,1.064790,1.063480,1.063730
2016/11/30 03:00:00,1.063980,1.064000,1.062940,1.063410,1.063730,1.063750,1.062700,1.063160
2016/11/30 03:30:00,1.063410,1.063830,1.063210,1.063330,1.063160,1.063590,1.062950,1.063070
2016/11/30 04:00:00,1.063330,1.063780,1.062890,1.063100,1.063070,1.063530,1.062630,1.062840
2016/11/30 04:30:00,1.063100,1.063640,1.062890,1.063500,1.062840,1.063390,1.062630,1.063240
2016/11/30 05:00:00,1.063500,1.063810,1.063110,1.063440,1.063240,1.063540,1.062860,1.063190
2016/11/30 05:30:00,1.063440,1.063700,1.063270,1.063310,1.063190,1.063450,1.063020,1.063060
2016/11/30 06:00:00,1.063310,1.063650,1.063010,1.063500,1.063060,1.063390,1.062760,1.063230
2016/11/30 06:30:00,1.063500,1.064290,1.063270,1.063290,1.063230,1.064040,1.063010,1.063030
2016/11/30 07:00:00,1.063290,1.063500,1.062340,1.063280,1.063030,1.063240,1.062080,1.063030
2016/11/30 07:30:00,1.063280,1.063620,1.062270,1.062450,1.063030,1.063380,1.062020,1.062190
2016/11/30 08:00:00,1.062450,1.064600,1.062060,1.063970,1.062190,1.064360,1.061820,1.063720
2016/11/30 08:30:00,1.063970,1.066070,1.063840,1.065740,1.063720,1.065820,1.063580,1.065480
2016/11/30 09:00:00,1.065740,1.066570,1.064390,1.064490,1.065480,1.066320,1.064140,1.064230
2016/11/30 09:30:00,1.064490,1.064870,1.063690,1.063850,1.064230,1.064630,1.063420,1.063550
2016/11/30 10:00:00,1.063850,1.065200,1.063660,1.064720,1.063550,1.064940,1.063400,1.064470
2016/11/30 10:30:00,1.064720,1.065750,1.063830,1.065400,1.064470,1.065500,1.063570,1.065120
2016/11/30 11:00:00,1.065400,1.066790,1.064830,1.066100,1.065120,1.066540,1.064590,1.065850
2016/11/30 11:30:00,1.066100,1.066630,1.064640,1.064840,1.065850,1.066370,1.064390,1.064590
2016/11/30 12:00:00,1.064840,1.065120,1.062690,1.063800,1.064590,1.064870,1.062420,1.063550
2016/11/30 12:30:00,1.063800,1.064760,1.063400,1.063670,1.063550,1.064520,1.063160,1.063430
2016/11/30 13:00:00,1.063670,1.063810,1.061460,1.062860,1.063430,1.063570,1.061070,1.062590
2016/11/30 13:30:00,1.062860,1.065520,1.062600,1.063100,1.062590,1.065270,1.062250,1.062840
2016/11/30 14:00:00,1.063100,1.063500,1.058940,1.061100,1.062840,1.063250,1.058680,1.060860
2016/11/30 14:30:00,1.061100,1.061520,1.059210,1.060070,1.060860,1.061290,1.058950,1.059810
2016/11/30 15:00:00,1.060070,1.060150,1.058400,1.059570,1.059810,1.059910,1.058140,1.059300
2016/11/30 15:30:00,1.059570,1.061760,1.059130,1.061030,1.059300,1.061510,1.058890,1.060790
2016/11/30 16:00:00,1.061030,1.061240,1.055390,1.057090,1.060790,1.060990,1.055120,1.056840
2016/11/30 16:30:00,1.057090,1.058970,1.056310,1.057930,1.056840,1.058710,1.056040,1.057670
2016/11/30 17:00:00,1.057930,1.059130,1.057700,1.059050,1.057670,1.058900,1.057480,1.058840
2016/11/30 17:30:00,1.059050,1.060050,1.058910,1.060040,1.058840,1.059800,1.058640,1.059780
2016/11/30 18:00:00,1.060040,1.060110,1.058980,1.059230,1.059780,1.059860,1.058760,1.058970
2016/11/30 18:30:00,1.059230,1.059690,1.058820,1.059260,1.058970,1.059450,1.058580,1.059020
2016/11/30 19:00:00,1.059260,1.060030,1.058870,1.059310,1.059020,1.059810,1.058610,1.059060
2016/11/30 19:30:00,1.059310,1.060320,1.059290,1.059880,1.059060,1.060080,1.059040,1.059620
2016/11/30 20:00:00,1.059880,1.060330,1.059660,1.060140,1.059620,1.060080,1.059400,1.059900
2016/11/30 20:30:00,1.060140,1.060370,1.059790,1.059810,1.059900,1.060120,1.059540,1.059580
2016/11/30 21:00:00,1.059810,1.060000,1.059650,1.059820,1.059580,1.059750,1.059390,1.059570
2016/11/30 21:30:00,1.059820,1.060170,1.058870,1.059070,1.059570,1.059920,1.058570,1.058570
2016/11/30 22:00:00,1.059070,1.059920,1.059070,1.059500,1.058570,1.059590,1.058570,1.059060
2016/11/30 22:30:00,1.059500,1.060150,1.059310,1.059840,1.059060,1.059710,1.058870,1.059450
2016/11/30 23:00:00,1.059840,1.060000,1.059400,1.059770,1.059450,1.059740,1.059090,1.059470
2016/11/30 23:30:00,1.059770,1.059840,1.058700,1.059190,1.059470,1.059580,1.058440,1.058940
