StartDate,AskOpen,AskHigh,AskLow,AskClose,BidOpen,BidHigh,BidLow,BidClose
2016/01/03 19:30:00,1.086880,1.086880,1.085900,1.086640,1.086210,1.086210,1.085290,1.085470
2016/01/03 20:00:00,1.086640,1.086730,1.086530,1.086530,1.085470,1.085530,1.085370,1.085530
2016/01/03 20:30:00,1.086530,1.086590,1.086320,1.086440,1.085530,1.085570,1.085420,1.085420
2016/01/03 21:00:00,1.086440,1.088460,1.086440,1.087650,1.085420,1.088000,1.085420,1.087310
2016/01/03 21:30:00,1.087650,1.088040,1.087550,1.087600,1.087310,1.087400,1.086990,1.087220
2016/01/03 22:00:00,1.087600,1.088030,1.086870,1.087010,1.087220,1.087220,1.086500,1.086630
2016/01/03 22:30:00,1.087010,1.087290,1.086830,1.086860,1.086630,1.086970,1.086510,1.086540
2016/01/03 23:00:00,1.086860,1.086860,1.084710,1.085060,1.086540,1.086550,1.084410,1.084800
2016/01/03 23:30:00,1.085060,1.085640,1.084690,1.085320,1.084800,1.085380,1.084420,1.085050
2016/01/04 00:00:00,1.085320,1.085910,1.084960,1.084960,1.085050,1.085660,1.084710,1.084710
2016/01/04 00:30:00,1.084960,1.085500,1.084460,1.084680,1.084710,1.085240,1.084210,1.084420
2016/01/04 01:00:00,1.084680,1.084800,1.082840,1.083800,1.084420,1.084550,1.082580,1.083540
2016/01/04 01:30:00,1.083800,1.086320,1.083760,1.086130,1.083540,1.086050,1.083510,1.085870
2016/01/04 02:00:00,1.086130,1.087070,1.085990,1.086720,1.085870,1.086790,1.085730,1.086470
2016/01/04 02:30:00,1.086720,1.087710,1.086470,1.087280,1.086470,1.087450,1.086220,1.087030
2016/01/04 03:00:00,1.087280,1.087440,1.086990,1.087010,1.087030,1.087170,1.086720,1.086750
2016/01/04 03:30:00,1.087010,1.087410,1.086830,1.087250,1.086750,1.087170,1.086580,1.087000
2016/01/04 04:00:00,1.087250,1.088040,1.087090,1.087860,1.087000,1.087780,1.086830,1.087600
2016/01/04 04:30:00,1.087860,1.088490,1.087560,1.088080,1.087600,1.088240,1.087300,1.087820
2016/01/04 05:00:00,1.088080,1.088480,1.087500,1.088300,1.087820,1.088230,1.087280,1.088030
2016/01/04 05:30:00,1.088300,1.090640,1.088300,1.089870,1.088030,1.090360,1.088030,1.089610
2016/01/04 06:00:00,1.089870,1.090390,1.089390,1.089620,1.089610,1.090140,1.089130,1.089370
2016/01/04 06:30:00,1.089620,1.089690,1.088540,1.089020,1.089370,1.089420,1.088310,1.088770
2016/01/04 07:00:00,1.089020,1.089850,1.088310,1.089200,1.088770,1.089570,1.088060,1.088930
2016/01/04 07:30:00,1.089200,1.092180,1.088970,1.091410,1.088930,1.091910,1.088720,1.091140
2016/01/04 08:00:00,1.091410,1.094770,1.091180,1.094260,1.091140,1.094520,1.090940,1.094000
2016/01/04 08:30:00,1.094260,1.094660,1.092050,1.092550,1.094000,1.094400,1.091800,1.092290
2016/01/04 09:00:00,1.092550,1.093010,1.091500,1.091950,1.092290,1.092790,1.091260,1.091720
2016/01/04 09:30:00,1.091950,1.093160,1.091400,1.093040,1.091720,1.092900,1.091150,1.092790
2016/01/04 10:00:00,1.093040,1.093740,1.091600,1.091860,1.092790,1.093490,1.091350,1.091610
2016/01/04 10:30:00,1.091860,1.092180,1.090660,1.090720,1.091610,1.091930,1.090400,1.090460
2016/01/04 11:00:00,1.090720,1.091120,1.089870,1.091070,1.090460,1.090870,1.089640,1.090830
2016/01/04 11:30:00,1.091070,1.091850,1.090640,1.091840,1.090830,1.091590,1.090380,1.091580
2016/01/04 12:00:00,1.091840,1.092630,1.090840,1.090850,1.091580,1.092390,1.090590,1.090610
2016/01/04 12:30:00,1.090850,1.091180,1.089770,1.090800,1.090610,1.090930,1.089540,1.090530
2016/01/04 13:00:00,1.090800,1.090800,1.088240,1.088380,1.090530,1.090530,1.087990,1.088120
2016/01/04 13:30:00,1.088380,1.088630,1.084720,1.085600,1.088120,1.088390,1.084450,1.085340
2016/01/04 14:00:00,1.085600,1.086440,1.085090,1.085190,1.085340,1.086200,1.084830,1.084950
2016/01/04 14:30:00,1.085190,1.086190,1.083460,1.084030,1.084950,1.085940,1.083230,1.083380
2016/01/04 15:00:00,1.084030,1.084930,1.081360,1.082840,1.083380,1.084670,1.081090,1.082590
2016/01/04 15:30:00,1.082840,1.083100,1.080240,1.080300,1.082590,1.082860,1.080010,1.080060
2016/01/04 16:00:00,1.080300,1.081360,1.078250,1.078860,1.080060,1.081110,1.078000,1.078610
2016/01/04 16:30:00,1.078860,1.080460,1.078740,1.080460,1.078610,1.080200,1.078500,1.080200
2016/01/04 17:00:00,1.080460,1.081750,1.080130,1.081550,1.080200,1.081490,1.079890,1.081290
2016/01/04 17:30:00,1.081550,1.082450,1.081030,1.081940,1.081290,1.082220,1.080780,1.081690
2016/01/04 18:00:00,1.081940,1.082250,1.081400,1.081720,1.081690,1.082000,1.081150,1.081480
2016/01/04 18:30:00,1.081720,1.082610,1.081710,1.082360,1.081480,1.082360,1.081460,1.082090
2016/01/04 19:00:00,1.082360,1.082600,1.081700,1.082140,1.082090,1.082350,1.081450,1.081880
2016/01/04 19:30:00,1.082140,1.082940,1.082110,1.082900,1.081880,1.082690,1.081870,1.082640
2016/01/04 20:00:00,1.082900,1.083880,1.082740,1.083170,1.082640,1.083590,1.082480,1.082930
2016/01/04 20:30:00,1.083170,1.083550,1.082790,1.083030,1.082930,1.083300,1.082540,1.082770
2016/01/04 21:00:00,1.083030,1.083600,1.082980,1.083230,1.082770,1.083350,1.082750,1.082970
2016/01/04 21:30:00,1.083230,1.083850,1.083220,1.083560,1.082970,1.083580,1.082610,1.082610
2016/01/04 22:00:00,1.083560,1.083560,1.082850,1.083240,1.082610,1.083160,1.082580,1.082800
2016/01/04 22:30:00,1.083240,1.083300,1.082900,1.083020,1.082800,1.083040,1.082600,1.082750
2016/01/04 23:00:00,1.083020,1.083040,1.082750,1.083040,1.082750,1.082790,1.082470,1.082770
2016/01/04 23:30:00,1.083040,1.083060,1.082500,1.082530,1.082770,1.082800,1.082240,1.082270
2016/01/05 00:00:00,1.082530,1.082880,1.081930,1.082630,1.082270,1.082620,1.081680,1.082370
2016/01/05 00:30:00,1.082630,1.083610,1.082480,1.083300,1.082370,1.083350,1.082230,1.083040
2016/01/05 01:00:00,1.083300,1.084030,1.082990,1.083640,1.083040,1.083770,1.082740,1.083380
2016/01/05 01:30:00,1.083640,1.083660,1.082350,1.082660,1.083380,1.083400,1.082100,1.082400
2016/01/05 02:00:00,1.082660,1.083000,1.082460,1.082520,1.082400,1.082750,1.082200,1.082270
2016/01/05 02:30:00,1.082520,1.082520,1.081650,1.081810,1.082270,1.082270,1.081400,1.081580
2016/01/05 03:00:00,1.081810,1.082140,1.081630,1.082040,1.081580,1.081910,1.081370,1.081800
2016/01/05 03:30:00,1.082040,1.082270,1.081800,1.082060,1.081800,1.082010,1.081550,1.081830
2016/01/05 04:00:00,1.082060,1.082560,1.082040,1.082240,1.081830,1.082310,1.081780,1.081980
2016/01/05 04:30:00,1.082240,1.082720,1.082240,1.082400,1.081980,1.082460,1.081980,1.082140
2016/01/05 05:00:00,1.082400,1.083220,1.082240,1.083060,1.082140,1.082980,1.081980,1.082800
2016/01/05 05:30:00,1.083060,1.083600,1.082890,1.083260,1.082800,1.083340,1.082650,1.083010
2016/01/05 06:00:00,1.083260,1.083800,1.082990,1.083180,1.083010,1.083560,1.082760,1.082930
2016/01/05 06:30:00,1.083180,1.083210,1.082590,1.082910,1.082930,1.082960,1.082390,1.082660
2016/01/05 07:00:00,1.082910,1.083020,1.080680,1.080760,1.082660,1.082790,1.080450,1.080510
2016/01/05 07:30:00,1.080760,1.081430,1.080550,1.081000,1.080510,1.081180,1.080300,1.080750
2016/01/05 08:00:00,1.081000,1.081980,1.080580,1.080690,1.080750,1.081730,1.080330,1.080430
2016/01/05 08:30:00,1.080690,1.081180,1.078680,1.079100,1.080430,1.080930,1.078420,1.078840
2016/01/05 09:00:00,1.079100,1.080000,1.078410,1.079100,1.078840,1.079740,1.078150,1.078850
2016/01/05 09:30:00,1.079100,1.079130,1.077380,1.077530,1.078850,1.078870,1.077140,1.077230
2016/01/05 10:00:00,1.077530,1.078600,1.076610,1.077440,1.077230,1.078390,1.076360,1.077200
2016/01/05 10:30:00,1.077440,1.078120,1.076820,1.076920,1.077200,1.077870,1.076580,1.076690
2016/01/05 11:00:00,1.076920,1.077010,1.075960,1.076690,1.076690,1.076760,1.075730,1.076440
2016/01/05 11:30:00,1.076690,1.076810,1.075340,1.075720,1.076440,1.076560,1.075090,1.075480
2016/01/05 12:00:00,1.075720,1.076620,1.075460,1.075580,1.075480,1.076370,1.075220,1.075350
2016/01/05 12:30:00,1.075580,1.075950,1.075140,1.075280,1.075350,1.075700,1.074890,1.075040
2016/01/05 13:00:00,1.075280,1.075430,1.074040,1.075160,1.075040,1.075210,1.073800,1.074890
2016/01/05 13:30:00,1.075160,1.075800,1.074340,1.074340,1.074890,1.075540,1.074090,1.074090
2016/01/05 14:00:00,1.074340,1.075860,1.073960,1.075180,1.074090,1.075630,1.073720,1.074950
2016/01/05 14:30:00,1.075180,1.075500,1.074040,1.074040,1.074950,1.075250,1.073770,1.073810
2016/01/05 15:00:00,1.074040,1.074400,1.072440,1.072690,1.073810,1.074150,1.072190,1.072440
2016/01/05 15:30:00,1.072690,1.072780,1.071200,1.072290,1.072440,1.072530,1.070950,1.072060
2016/01/05 16:00:00,1.072290,1.073880,1.072120,1.072640,1.072060,1.073630,1.071860,1.072400
2016/01/05 16:30:00,1.072640,1.074580,1.072600,1.074360,1.072400,1.074340,1.072350,1.074110
2016/01/05 17:00:00,1.074360,1.074670,1.073450,1.073630,1.074110,1.074420,1.073200,1.073390
2016/01/05 17:30:00,1.073630,1.074990,1.073630,1.074680,1.073390,1.074740,1.073390,1.074430
2016/01/05 18:00:00,1.074680,1.074780,1.074050,1.074500,1.074430,1.074530,1.073790,1.074270
2016/01/05 18:30:00,1.074500,1.074570,1.073450,1.073530,1.074270,1.074320,1.073200,1.073270
2016/01/05 19:00:00,1.073530,1.074470,1.073460,1.073850,1.073270,1.074220,1.073200,1.073600
2016/01/05 19:30:00,1.073850,1.074810,1.073810,1.074460,1.073600,1.074560,1.073560,1.074200
2016/01/05 20:00:00,1.074460,1.074860,1.074390,1.074520,1.074200,1.074610,1.074160,1.074280
2016/01/05 20:30:00,1.074520,1.075460,1.074330,1.075130,1.074280,1.075210,1.074090,1.074900
2016/01/05 21:00:00,1.075130,1.075290,1.074770,1.075100,1.074900,1.075030,1.074520,1.074860
2016/01/05 21:30:00,1.075100,1.075670,1.074870,1.074980,1.074860,1.075430,1.074390,1.074700
2016/01/05 22:00:00,1.074980,1.075510,1.074780,1.075360,1.074700,1.075220,1.073860,1.075070
2016/01/05 22:30:00,1.075360,1.075760,1.074790,1.075470,1.075070,1.075470,1.074460,1.075190
2016/01/05 23:00:00,1.075470,1.075980,1.075220,1.075680,1.075190,1.075730,1.074970,1.075420
2016/01/05 23:30:00,1.075680,1.075700,1.075070,1.075190,1.075420,1.075430,1.074810,1.074920
2016/01/06 00:00:00,1.075190,1.075300,1.074500,1.074580,1.074920,1.075050,1.074260,1.074330
2016/01/06 00:30:00,1.074580,1.074790,1.074260,1.074560,1.074330,1.074530,1.074020,1.074310
2016/01/06 01:00:00,1.074560,1.077450,1.074050,1.076890,1.074310,1.077170,1.073810,1.076620
2016/01/06 01:30:00,1.076890,1.076970,1.075680,1.076290,1.076620,1.076720,1.075420,1.076030
2016/01/06 02:00:00,1.076290,1.077200,1.076160,1.076540,1.076030,1.076950,1.075910,1.076280
2016/01/06 02:30:00,1.076540,1.077100,1.076370,1.076510,1.076280,1.076880,1.076110,1.076250
2016/01/06 03:00:00,1.076510,1.076650,1.075050,1.075290,1.076250,1.076380,1.074800,1.075020
2016/01/06 03:30:00,1.075290,1.075710,1.074660,1.074680,1.075020,1.075450,1.074400,1.074420
2016/01/06 04:00:00,1.074680,1.075080,1.074670,1.074990,1.074420,1.074840,1.074420,1.074740
2016/01/06 04:30:00,1.074990,1.075200,1.074850,1.075060,1.074740,1.074950,1.074600,1.074810
2016/01/06 05:00:00,1.075060,1.075180,1.074360,1.074570,1.074810,1.074920,1.074100,1.074310
2016/01/06 05:30:00,1.074570,1.074810,1.074270,1.074620,1.074310,1.074550,1.074010,1.074360
2016/01/06 06:00:00,1.074620,1.075370,1.074470,1.075290,1.074360,1.075120,1.074220,1.075040
2016/01/06 06:30:00,1.075290,1.075630,1.074450,1.074670,1.075040,1.075390,1.074200,1.074410
2016/01/06 07:00:00,1.074670,1.075020,1.073050,1.073580,1.074410,1.074760,1.072780,1.073320
2016/01/06 07:30:00,1.073580,1.073790,1.072040,1.073090,1.073320,1.073550,1.071780,1.072840
2016/01/06 08:00:00,1.073090,1.074400,1.072910,1.073290,1.072840,1.074140,1.072690,1.073050
2016/01/06 08:30:00,1.073290,1.074010,1.072530,1.073670,1.073050,1.073770,1.072300,1.073420
2016/01/06 09:00:00,1.073670,1.073790,1.072160,1.072810,1.073420,1.073530,1.071910,1.072580
2016/01/06 09:30:00,1.072810,1.073720,1.072390,1.073610,1.072580,1.073460,1.072160,1.073340
2016/01/06 10:00:00,1.073610,1.073930,1.073240,1.073380,1.073340,1.073680,1.073000,1.073120
2016/01/06 10:30:00,1.073380,1.073770,1.072660,1.073690,1.073120,1.073520,1.072420,1.073430
2016/01/06 11:00:00,1.073690,1.074620,1.073410,1.074550,1.073430,1.074370,1.073150,1.074290
2016/01/06 11:30:00,1.074550,1.075340,1.074380,1.075020,1.074290,1.075100,1.074130,1.074760
2016/01/06 12:00:00,1.075020,1.076130,1.074510,1.075560,1.074760,1.075880,1.074280,1.075310
2016/01/06 12:30:00,1.075560,1.075980,1.074140,1.074440,1.075310,1.075740,1.073880,1.074180
2016/01/06 13:00:00,1.074440,1.075290,1.071740,1.074460,1.074180,1.075040,1.071040,1.074160
2016/01/06 13:30:00,1.074460,1.075730,1.073540,1.074060,1.074160,1.075480,1.073290,1.073800
2016/01/06 14:00:00,1.074060,1.075280,1.073920,1.074090,1.073800,1.075040,1.073670,1.073840
2016/01/06 14:30:00,1.074090,1.076020,1.073430,1.075820,1.073840,1.075750,1.073180,1.075350
2016/01/06 15:00:00,1.075820,1.076830,1.074160,1.074980,1.075350,1.076530,1.073920,1.074730
2016/01/06 15:30:00,1.074980,1.076830,1.074610,1.074620,1.074730,1.076610,1.074400,1.074410
2016/01/06 16:00:00,1.074620,1.075550,1.074500,1.075460,1.074410,1.075330,1.074250,1.075220
2016/01/06 16:30:00,1.075460,1.076440,1.075450,1.076250,1.075220,1.076180,1.075200,1.076010
2016/01/06 17:00:00,1.076250,1.076370,1.075730,1.076220,1.076010,1.076130,1.075480,1.075980
2016/01/06 17:30:00,1.076220,1.076260,1.075480,1.075610,1.075980,1.076010,1.075220,1.075360
2016/01/06 18:00:00,1.075610,1.076620,1.075610,1.076270,1.075360,1.076360,1.075360,1.076030
2016/01/06 18:30:00,1.076270,1.076450,1.075370,1.075680,1.076030,1.076200,1.075120,1.075400
2016/01/06 19:00:00,1.075680,1.080080,1.074880,1.077460,1.075400,1.079820,1.074540,1.077190
2016/01/06 19:30:00,1.077460,1.079920,1.076830,1.079020,1.077190,1.079650,1.076590,1.078750
2016/01/06 20:00:00,1.079020,1.080080,1.078470,1.078830,1.078750,1.079830,1.078240,1.078570
2016/01/06 20:30:00,1.078830,1.078880,1.078140,1.078860,1.078570,1.078640,1.077890,1.078620
2016/01/06 21:00:00,1.078860,1.079160,1.078590,1.078830,1.078620,1.078930,1.078340,1.078570
2016/01/06 21:30:00,1.078830,1.078850,1.078150,1.078390,1.078570,1.078590,1.077830,1.077860
2016/01/06 22:00:00,1.078390,1.078560,1.077850,1.078260,1.077860,1.078430,1.077510,1.077880
2016/01/06 22:30:00,1.078260,1.078310,1.077620,1.077640,1.077880,1.077950,1.077310,1.077340
2016/01/06 23:00:00,1.077640,1.078260,1.077480,1.077930,1.077340,1.078030,1.077200,1.077640
2016/01/06 23:30:00,1.077930,1.078060,1.077510,1.077810,1.077640,1.077780,1.077250,1.077550
2016/01/07 00:00:00,1.077810,1.078440,1.077720,1.078020,1.077550,1.078170,1.077460,1.077760
2016/01/07 00:30:00,1.078020,1.078250,1.077550,1.077890,1.077760,1.077990,1.077300,1.077650
2016/01/07 01:00:00,1.077890,1.080030,1.077610,1.079800,1.077650,1.079760,1.077360,1.079530
2016/01/07 01:30:00,1.079800,1.081110,1.079430,1.080410,1.079530,1.080880,1.079170,1.080140
2016/01/07 02:00:00,1.080410,1.081010,1.080070,1.080310,1.080140,1.080750,1.079810,1.080060
2016/01/07 02:30:00,1.080310,1.081890,1.080210,1.081660,1.080060,1.081640,1.079940,1.081410
2016/01/07 03:00:00,1.081660,1.082690,1.081620,1.082000,1.081410,1.082440,1.081350,1.081740
2016/01/07 03:30:00,1.082000,1.082640,1.081900,1.082020,1.081740,1.082380,1.081640,1.081750
2016/01/07 04:00:00,1.082020,1.082440,1.081660,1.082200,1.081750,1.082170,1.081430,1.081940
2016/01/07 04:30:00,1.082200,1.082680,1.081900,1.082480,1.081940,1.082420,1.081640,1.082220
2016/01/07 05:00:00,1.082480,1.082620,1.082220,1.082580,1.082220,1.082360,1.081950,1.082330
2016/01/07 05:30:00,1.082580,1.083110,1.082380,1.082850,1.082330,1.082840,1.082130,1.082590
2016/01/07 06:00:00,1.082850,1.082930,1.081830,1.082190,1.082590,1.082670,1.081590,1.081940
2016/01/07 06:30:00,1.082190,1.082270,1.081310,1.081850,1.081940,1.082020,1.081060,1.081560
2016/01/07 07:00:00,1.081850,1.082340,1.079220,1.079640,1.081560,1.082070,1.078960,1.079370
2016/01/07 07:30:00,1.079640,1.079920,1.078320,1.078460,1.079370,1.079660,1.078090,1.078220
2016/01/07 08:00:00,1.078460,1.079140,1.077230,1.077720,1.078220,1.078890,1.077000,1.077460
2016/01/07 08:30:00,1.077720,1.080960,1.077500,1.080890,1.077460,1.080700,1.077260,1.080630
2016/01/07 09:00:00,1.080890,1.087090,1.080890,1.086700,1.080630,1.086830,1.080620,1.086440
2016/01/07 09:30:00,1.086700,1.086700,1.084560,1.084730,1.086440,1.086450,1.084310,1.084460
2016/01/07 10:00:00,1.084730,1.085950,1.083860,1.085540,1.084460,1.085710,1.083610,1.085300
2016/01/07 10:30:00,1.085540,1.086080,1.083590,1.083900,1.085300,1.085830,1.083360,1.083650
2016/01/07 11:00:00,1.083900,1.086700,1.083900,1.086280,1.083650,1.086440,1.083650,1.086040
2016/01/07 11:30:00,1.086280,1.087610,1.086270,1.086770,1.086040,1.087350,1.086010,1.086540
2016/01/07 12:00:00,1.086770,1.087090,1.085340,1.085790,1.086540,1.086830,1.085100,1.085540
2016/01/07 12:30:00,1.085790,1.086050,1.084590,1.085960,1.085540,1.085800,1.084330,1.085720
2016/01/07 13:00:00,1.085960,1.087400,1.085960,1.086640,1.085720,1.087150,1.085720,1.086240
2016/01/07 13:30:00,1.086640,1.087280,1.085750,1.085990,1.086240,1.087030,1.085490,1.085740
2016/01/07 14:00:00,1.085990,1.086590,1.084730,1.085740,1.085740,1.086330,1.084470,1.085490
2016/01/07 14:30:00,1.085740,1.086210,1.083800,1.084530,1.085490,1.085960,1.083550,1.084310
2016/01/07 15:00:00,1.084530,1.087630,1.084450,1.086370,1.084310,1.087380,1.084230,1.086140
2016/01/07 15:30:00,1.086370,1.086490,1.082870,1.082870,1.086140,1.086250,1.082640,1.082640
2016/01/07 16:00:00,1.082870,1.085620,1.082720,1.085490,1.082640,1.085400,1.082490,1.085250
2016/01/07 16:30:00,1.085490,1.086290,1.084900,1.086130,1.085250,1.086070,1.084660,1.085890
2016/01/07 17:00:00,1.086130,1.087320,1.085700,1.087080,1.085890,1.087100,1.085460,1.086840
2016/01/07 17:30:00,1.087080,1.087240,1.085710,1.086350,1.086840,1.087000,1.085540,1.086120
2016/01/07 18:00:00,1.086350,1.088910,1.086320,1.088830,1.086120,1.088720,1.086080,1.088600
2016/01/07 18:30:00,1.088830,1.091040,1.088530,1.090260,1.088600,1.090820,1.088290,1.090020
2016/01/07 19:00:00,1.090260,1.090650,1.089470,1.090390,1.090020,1.090400,1.089230,1.090150
2016/01/07 19:30:00,1.090390,1.093610,1.090280,1.093220,1.090150,1.093400,1.090050,1.092990
2016/01/07 20:00:00,1.093220,1.094110,1.092510,1.093790,1.092990,1.093910,1.092280,1.093550
2016/01/07 20:30:00,1.093790,1.093840,1.092660,1.093600,1.093550,1.093610,1.092430,1.093360
2016/01/07 21:00:00,1.093600,1.094100,1.093160,1.093790,1.093360,1.093870,1.092920,1.093530
2016/01/07 21:30:00,1.093790,1.093790,1.092860,1.093580,1.093530,1.093540,1.092630,1.092830
2016/01/07 22:00:00,1.093580,1.093700,1.092340,1.092430,1.092830,1.093260,1.092080,1.092110
2016/01/07 22:30:00,1.092430,1.092890,1.092190,1.092340,1.092110,1.092430,1.091950,1.092060
2016/01/07 23:00:00,1.092340,1.092690,1.092250,1.092420,1.092060,1.092450,1.092010,1.092170
2016/01/07 23:30:00,1.092420,1.092770,1.092100,1.092690,1.092170,1.092540,1.091830,1.092470
2016/01/08 00:00:00,1.092690,1.092860,1.091720,1.091930,1.092470,1.092640,1.091520,1.091680
2016/01/08 00:30:00,1.091930,1.092000,1.091300,1.091930,1.091680,1.091740,1.091050,1.091690
2016/01/08 01:00:00,1.091930,1.092410,1.087700,1.087970,1.091690,1.092170,1.087460,1.087750
2016/01/08 01:30:00,1.087970,1.090330,1.087330,1.088800,1.087750,1.090040,1.087050,1.088540
2016/01/08 02:00:00,1.088800,1.089030,1.087730,1.087920,1.088540,1.088770,1.087480,1.087670
2016/01/08 02:30:00,1.087920,1.089190,1.087920,1.088840,1.087670,1.088940,1.087670,1.088600
2016/01/08 03:00:00,1.088840,1.089050,1.088370,1.088500,1.088600,1.088800,1.088140,1.088250
2016/01/08 03:30:00,1.088500,1.088700,1.088150,1.088520,1.088250,1.088460,1.087900,1.088290
2016/01/08 04:00:00,1.088520,1.088570,1.087940,1.088020,1.088290,1.088330,1.087730,1.087780
2016/01/08 04:30:00,1.088020,1.088050,1.087340,1.087550,1.087780,1.087820,1.087080,1.087300
2016/01/08 05:00:00,1.087550,1.088440,1.087450,1.088320,1.087300,1.088210,1.087220,1.088080
2016/01/08 05:30:00,1.088320,1.088650,1.087800,1.087950,1.088080,1.088400,1.087570,1.087710
2016/01/08 06:00:00,1.087950,1.088260,1.087710,1.087850,1.087710,1.088030,1.087470,1.087620
2016/01/08 06:30:00,1.087850,1.087890,1.085640,1.086260,1.087620,1.087660,1.085390,1.086020
2016/01/08 07:00:00,1.086260,1.086620,1.085620,1.085940,1.086020,1.086350,1.085360,1.085700
2016/01/08 07:30:00,1.085940,1.089000,1.085800,1.088770,1.085700,1.088750,1.085560,1.088540
2016/01/08 08:00:00,1.088770,1.090120,1.087660,1.087800,1.088540,1.089870,1.087410,1.087560
2016/01/08 08:30:00,1.087800,1.088740,1.087020,1.087320,1.087560,1.088480,1.086790,1.087070
2016/01/08 09:00:00,1.087320,1.088410,1.087270,1.087930,1.087070,1.088160,1.087020,1.087700
2016/01/08 09:30:00,1.087930,1.088020,1.086820,1.087440,1.087700,1.087770,1.086590,1.087200
2016/01/08 10:00:00,1.087440,1.087450,1.085980,1.086660,1.087200,1.087210,1.085740,1.086400
2016/01/08 10:30:00,1.086660,1.087640,1.086620,1.087050,1.086400,1.087400,1.086380,1.086800
2016/01/08 11:00:00,1.087050,1.087680,1.086260,1.087660,1.086800,1.087450,1.086010,1.087400
2016/01/08 11:30:00,1.087660,1.087790,1.086900,1.087370,1.087400,1.087570,1.086660,1.087130
2016/01/08 12:00:00,1.087370,1.087850,1.086010,1.086630,1.087130,1.087620,1.085780,1.086390
2016/01/08 12:30:00,1.086630,1.087480,1.086300,1.086720,1.086390,1.087270,1.086070,1.086500
2016/01/08 13:00:00,1.086720,1.087210,1.085700,1.086810,1.086500,1.086960,1.085460,1.085490
2016/01/08 13:30:00,1.086810,1.086820,1.080450,1.084240,1.085490,1.085770,1.080220,1.084000
2016/01/08 14:00:00,1.084240,1.089180,1.083510,1.087530,1.084000,1.088950,1.083260,1.087300
2016/01/08 14:30:00,1.087530,1.088640,1.085490,1.086550,1.087300,1.088390,1.085220,1.086290
2016/01/08 15:00:00,1.086550,1.090870,1.086550,1.089190,1.086290,1.090620,1.086290,1.088940
2016/01/08 15:30:00,1.089190,1.090980,1.088440,1.090960,1.088940,1.090740,1.088190,1.090700
2016/01/08 16:00:00,1.090960,1.091040,1.088760,1.090850,1.090700,1.090810,1.088520,1.090590
2016/01/08 16:30:00,1.090850,1.091830,1.088570,1.088570,1.090590,1.091580,1.088350,1.088350
2016/01/08 17:00:00,1.088570,1.089350,1.087150,1.087750,1.088350,1.089120,1.086930,1.087510
2016/01/08 17:30:00,1.087750,1.089170,1.087750,1.088960,1.087510,1.088940,1.087510,1.088710
2016/01/08 18:00:00,1.088960,1.090600,1.088760,1.089940,1.088710,1.090350,1.088510,1.089690
2016/01/08 18:30:00,1.089940,1.090060,1.088740,1.089810,1.089690,1.089830,1.088490,1.089560
2016/01/08 19:00:00,1.089810,1.090440,1.089110,1.090180,1.089560,1.090170,1.088860,1.089950
2016/01/08 19:30:00,1.090180,1.090640,1.089990,1.090380,1.089950,1.090400,1.089770,1.090130
2016/01/08 20:00:00,1.090380,1.091390,1.090270,1.091250,1.090130,1.091140,1.090020,1.091000
2016/01/08 20:30:00,1.091250,1.092290,1.091250,1.092060,1.091000,1.092050,1.091000,1.091830
2016/01/08 21:00:00,1.092060,1.092470,1.091870,1.092410,1.091830,1.092240,1.091620,1.092170
2016/01/08 21:30:00,1.092410,1.093370,1.092270,1.093250,1.092170,1.092950,1.091810,1.091810
2016/01/10 19:30:00,1.093250,1.093250,1.092040,1.092580,1.091810,1.091960,1.091290,1.091710
2016/01/10 20:00:00,1.092580,1.092620,1.092220,1.092220,1.091710,1.091800,1.091160,1.091630
2016/01/10 20:30:00,1.092220,1.092270,1.091430,1.092210,1.091630,1.091820,1.090940,1.091620
2016/01/10 21:00:00,1.092210,1.092240,1.091930,1.091990,1.091620,1.091620,1.090970,1.091600
2016/01/10 21:30:00,1.091990,1.092440,1.091910,1.092440,1.091600,1.091710,1.091110,1.091410
2016/01/10 22:00:00,1.092440,1.094160,1.092000,1.093690,1.091410,1.093900,1.091200,1.093210
2016/01/10 22:30:00,1.093690,1.094770,1.092730,1.094620,1.093210,1.094430,1.092230,1.094280
2016/01/10 23:00:00,1.094620,1.097170,1.094070,1.094670,1.094280,1.096870,1.093710,1.094410
2016/01/10 23:30:00,1.094670,1.094670,1.093420,1.093880,1.094410,1.094410,1.093180,1.093620
2016/01/11 00:00:00,1.093880,1.094240,1.092530,1.093480,1.093620,1.093990,1.092280,1.093230
2016/01/11 00:30:00,1.093480,1.093990,1.093480,1.093980,1.093230,1.093740,1.093230,1.093730
2016/01/11 01:00:00,1.093980,1.094500,1.092490,1.093980,1.093730,1.094240,1.092230,1.093720
2016/01/11 01:30:00,1.093980,1.094750,1.093700,1.093930,1.093720,1.094430,1.093460,1.093670
2016/01/11 02:00:00,1.093930,1.093930,1.091950,1.092000,1.093670,1.093680,1.091700,1.091720
2016/01/11 02:30:00,1.092000,1.092500,1.091910,1.092220,1.091720,1.092260,1.091650,1.091960
2016/01/11 03:00:00,1.092220,1.092500,1.091950,1.092150,1.091960,1.092270,1.091690,1.091900
2016/01/11 03:30:00,1.092150,1.092350,1.090930,1.091560,1.091900,1.092110,1.090700,1.091320
2016/01/11 04:00:00,1.091560,1.091560,1.090940,1.091370,1.091320,1.091320,1.090690,1.091120
2016/01/11 04:30:00,1.091370,1.091680,1.091190,1.091510,1.091120,1.091450,1.090950,1.091290
2016/01/11 05:00:00,1.091510,1.091970,1.091050,1.091730,1.091290,1.091730,1.090800,1.091490
2016/01/11 05:30:00,1.091730,1.092050,1.091410,1.091940,1.091490,1.091810,1.091170,1.091700
2016/01/11 06:00:00,1.091940,1.092410,1.091570,1.092040,1.091700,1.092160,1.091330,1.091780
2016/01/11 06:30:00,1.092040,1.093530,1.091620,1.093320,1.091780,1.093270,1.091350,1.093070
2016/01/11 07:00:00,1.093320,1.093360,1.090430,1.091180,1.093070,1.093100,1.090180,1.090930
2016/01/11 07:30:00,1.091180,1.091630,1.089430,1.090200,1.090930,1.091390,1.089190,1.089950
2016/01/11 08:00:00,1.090200,1.090200,1.088410,1.088810,1.089950,1.089950,1.088180,1.088570
2016/01/11 08:30:00,1.088810,1.089080,1.087370,1.088560,1.088570,1.088860,1.087100,1.088320
2016/01/11 09:00:00,1.088560,1.089490,1.088270,1.088570,1.088320,1.089240,1.088020,1.088310
2016/01/11 09:30:00,1.088570,1.089130,1.088390,1.088700,1.088310,1.088890,1.088150,1.088450
2016/01/11 10:00:00,1.088700,1.089610,1.088600,1.089480,1.088450,1.089370,1.088380,1.089260
2016/01/11 10:30:00,1.089480,1.090300,1.089100,1.090210,1.089260,1.090050,1.088850,1.089950
2016/01/11 11:00:00,1.090210,1.090820,1.089660,1.090020,1.089950,1.090560,1.089410,1.089790
2016/01/11 11:30:00,1.090020,1.090470,1.089380,1.089990,1.089790,1.090210,1.089120,1.089760
2016/01/11 12:00:00,1.089990,1.090120,1.089300,1.090000,1.089760,1.089870,1.089060,1.089750
2016/01/11 12:30:00,1.090000,1.091150,1.090000,1.090030,1.089750,1.090900,1.089750,1.089780
2016/01/11 13:00:00,1.090030,1.090410,1.088370,1.088870,1.089780,1.090160,1.088130,1.088630
2016/01/11 13:30:00,1.088870,1.089460,1.088080,1.088270,1.088630,1.089230,1.087830,1.088010
2016/01/11 14:00:00,1.088270,1.088710,1.086320,1.086350,1.088010,1.088440,1.086090,1.086110
2016/01/11 14:30:00,1.086350,1.090070,1.086130,1.089960,1.086110,1.089840,1.085870,1.089710
2016/01/11 15:00:00,1.089960,1.090120,1.086910,1.087570,1.089710,1.089890,1.086640,1.087330
2016/01/11 15:30:00,1.087570,1.087570,1.085170,1.085270,1.087330,1.087330,1.084930,1.085020
2016/01/11 16:00:00,1.085270,1.089590,1.084910,1.089340,1.085020,1.089330,1.084650,1.089080
2016/01/11 16:30:00,1.089340,1.089820,1.087870,1.087890,1.089080,1.089590,1.087610,1.087630
2016/01/11 17:00:00,1.087890,1.089430,1.087850,1.089180,1.087630,1.089180,1.087600,1.088920
2016/01/11 17:30:00,1.089180,1.089820,1.088190,1.088240,1.088920,1.089540,1.087940,1.087990
2016/01/11 18:00:00,1.088240,1.088790,1.087950,1.088750,1.087990,1.088540,1.087700,1.088500
2016/01/11 18:30:00,1.088750,1.090010,1.088730,1.089150,1.088500,1.089760,1.088470,1.088910
2016/01/11 19:00:00,1.089150,1.089670,1.087170,1.087390,1.088910,1.089410,1.086920,1.087130
2016/01/11 19:30:00,1.087390,1.087770,1.086420,1.087490,1.087130,1.087520,1.086150,1.087240
2016/01/11 20:00:00,1.087490,1.088150,1.086100,1.086220,1.087240,1.087890,1.085870,1.085960
2016/01/11 20:30:00,1.086220,1.086300,1.085150,1.085330,1.085960,1.086030,1.084900,1.085090
2016/01/11 21:00:00,1.085330,1.086200,1.085280,1.085800,1.085090,1.085940,1.085040,1.085560
2016/01/11 21:30:00,1.085800,1.086100,1.085620,1.086030,1.085560,1.085800,1.085360,1.085760
2016/01/11 22:00:00,1.086030,1.086680,1.085710,1.085990,1.085760,1.086390,1.085420,1.085710
2016/01/11 22:30:00,1.085990,1.086770,1.085910,1.086380,1.085710,1.086340,1.085560,1.086130
2016/01/11 23:00:00,1.086380,1.086380,1.085400,1.085800,1.086130,1.086130,1.085130,1.085510
2016/01/11 23:30:00,1.085800,1.085830,1.085600,1.085800,1.085510,1.085570,1.085350,1.085520
2016/01/12 00:00:00,1.085800,1.086720,1.085740,1.086250,1.085520,1.086470,1.085500,1.086020
2016/01/12 00:30:00,1.086250,1.086410,1.085160,1.085370,1.086020,1.086160,1.084910,1.085120
2016/01/12 01:00:00,1.085370,1.085470,1.084240,1.085130,1.085120,1.085220,1.083980,1.084870
2016/01/12 01:30:00,1.085130,1.086260,1.084780,1.085680,1.084870,1.086030,1.084520,1.085430
2016/01/12 02:00:00,1.085680,1.086610,1.085590,1.086510,1.085430,1.086350,1.085340,1.086250
2016/01/12 02:30:00,1.086510,1.088090,1.086510,1.087910,1.086250,1.087840,1.086250,1.087660
2016/01/12 03:00:00,1.087910,1.088100,1.087260,1.087570,1.087660,1.087840,1.087010,1.087320
2016/01/12 03:30:00,1.087570,1.088520,1.087500,1.088120,1.087320,1.088280,1.087260,1.087870
2016/01/12 04:00:00,1.088120,1.088170,1.087900,1.087980,1.087870,1.087920,1.087650,1.087730
2016/01/12 04:30:00,1.087980,1.088600,1.087910,1.088370,1.087730,1.088380,1.087660,1.088110
2016/01/12 05:00:00,1.088370,1.088560,1.087970,1.088350,1.088110,1.088320,1.087720,1.088120
2016/01/12 05:30:00,1.088350,1.088530,1.087570,1.087720,1.088120,1.088270,1.087320,1.087470
2016/01/12 06:00:00,1.087720,1.089150,1.087580,1.089150,1.087470,1.088890,1.087340,1.088890
2016/01/12 06:30:00,1.089150,1.089510,1.088440,1.088510,1.088890,1.089240,1.088190,1.088260
2016/01/12 07:00:00,1.088510,1.089520,1.088080,1.089300,1.088260,1.089270,1.087840,1.089070
2016/01/12 07:30:00,1.089300,1.090080,1.089300,1.089390,1.089070,1.089830,1.089070,1.089140
2016/01/12 08:00:00,1.089390,1.090150,1.087860,1.088230,1.089140,1.089920,1.087610,1.087980
2016/01/12 08:30:00,1.088230,1.089880,1.087350,1.088590,1.087980,1.089620,1.087090,1.088330
2016/01/12 09:00:00,1.088590,1.089000,1.086220,1.086680,1.088330,1.088740,1.085980,1.086420
2016/01/12 09:30:00,1.086680,1.087100,1.085580,1.085810,1.086420,1.086860,1.085320,1.085560
2016/01/12 10:00:00,1.085810,1.086090,1.085140,1.085990,1.085560,1.085840,1.084910,1.085740
2016/01/12 10:30:00,1.085990,1.085990,1.084530,1.084950,1.085740,1.085740,1.084280,1.084700
2016/01/12 11:00:00,1.084950,1.086010,1.084500,1.085280,1.084700,1.085750,1.084250,1.085030
2016/01/12 11:30:00,1.085280,1.086060,1.084440,1.085660,1.085030,1.085820,1.084190,1.085400
2016/01/12 12:00:00,1.085660,1.086180,1.085150,1.085460,1.085400,1.085950,1.084900,1.085220
2016/01/12 12:30:00,1.085460,1.085650,1.083730,1.084420,1.085220,1.085400,1.083480,1.084180
2016/01/12 13:00:00,1.084420,1.084700,1.083430,1.084500,1.084180,1.084450,1.083210,1.084250
2016/01/12 13:30:00,1.084500,1.085720,1.084340,1.085310,1.084250,1.085470,1.084100,1.085050
2016/01/12 14:00:00,1.085310,1.086200,1.084690,1.085640,1.085050,1.085950,1.084440,1.085390
2016/01/12 14:30:00,1.085640,1.085890,1.084370,1.084970,1.085390,1.085660,1.084120,1.084730
2016/01/12 15:00:00,1.084970,1.085920,1.083600,1.084850,1.084730,1.085670,1.083400,1.084590
2016/01/12 15:30:00,1.084850,1.084930,1.082220,1.082480,1.084590,1.084680,1.081970,1.082300
2016/01/12 16:00:00,1.082480,1.084480,1.082070,1.083760,1.082300,1.084230,1.081840,1.083530
2016/01/12 16:30:00,1.083760,1.084210,1.082960,1.083650,1.083530,1.083960,1.082690,1.083410
2016/01/12 17:00:00,1.083650,1.083950,1.082150,1.083760,1.083410,1.083690,1.081920,1.083490
2016/01/12 17:30:00,1.083760,1.084290,1.083200,1.084070,1.083490,1.084040,1.082960,1.083820
2016/01/12 18:00:00,1.084070,1.084120,1.083180,1.083280,1.083820,1.083880,1.082930,1.083030
2016/01/12 18:30:00,1.083280,1.085760,1.083280,1.085210,1.083030,1.085510,1.083030,1.084960
2016/01/12 19:00:00,1.085210,1.087900,1.085210,1.086730,1.084960,1.087630,1.084960,1.086490
2016/01/12 19:30:00,1.086730,1.086860,1.085280,1.085590,1.086490,1.086600,1.085020,1.085340
2016/01/12 20:00:00,1.085590,1.086050,1.084670,1.084970,1.085340,1.085790,1.084420,1.084720
2016/01/12 20:30:00,1.084970,1.085860,1.084970,1.085540,1.084720,1.085630,1.084710,1.085290
2016/01/12 21:00:00,1.085540,1.085800,1.085180,1.085610,1.085290,1.085570,1.084910,1.085350
2016/01/12 21:30:00,1.085610,1.086110,1.085570,1.086090,1.085350,1.085840,1.085310,1.085610
2016/01/12 22:00:00,1.086090,1.086670,1.085500,1.085550,1.085610,1.086010,1.085190,1.085260
2016/01/12 22:30:00,1.085550,1.085560,1.084840,1.084940,1.085260,1.085260,1.084500,1.084680
2016/01/12 23:00:00,1.084940,1.085080,1.084800,1.084920,1.084680,1.084880,1.084540,1.084670
2016/01/12 23:30:00,1.084920,1.084930,1.084240,1.084450,1.084670,1.084670,1.083980,1.084190
2016/01/13 00:00:00,1.084450,1.085020,1.083190,1.083540,1.084190,1.084790,1.082960,1.083270
2016/01/13 00:30:00,1.083540,1.084070,1.083270,1.083900,1.083270,1.083810,1.083020,1.083650
2016/01/13 01:00:00,1.083900,1.083970,1.082100,1.082170,1.083650,1.083720,1.081890,1.081930
2016/01/13 01:30:00,1.082170,1.082990,1.082160,1.082440,1.081930,1.082740,1.081910,1.082190
2016/01/13 02:00:00,1.082440,1.082450,1.081260,1.082190,1.082190,1.082190,1.081000,1.081930
2016/01/13 02:30:00,1.082190,1.083060,1.081810,1.083050,1.081930,1.082800,1.081550,1.082800
2016/01/13 03:00:00,1.083050,1.083350,1.082850,1.083290,1.082800,1.083100,1.082600,1.083020
2016/01/13 03:30:00,1.083290,1.083330,1.082570,1.082630,1.083020,1.083080,1.082340,1.082390
2016/01/13 04:00:00,1.082630,1.083170,1.082550,1.083050,1.082390,1.082920,1.082300,1.082820
2016/01/13 04:30:00,1.083050,1.083250,1.082910,1.082920,1.082820,1.083010,1.082650,1.082670
2016/01/13 05:00:00,1.082920,1.083650,1.082870,1.083380,1.082670,1.083390,1.082620,1.083130
2016/01/13 05:30:00,1.083380,1.083450,1.082840,1.083080,1.083130,1.083200,1.082590,1.082830
2016/01/13 06:00:00,1.083080,1.083810,1.083010,1.083760,1.082830,1.083560,1.082760,1.083510
2016/01/13 06:30:00,1.083760,1.083930,1.083070,1.083440,1.083510,1.083680,1.082820,1.083200
2016/01/13 07:00:00,1.083440,1.083810,1.082140,1.083790,1.083200,1.083550,1.081880,1.083520
2016/01/13 07:30:00,1.083790,1.083800,1.081460,1.081750,1.083520,1.083540,1.081200,1.081510
2016/01/13 08:00:00,1.081750,1.082970,1.081060,1.082690,1.081510,1.082720,1.080810,1.082470
2016/01/13 08:30:00,1.082690,1.083520,1.082030,1.082490,1.082470,1.083270,1.081760,1.082250
2016/01/13 09:00:00,1.082490,1.082800,1.080690,1.081020,1.082250,1.082530,1.080440,1.080770
2016/01/13 09:30:00,1.081020,1.082200,1.080660,1.082080,1.080770,1.081950,1.080420,1.081810
2016/01/13 10:00:00,1.082080,1.082220,1.081540,1.081990,1.081810,1.081970,1.081290,1.081730
2016/01/13 10:30:00,1.081990,1.082050,1.081040,1.081400,1.081730,1.081810,1.080810,1.081150
2016/01/13 11:00:00,1.081400,1.082950,1.081370,1.082690,1.081150,1.082720,1.081120,1.082440
2016/01/13 11:30:00,1.082690,1.083120,1.082230,1.082420,1.082440,1.082870,1.081980,1.082160
2016/01/13 12:00:00,1.082420,1.082530,1.081030,1.081090,1.082160,1.082290,1.080780,1.080840
2016/01/13 12:30:00,1.081090,1.081710,1.080620,1.081570,1.080840,1.081470,1.080380,1.081320
2016/01/13 13:00:00,1.081570,1.082710,1.081550,1.082440,1.081320,1.082470,1.081300,1.082180
2016/01/13 13:30:00,1.082440,1.083280,1.081650,1.083200,1.082180,1.083040,1.081420,1.082950
2016/01/13 14:00:00,1.083200,1.083920,1.082540,1.082990,1.082950,1.083660,1.082290,1.082760
2016/01/13 14:30:00,1.082990,1.085720,1.082540,1.084890,1.082760,1.085470,1.082300,1.084660
2016/01/13 15:00:00,1.084890,1.086750,1.084470,1.086590,1.084660,1.086500,1.084210,1.086330
2016/01/13 15:30:00,1.086590,1.088360,1.084520,1.084640,1.086330,1.088090,1.084280,1.084370
2016/01/13 16:00:00,1.084640,1.086360,1.084550,1.085650,1.084370,1.086120,1.084290,1.085410
2016/01/13 16:30:00,1.085650,1.086400,1.084600,1.086340,1.085410,1.086150,1.084360,1.086100
2016/01/13 17:00:00,1.086340,1.086350,1.084600,1.084900,1.086100,1.086110,1.084370,1.084640
2016/01/13 17:30:00,1.084900,1.085710,1.084870,1.085140,1.084640,1.085460,1.084620,1.084910
2016/01/13 18:00:00,1.085140,1.086000,1.084940,1.085160,1.084910,1.085760,1.084680,1.084920
2016/01/13 18:30:00,1.085160,1.086530,1.084580,1.085830,1.084920,1.086280,1.084340,1.085580
2016/01/13 19:00:00,1.085830,1.087330,1.085160,1.087160,1.085580,1.087080,1.084910,1.086900
2016/01/13 19:30:00,1.087160,1.088500,1.087090,1.087890,1.086900,1.088250,1.086820,1.087640
2016/01/13 20:00:00,1.087890,1.088270,1.087170,1.087770,1.087640,1.088010,1.086930,1.087510
2016/01/13 20:30:00,1.087770,1.088400,1.087270,1.088390,1.087510,1.088150,1.087020,1.088150
2016/01/13 21:00:00,1.088390,1.088840,1.087810,1.088820,1.088150,1.088570,1.087550,1.088560
2016/01/13 21:30:00,1.088820,1.088920,1.087340,1.087940,1.088560,1.088660,1.087100,1.087560
2016/01/13 22:00:00,1.087940,1.088200,1.087710,1.088110,1.087560,1.087800,1.087370,1.087710
2016/01/13 22:30:00,1.088110,1.088470,1.087840,1.088360,1.087710,1.088170,1.087510,1.088100
2016/01/13 23:00:00,1.088360,1.088910,1.088170,1.088690,1.088100,1.088680,1.087960,1.088420
2016/01/13 23:30:00,1.088690,1.089010,1.088240,1.088690,1.088420,1.088750,1.087970,1.088430
2016/01/14 00:00:00,1.088690,1.089570,1.088500,1.088780,1.088430,1.089300,1.088250,1.088520
2016/01/14 00:30:00,1.088780,1.089330,1.088160,1.088740,1.088520,1.089060,1.087900,1.088470
2016/01/14 01:00:00,1.088740,1.089700,1.088560,1.089520,1.088470,1.089460,1.088310,1.089270
2016/01/14 01:30:00,1.089520,1.089660,1.088190,1.088280,1.089270,1.089410,1.087930,1.088040
2016/01/14 02:00:00,1.088280,1.089240,1.088280,1.088660,1.088040,1.088990,1.088020,1.088400
2016/01/14 02:30:00,1.088660,1.088890,1.088410,1.088600,1.088400,1.088640,1.088160,1.088350
2016/01/14 03:00:00,1.088600,1.088720,1.087680,1.088060,1.088350,1.088480,1.087430,1.087830
2016/01/14 03:30:00,1.088060,1.088590,1.087730,1.088530,1.087830,1.088340,1.087510,1.088280
2016/01/14 04:00:00,1.088530,1.089230,1.088370,1.089100,1.088280,1.088970,1.088120,1.088850
2016/01/14 04:30:00,1.089100,1.089820,1.089030,1.089290,1.088850,1.089570,1.088790,1.089040
2016/01/14 05:00:00,1.089290,1.089480,1.088390,1.088410,1.089040,1.089230,1.088140,1.088150
2016/01/14 05:30:00,1.088410,1.088600,1.087750,1.088020,1.088150,1.088350,1.087490,1.087760
2016/01/14 06:00:00,1.088020,1.088180,1.087010,1.087450,1.087760,1.087940,1.086770,1.087200
2016/01/14 06:30:00,1.087450,1.087490,1.086800,1.086860,1.087200,1.087240,1.086550,1.086600
2016/01/14 07:00:00,1.086860,1.087340,1.085930,1.086280,1.086600,1.087100,1.085680,1.086060
2016/01/14 07:30:00,1.086280,1.086740,1.085550,1.086100,1.086060,1.086480,1.085300,1.085850
2016/01/14 08:00:00,1.086100,1.088420,1.085780,1.088110,1.085850,1.088160,1.085530,1.087860
2016/01/14 08:30:00,1.088110,1.091960,1.087700,1.091460,1.087860,1.091710,1.087430,1.091200
2016/01/14 09:00:00,1.091460,1.093810,1.091220,1.091410,1.091200,1.093560,1.090980,1.091160
2016/01/14 09:30:00,1.091410,1.091700,1.089940,1.090350,1.091160,1.091450,1.089680,1.090090
2016/01/14 10:00:00,1.090350,1.092900,1.090080,1.092660,1.090090,1.092650,1.089830,1.092410
2016/01/14 10:30:00,1.092660,1.093020,1.090930,1.092390,1.092410,1.092800,1.090770,1.092140
2016/01/14 11:00:00,1.092390,1.093680,1.092130,1.093060,1.092140,1.093430,1.091870,1.092810
2016/01/14 11:30:00,1.093060,1.094460,1.092920,1.093300,1.092810,1.094210,1.092670,1.093030
2016/01/14 12:00:00,1.093300,1.093700,1.091400,1.091800,1.093030,1.093460,1.091200,1.091540
2016/01/14 12:30:00,1.091800,1.092040,1.088410,1.088760,1.091540,1.091770,1.088170,1.088500
2016/01/14 13:00:00,1.088760,1.090150,1.088360,1.089240,1.088500,1.089910,1.088120,1.088960
2016/01/14 13:30:00,1.089240,1.090310,1.088470,1.089640,1.088960,1.090070,1.088200,1.089400
2016/01/14 14:00:00,1.089640,1.090140,1.088100,1.089950,1.089400,1.089890,1.087860,1.089700
2016/01/14 14:30:00,1.089950,1.091910,1.089860,1.091350,1.089700,1.091660,1.089620,1.091090
2016/01/14 15:00:00,1.091350,1.091750,1.088190,1.088240,1.091090,1.091510,1.087940,1.087990
2016/01/14 15:30:00,1.088240,1.088480,1.083770,1.084100,1.087990,1.088230,1.083530,1.083860
2016/01/14 16:00:00,1.084100,1.085880,1.083600,1.085440,1.083860,1.085630,1.083350,1.085190
2016/01/14 16:30:00,1.085440,1.086500,1.085080,1.086300,1.085190,1.086250,1.084830,1.086070
2016/01/14 17:00:00,1.086300,1.087060,1.085490,1.086820,1.086070,1.086790,1.085240,1.086570
2016/01/14 17:30:00,1.086820,1.087090,1.085570,1.086280,1.086570,1.086850,1.085320,1.086030
2016/01/14 18:00:00,1.086280,1.086390,1.085140,1.085330,1.086030,1.086150,1.084890,1.085070
2016/01/14 18:30:00,1.085330,1.086190,1.084810,1.085980,1.085070,1.085950,1.084550,1.085720
2016/01/14 19:00:00,1.085980,1.086280,1.085560,1.085960,1.085720,1.086030,1.085310,1.085710
2016/01/14 19:30:00,1.085960,1.086530,1.085790,1.086350,1.085710,1.086280,1.085530,1.086100
2016/01/14 20:00:00,1.086350,1.086660,1.085620,1.085730,1.086100,1.086420,1.085390,1.085510
2016/01/14 20:30:00,1.085730,1.086790,1.085560,1.086580,1.085510,1.086540,1.085320,1.086330
2016/01/14 21:00:00,1.086580,1.087150,1.086010,1.087120,1.086330,1.086910,1.085750,1.086890
2016/01/14 21:30:00,1.087120,1.087170,1.086540,1.086680,1.086890,1.086920,1.086150,1.086150
2016/01/14 22:00:00,1.086680,1.087200,1.086590,1.087030,1.086150,1.086940,1.086140,1.086720
2016/01/14 22:30:00,1.087030,1.087130,1.086250,1.086250,1.086720,1.086800,1.085970,1.085970
2016/01/14 23:00:00,1.086250,1.086700,1.085820,1.085970,1.085970,1.086450,1.085560,1.085700
2016/01/14 23:30:00,1.085970,1.085980,1.085570,1.085850,1.085700,1.085700,1.085330,1.085590
2016/01/15 00:00:00,1.085850,1.086300,1.085780,1.086040,1.085590,1.086050,1.085520,1.085810
2016/01/15 00:30:00,1.086040,1.086550,1.085800,1.086540,1.085810,1.086290,1.085540,1.086290
2016/01/15 01:00:00,1.086540,1.087690,1.086350,1.087550,1.086290,1.087430,1.086080,1.087280
2016/01/15 01:30:00,1.087550,1.088050,1.087170,1.087420,1.087280,1.087790,1.086920,1.087170
2016/01/15 02:00:00,1.087420,1.087890,1.086960,1.087440,1.087170,1.087630,1.086710,1.087190
2016/01/15 02:30:00,1.087440,1.088280,1.087420,1.088270,1.087190,1.088030,1.087170,1.088020
2016/01/15 03:00:00,1.088270,1.088280,1.087600,1.088070,1.088020,1.088030,1.087370,1.087830
2016/01/15 03:30:00,1.088070,1.088530,1.087680,1.088340,1.087830,1.088280,1.087430,1.088110
2016/01/15 04:00:00,1.088340,1.089100,1.088030,1.088550,1.088110,1.088850,1.087780,1.088290
2016/01/15 04:30:00,1.088550,1.088690,1.087710,1.088430,1.088290,1.088440,1.087460,1.088180
2016/01/15 05:00:00,1.088430,1.088980,1.088110,1.088190,1.088180,1.088740,1.087850,1.087930
2016/01/15 05:30:00,1.088190,1.088730,1.087880,1.087990,1.087930,1.088480,1.087620,1.087740
2016/01/15 06:00:00,1.087990,1.088930,1.087700,1.088930,1.087740,1.088680,1.087450,1.088670
2016/01/15 06:30:00,1.088930,1.089100,1.088180,1.088860,1.088670,1.088850,1.087940,1.088600
2016/01/15 07:00:00,1.088860,1.089110,1.088020,1.088260,1.088600,1.088870,1.087750,1.087990
2016/01/15 07:30:00,1.088260,1.088410,1.086190,1.087020,1.087990,1.088150,1.085920,1.086760
2016/01/15 08:00:00,1.087020,1.089630,1.086460,1.089500,1.086760,1.089410,1.086200,1.089230
2016/01/15 08:30:00,1.089500,1.090620,1.088570,1.090210,1.089230,1.090360,1.088320,1.089950
2016/01/15 09:00:00,1.090210,1.091890,1.089070,1.091340,1.089950,1.091660,1.088820,1.091090
2016/01/15 09:30:00,1.091340,1.091850,1.090570,1.090650,1.091090,1.091600,1.090320,1.090400
2016/01/15 10:00:00,1.090650,1.090960,1.089810,1.090900,1.090400,1.090710,1.089560,1.090650
2016/01/15 10:30:00,1.090900,1.091710,1.090440,1.091390,1.090650,1.091450,1.090190,1.091140
2016/01/15 11:00:00,1.091390,1.091710,1.089670,1.089800,1.091140,1.091470,1.089410,1.089560
2016/01/15 11:30:00,1.089800,1.090770,1.089080,1.090270,1.089560,1.090530,1.088860,1.090010
2016/01/15 12:00:00,1.090270,1.091460,1.090120,1.090730,1.090010,1.091230,1.089870,1.090490
2016/01/15 12:30:00,1.090730,1.091990,1.090290,1.090970,1.090490,1.091770,1.090050,1.090720
2016/01/15 13:00:00,1.090970,1.092630,1.090960,1.092440,1.090720,1.092380,1.090720,1.091970
2016/01/15 13:30:00,1.092440,1.098590,1.092440,1.095840,1.091970,1.098340,1.091960,1.095580
2016/01/15 14:00:00,1.095840,1.097120,1.093130,1.096910,1.095580,1.096870,1.092870,1.096640
2016/01/15 14:30:00,1.096910,1.097010,1.093840,1.096020,1.096640,1.096760,1.093590,1.095770
2016/01/15 15:00:00,1.096020,1.096640,1.094290,1.094610,1.095770,1.096410,1.094050,1.094350
2016/01/15 15:30:00,1.094610,1.096010,1.093730,1.095200,1.094350,1.095760,1.093500,1.094940
2016/01/15 16:00:00,1.095200,1.095870,1.094330,1.094630,1.094940,1.095650,1.094090,1.094400
2016/01/15 16:30:00,1.094630,1.096920,1.094330,1.096470,1.094400,1.096670,1.094070,1.096240
2016/01/15 17:00:00,1.096470,1.098450,1.095960,1.097810,1.096240,1.098210,1.095700,1.097570
2016/01/15 17:30:00,1.097810,1.098120,1.094570,1.095270,1.097570,1.097900,1.094320,1.095030
2016/01/15 18:00:00,1.095270,1.096290,1.095050,1.095560,1.095030,1.096030,1.094800,1.095310
2016/01/15 18:30:00,1.095560,1.096020,1.094790,1.095010,1.095310,1.095760,1.094530,1.094750
2016/01/15 19:00:00,1.095010,1.095580,1.093350,1.094780,1.094750,1.095320,1.093090,1.094520
2016/01/15 19:30:00,1.094780,1.094780,1.090860,1.091040,1.094520,1.094530,1.090610,1.090800
2016/01/15 20:00:00,1.091040,1.093060,1.091040,1.092180,1.090800,1.092810,1.090800,1.091930
2016/01/15 20:30:00,1.092180,1.092780,1.091160,1.091880,1.091930,1.092520,1.090900,1.091630
2016/01/15 21:00:00,1.091880,1.092140,1.090950,1.090950,1.091630,1.091890,1.090700,1.090700
2016/01/15 21:30:00,1.090950,1.092150,1.090720,1.092000,1.090700,1.091540,1.090390,1.090570
2016/01/17 19:30:00,1.092000,1.094230,1.092000,1.093630,1.090570,1.093510,1.090570,1.092910
2016/01/17 20:00:00,1.093630,1.094450,1.093240,1.094100,1.092910,1.093430,1.092710,1.092940
2016/01/17 20:30:00,1.094100,1.094430,1.093390,1.093560,1.092940,1.093450,1.092800,1.093040
2016/01/17 21:00:00,1.093560,1.094440,1.093380,1.093980,1.093040,1.093320,1.092860,1.093270
2016/01/17 21:30:00,1.093980,1.094010,1.092450,1.093060,1.093270,1.093620,1.091920,1.092040
2016/01/17 22:00:00,1.093060,1.093140,1.091600,1.092190,1.092040,1.092510,1.091130,1.091910
2016/01/17 22:30:00,1.092190,1.092570,1.091040,1.091300,1.091910,1.092200,1.090610,1.090910
2016/01/17 23:00:00,1.091300,1.092910,1.091280,1.092130,1.090910,1.092660,1.090910,1.091850
2016/01/17 23:30:00,1.092130,1.092290,1.091800,1.091970,1.091850,1.092030,1.091550,1.091730
2016/01/18 00:00:00,1.091970,1.092470,1.091740,1.092410,1.091730,1.092230,1.091480,1.092160
2016/01/18 00:30:00,1.092410,1.092500,1.091200,1.091370,1.092160,1.092260,1.090960,1.091130
2016/01/18 01:00:00,1.091370,1.091390,1.089550,1.090730,1.091130,1.091150,1.089280,1.090470
2016/01/18 01:30:00,1.090730,1.091010,1.089770,1.090000,1.090470,1.090750,1.089510,1.089750
2016/01/18 02:00:00,1.090000,1.090580,1.089920,1.090570,1.089750,1.090340,1.089670,1.090320
2016/01/18 02:30:00,1.090570,1.091020,1.089600,1.089620,1.090320,1.090770,1.089360,1.089370
2016/01/18 03:00:00,1.089620,1.090040,1.089340,1.089620,1.089370,1.089790,1.089110,1.089360
2016/01/18 03:30:00,1.089620,1.089660,1.088910,1.089540,1.089360,1.089410,1.088660,1.089290
2016/01/18 04:00:00,1.089540,1.089670,1.088840,1.089420,1.089290,1.089420,1.088580,1.089160
2016/01/18 04:30:00,1.089420,1.089780,1.089250,1.089750,1.089160,1.089530,1.089000,1.089490
2016/01/18 05:00:00,1.089750,1.089960,1.089190,1.089300,1.089490,1.089700,1.088940,1.089050
2016/01/18 05:30:00,1.089300,1.089920,1.089110,1.089760,1.089050,1.089660,1.088850,1.089510
2016/01/18 06:00:00,1.089760,1.090650,1.089510,1.089530,1.089510,1.090390,1.089260,1.089300
2016/01/18 06:30:00,1.089530,1.090030,1.088860,1.089170,1.089300,1.089770,1.088600,1.088930
2016/01/18 07:00:00,1.089170,1.089180,1.087580,1.088750,1.088930,1.088930,1.087320,1.088500
2016/01/18 07:30:00,1.088750,1.089570,1.088200,1.089390,1.088500,1.089310,1.087950,1.089150
2016/01/18 08:00:00,1.089390,1.089390,1.087620,1.087770,1.089150,1.089150,1.087390,1.087520
2016/01/18 08:30:00,1.087770,1.089580,1.087770,1.089140,1.087520,1.089320,1.087520,1.088890
2016/01/18 09:00:00,1.089140,1.089890,1.088950,1.089640,1.088890,1.089640,1.088690,1.089380
2016/01/18 09:30:00,1.089640,1.091070,1.089520,1.090080,1.089380,1.090820,1.089270,1.089830
2016/01/18 10:00:00,1.090080,1.090540,1.089240,1.089290,1.089830,1.090280,1.089000,1.089020
2016/01/18 10:30:00,1.089290,1.089900,1.088740,1.089140,1.089020,1.089660,1.088480,1.088910
2016/01/18 11:00:00,1.089140,1.090040,1.089010,1.089760,1.088910,1.089820,1.088780,1.089500
2016/01/18 11:30:00,1.089760,1.090570,1.089460,1.089480,1.089500,1.090310,1.089200,1.089230
2016/01/18 12:00:00,1.089480,1.089510,1.089050,1.089400,1.089230,1.089260,1.088790,1.089140
2016/01/18 12:30:00,1.089400,1.089770,1.088680,1.089730,1.089140,1.089510,1.088440,1.089480
2016/01/18 13:00:00,1.089730,1.090000,1.089180,1.089480,1.089480,1.089760,1.088930,1.089230
2016/01/18 13:30:00,1.089480,1.089920,1.089240,1.089490,1.089230,1.089680,1.089000,1.089240
2016/01/18 14:00:00,1.089490,1.090210,1.089290,1.089860,1.089240,1.089970,1.089030,1.089600
2016/01/18 14:30:00,1.089860,1.090170,1.089370,1.089960,1.089600,1.089920,1.089130,1.089710
2016/01/18 15:00:00,1.089960,1.090090,1.089050,1.089280,1.089710,1.089870,1.088810,1.089020
2016/01/18 15:30:00,1.089280,1.089640,1.087150,1.087330,1.089020,1.089390,1.086920,1.087120
2016/01/18 16:00:00,1.087330,1.089020,1.087020,1.088560,1.087120,1.088790,1.086760,1.088310
2016/01/18 16:30:00,1.088560,1.088830,1.088220,1.088630,1.088310,1.088590,1.087990,1.088380
2016/01/18 17:00:00,1.088630,1.089200,1.088540,1.089060,1.088380,1.088950,1.088280,1.088810
2016/01/18 17:30:00,1.089060,1.089610,1.089020,1.089290,1.088810,1.089370,1.088780,1.089040
2016/01/18 18:00:00,1.089290,1.089780,1.088710,1.089700,1.089040,1.089530,1.088450,1.089440
2016/01/18 18:30:00,1.089700,1.089840,1.088860,1.089780,1.089440,1.089590,1.088610,1.089520
2016/01/18 19:00:00,1.089780,1.089990,1.089500,1.089610,1.089520,1.089720,1.089270,1.089390
2016/01/18 19:30:00,1.089610,1.089660,1.089210,1.089300,1.089390,1.089400,1.088960,1.089040
2016/01/18 20:00:00,1.089300,1.089910,1.089220,1.089890,1.089040,1.089690,1.088970,1.089680
2016/01/18 20:30:00,1.089890,1.090020,1.089820,1.089990,1.089680,1.089780,1.089580,1.089740
2016/01/18 21:00:00,1.089990,1.090070,1.089630,1.089800,1.089740,1.089820,1.089490,1.089560
2016/01/18 21:30:00,1.089800,1.089810,1.089320,1.089590,1.089560,1.089570,1.088850,1.088900
2016/01/18 22:00:00,1.089590,1.089690,1.089070,1.089160,1.088900,1.089250,1.088690,1.088930
2016/01/18 22:30:00,1.089160,1.089310,1.089110,1.089260,1.088930,1.089030,1.088840,1.089010
2016/01/18 23:00:00,1.089260,1.089590,1.088950,1.089510,1.089010,1.089320,1.088720,1.089230
2016/01/18 23:30:00,1.089510,1.089870,1.089290,1.089410,1.089230,1.089630,1.089040,1.089160
2016/01/19 00:00:00,1.089410,1.089720,1.088440,1.088650,1.089160,1.089460,1.088180,1.088400
2016/01/19 00:30:00,1.088650,1.088740,1.088230,1.088450,1.088400,1.088480,1.087980,1.088200
2016/01/19 01:00:00,1.088450,1.089060,1.088350,1.088650,1.088200,1.088820,1.088110,1.088400
2016/01/19 01:30:00,1.088650,1.089480,1.088560,1.088970,1.088400,1.089240,1.088300,1.088660
2016/01/19 02:00:00,1.088970,1.090220,1.088300,1.090220,1.088660,1.089960,1.088030,1.089960
2016/01/19 02:30:00,1.090220,1.090540,1.089690,1.089870,1.089960,1.090270,1.089440,1.089620
2016/01/19 03:00:00,1.089870,1.090640,1.089410,1.089500,1.089620,1.090390,1.089150,1.089240
2016/01/19 03:30:00,1.089500,1.089620,1.088840,1.089080,1.089240,1.089360,1.088590,1.088830
2016/01/19 04:00:00,1.089080,1.089090,1.088460,1.088950,1.088830,1.088860,1.088210,1.088700
2016/01/19 04:30:00,1.088950,1.088970,1.088500,1.088910,1.088700,1.088720,1.088240,1.088670
2016/01/19 05:00:00,1.088910,1.088970,1.088220,1.088250,1.088670,1.088710,1.087980,1.088010
2016/01/19 05:30:00,1.088250,1.088560,1.088040,1.088490,1.088010,1.088310,1.087810,1.088250
2016/01/19 06:00:00,1.088490,1.088710,1.087810,1.088020,1.088250,1.088470,1.087550,1.087780
2016/01/19 06:30:00,1.088020,1.088270,1.087320,1.087490,1.087780,1.088010,1.087080,1.087230
2016/01/19 07:00:00,1.087490,1.087490,1.086080,1.087040,1.087230,1.087230,1.085820,1.086800
2016/01/19 07:30:00,1.087040,1.087780,1.086350,1.086660,1.086800,1.087530,1.086110,1.086400
2016/01/19 08:00:00,1.086660,1.088090,1.086470,1.087730,1.086400,1.087830,1.086210,1.087500
2016/01/19 08:30:00,1.087730,1.088610,1.086680,1.088570,1.087500,1.088330,1.086430,1.088320
2016/01/19 09:00:00,1.088570,1.089030,1.087960,1.088390,1.088320,1.088790,1.087700,1.088140
2016/01/19 09:30:00,1.088390,1.088460,1.087120,1.087490,1.088140,1.088230,1.086890,1.086960
2016/01/19 10:00:00,1.087490,1.088480,1.086730,1.087430,1.086960,1.088220,1.086500,1.087190
2016/01/19 10:30:00,1.087430,1.087670,1.086930,1.087420,1.087190,1.087420,1.086680,1.087170
2016/01/19 11:00:00,1.087420,1.087450,1.086450,1.086860,1.087170,1.087200,1.086230,1.086620
2016/01/19 11:30:00,1.086860,1.087440,1.086110,1.086430,1.086620,1.087190,1.085880,1.086190
2016/01/19 12:00:00,1.086430,1.087540,1.086270,1.087290,1.086190,1.087290,1.086020,1.087030
2016/01/19 12:30:00,1.087290,1.088210,1.087120,1.087570,1.087030,1.087950,1.086880,1.087320
2016/01/19 13:00:00,1.087570,1.087600,1.086410,1.086860,1.087320,1.087340,1.086160,1.086610
2016/01/19 13:30:00,1.086860,1.087400,1.086150,1.086760,1.086610,1.087150,1.085910,1.086500
2016/01/19 14:00:00,1.086760,1.088080,1.086540,1.088010,1.086500,1.087830,1.086300,1.087760
2016/01/19 14:30:00,1.088010,1.091100,1.087600,1.089230,1.087760,1.090840,1.087350,1.088980
2016/01/19 15:00:00,1.089230,1.090570,1.089200,1.089700,1.088980,1.090310,1.088960,1.089440
2016/01/19 15:30:00,1.089700,1.090890,1.089270,1.089910,1.089440,1.090650,1.089020,1.089660
2016/01/19 16:00:00,1.089910,1.090920,1.089630,1.090190,1.089660,1.090660,1.089380,1.089940
2016/01/19 16:30:00,1.090190,1.090740,1.089430,1.090570,1.089940,1.090500,1.089180,1.090330
2016/01/19 17:00:00,1.090570,1.092470,1.090200,1.091590,1.090330,1.092220,1.089950,1.091340
2016/01/19 17:30:00,1.091590,1.093290,1.091230,1.092840,1.091340,1.093060,1.090990,1.092610
2016/01/19 18:00:00,1.092840,1.093520,1.092440,1.093360,1.092610,1.093260,1.092180,1.093100
2016/01/19 18:30:00,1.093360,1.093420,1.092490,1.092600,1.093100,1.093180,1.092250,1.092350
2016/01/19 19:00:00,1.092600,1.094040,1.092370,1.092740,1.092350,1.093780,1.092130,1.092480
2016/01/19 19:30:00,1.092740,1.093250,1.092150,1.092550,1.092480,1.093000,1.091910,1.092290
2016/01/19 20:00:00,1.092550,1.092560,1.091130,1.091220,1.092290,1.092310,1.090870,1.090970
2016/01/19 20:30:00,1.091220,1.091560,1.090650,1.091170,1.090970,1.091310,1.090400,1.090920
2016/01/19 21:00:00,1.091170,1.091830,1.091020,1.091700,1.090920,1.091570,1.090770,1.091470
2016/01/19 21:30:00,1.091700,1.091710,1.090790,1.090880,1.091470,1.091470,1.090520,1.090570
2016/01/19 22:00:00,1.090880,1.091210,1.090660,1.090940,1.090570,1.090840,1.090360,1.090620
2016/01/19 22:30:00,1.090940,1.091610,1.090800,1.091570,1.090620,1.091330,1.090500,1.091270
2016/01/19 23:00:00,1.091570,1.091590,1.090700,1.090810,1.091270,1.091300,1.090410,1.090530
2016/01/19 23:30:00,1.090810,1.091230,1.090680,1.091190,1.090530,1.090990,1.090430,1.090930
2016/01/20 00:00:00,1.091190,1.092590,1.091130,1.092290,1.090930,1.092330,1.090880,1.092040
2016/01/20 00:30:00,1.092290,1.092590,1.091840,1.092270,1.092040,1.092330,1.091580,1.092020
2016/01/20 01:00:00,1.092270,1.093280,1.091980,1.092990,1.092020,1.093030,1.091710,1.092740
2016/01/20 01:30:00,1.092990,1.093480,1.092280,1.092550,1.092740,1.093220,1.092030,1.092300
2016/01/20 02:00:00,1.092550,1.093100,1.092140,1.092980,1.092300,1.092850,1.091890,1.092720
2016/01/20 02:30:00,1.092980,1.093540,1.092770,1.093320,1.092720,1.093290,1.092530,1.093080
2016/01/20 03:00:00,1.093320,1.094570,1.093310,1.094340,1.093080,1.094330,1.093040,1.094080
2016/01/20 03:30:00,1.094340,1.095350,1.094150,1.094800,1.094080,1.095100,1.093900,1.094550
2016/01/20 04:00:00,1.094800,1.095610,1.094650,1.095120,1.094550,1.095390,1.094380,1.094860
2016/01/20 04:30:00,1.095120,1.095530,1.094950,1.095500,1.094860,1.095280,1.094700,1.095240
2016/01/20 05:00:00,1.095500,1.095720,1.095210,1.095620,1.095240,1.095490,1.094960,1.095360
2016/01/20 05:30:00,1.095620,1.096190,1.095010,1.095010,1.095360,1.095950,1.094770,1.094770
2016/01/20 06:00:00,1.095010,1.096490,1.095010,1.096180,1.094770,1.096230,1.094770,1.095970
2016/01/20 06:30:00,1.096180,1.096210,1.095210,1.095600,1.095970,1.095970,1.094960,1.095340
2016/01/20 07:00:00,1.095600,1.096300,1.095030,1.095360,1.095340,1.096070,1.094780,1.095100
2016/01/20 07:30:00,1.095360,1.095920,1.093860,1.094120,1.095100,1.095670,1.093610,1.093860
2016/01/20 08:00:00,1.094120,1.097730,1.094060,1.097590,1.093860,1.097490,1.093830,1.097350
2016/01/20 08:30:00,1.097590,1.097680,1.095290,1.096370,1.097350,1.097440,1.095030,1.096120
2016/01/20 09:00:00,1.096370,1.096710,1.092940,1.093370,1.096120,1.096450,1.092690,1.093120
2016/01/20 09:30:00,1.093370,1.093690,1.091820,1.092490,1.093120,1.093450,1.091570,1.092230
2016/01/20 10:00:00,1.092490,1.093970,1.092390,1.093470,1.092230,1.093720,1.092140,1.093220
2016/01/20 10:30:00,1.093470,1.093790,1.092470,1.092740,1.093220,1.093530,1.092230,1.092490
2016/01/20 11:00:00,1.092740,1.092870,1.090940,1.090970,1.092490,1.092610,1.090700,1.090720
2016/01/20 11:30:00,1.090970,1.091470,1.090470,1.091030,1.090720,1.091220,1.090220,1.090780
2016/01/20 12:00:00,1.091030,1.091220,1.089890,1.090340,1.090780,1.090990,1.089640,1.090090
2016/01/20 12:30:00,1.090340,1.091950,1.090140,1.091500,1.090090,1.091700,1.089890,1.091250
2016/01/20 13:00:00,1.091500,1.092040,1.089770,1.090150,1.091250,1.091790,1.089530,1.089830
2016/01/20 13:30:00,1.090150,1.092100,1.089280,1.091880,1.089830,1.091850,1.089040,1.091630
2016/01/20 14:00:00,1.091880,1.093390,1.091210,1.091450,1.091630,1.093210,1.090970,1.091180
2016/01/20 14:30:00,1.091450,1.091550,1.090080,1.091060,1.091180,1.091300,1.089820,1.090820
2016/01/20 15:00:00,1.091060,1.091900,1.089140,1.091620,1.090820,1.091650,1.088870,1.091370
2016/01/20 15:30:00,1.091620,1.092350,1.089700,1.089960,1.091370,1.092110,1.089450,1.089720
2016/01/20 16:00:00,1.089960,1.090900,1.088940,1.090610,1.089720,1.090660,1.088680,1.090360
2016/01/20 16:30:00,1.090610,1.091050,1.090050,1.090800,1.090360,1.090790,1.089800,1.090570
2016/01/20 17:00:00,1.090800,1.093290,1.090500,1.093290,1.090570,1.093040,1.090260,1.093040
2016/01/20 17:30:00,1.093290,1.093770,1.092190,1.092400,1.093040,1.093520,1.091950,1.092160
2016/01/20 18:00:00,1.092400,1.092750,1.091110,1.091550,1.092160,1.092500,1.090870,1.091290
2016/01/20 18:30:00,1.091550,1.091550,1.089820,1.090830,1.091290,1.091300,1.089560,1.090580
2016/01/20 19:00:00,1.090830,1.091410,1.089440,1.090360,1.090580,1.091160,1.089180,1.090100
2016/01/20 19:30:00,1.090360,1.090590,1.088290,1.089470,1.090100,1.090330,1.088040,1.089210
2016/01/20 20:00:00,1.089470,1.089550,1.087870,1.088060,1.089210,1.089300,1.087610,1.087820
2016/01/20 20:30:00,1.088060,1.089340,1.087980,1.089270,1.087820,1.089090,1.087740,1.089020
2016/01/20 21:00:00,1.089270,1.089680,1.088910,1.089460,1.089020,1.089430,1.088670,1.089220
2016/01/20 21:30:00,1.089460,1.089710,1.088940,1.089570,1.089220,1.089460,1.088210,1.088210
2016/01/20 22:00:00,1.089570,1.089570,1.088960,1.089000,1.088210,1.089160,1.088210,1.088740
2016/01/20 22:30:00,1.089000,1.089500,1.088930,1.089290,1.088740,1.089150,1.088700,1.088990
2016/01/20 23:00:00,1.089290,1.089640,1.088040,1.088500,1.088990,1.089380,1.087850,1.088220
2016/01/20 23:30:00,1.088500,1.088540,1.087480,1.087600,1.088220,1.088300,1.087210,1.087330
2016/01/21 00:00:00,1.087600,1.088020,1.087100,1.087310,1.087330,1.087760,1.086830,1.087060
2016/01/21 00:30:00,1.087310,1.088120,1.086790,1.087550,1.087060,1.087870,1.086560,1.087300
2016/01/21 01:00:00,1.087550,1.087940,1.087010,1.087700,1.087300,1.087690,1.086770,1.087460
2016/01/21 01:30:00,1.087700,1.088550,1.087160,1.087240,1.087460,1.088300,1.086910,1.086980
2016/01/21 02:00:00,1.087240,1.087810,1.087070,1.087380,1.086980,1.087560,1.086820,1.087130
2016/01/21 02:30:00,1.087380,1.087800,1.087180,1.087780,1.087130,1.087560,1.086950,1.087530
2016/01/21 03:00:00,1.087780,1.088010,1.087540,1.087800,1.087530,1.087770,1.087300,1.087540
2016/01/21 03:30:00,1.087800,1.088900,1.087800,1.088860,1.087540,1.088640,1.087540,1.088630
2016/01/21 04:00:00,1.088860,1.089160,1.088510,1.088600,1.088630,1.088910,1.088250,1.088340
2016/01/21 04:30:00,1.088600,1.089450,1.088450,1.089210,1.088340,1.089230,1.088210,1.088960
2016/01/21 05:00:00,1.089210,1.089690,1.088780,1.089010,1.088960,1.089440,1.088530,1.088760
2016/01/21 05:30:00,1.089010,1.090000,1.088870,1.089910,1.088760,1.089750,1.088620,1.089650
2016/01/21 06:00:00,1.089910,1.090680,1.089330,1.090200,1.089650,1.090440,1.089070,1.089930
2016/01/21 06:30:00,1.090200,1.090650,1.089830,1.090310,1.089930,1.090390,1.089570,1.090050
2016/01/21 07:00:00,1.090310,1.091930,1.090010,1.091720,1.090050,1.091680,1.089760,1.091480
2016/01/21 07:30:00,1.091720,1.092240,1.090340,1.090820,1.091480,1.091990,1.090100,1.090560
2016/01/21 08:00:00,1.090820,1.090900,1.088630,1.089500,1.090560,1.090660,1.088410,1.089250
2016/01/21 08:30:00,1.089500,1.090580,1.089400,1.090010,1.089250,1.090320,1.089150,1.089750
2016/01/21 09:00:00,1.090010,1.090450,1.089650,1.090080,1.089750,1.090200,1.089400,1.089810
2016/01/21 09:30:00,1.090080,1.090270,1.089020,1.089190,1.089810,1.090010,1.088790,1.088940
2016/01/21 10:00:00,1.089190,1.090060,1.089010,1.089310,1.088940,1.089820,1.088750,1.089050
2016/01/21 10:30:00,1.089310,1.089960,1.088770,1.089240,1.089050,1.089700,1.088520,1.089000
2016/01/21 11:00:00,1.089240,1.090550,1.089240,1.090490,1.089000,1.090300,1.089000,1.090250
2016/01/21 11:30:00,1.090490,1.091450,1.090180,1.090650,1.090250,1.091190,1.089930,1.090410
2016/01/21 12:00:00,1.090650,1.090900,1.089750,1.089880,1.090410,1.090660,1.089480,1.089630
2016/01/21 12:30:00,1.089880,1.091730,1.089310,1.090200,1.089630,1.091460,1.088680,1.089950
2016/01/21 13:00:00,1.090200,1.090760,1.088680,1.089000,1.089950,1.090510,1.088450,1.088640
2016/01/21 13:30:00,1.089000,1.092340,1.077910,1.079270,1.088640,1.092060,1.077640,1.079010
2016/01/21 14:00:00,1.079270,1.082800,1.078090,1.082700,1.079010,1.082540,1.077830,1.082440
2016/01/21 14:30:00,1.082700,1.084740,1.082060,1.083740,1.082440,1.084480,1.081810,1.083480
2016/01/21 15:00:00,1.083740,1.083850,1.081050,1.081810,1.083480,1.083600,1.080790,1.081560
2016/01/21 15:30:00,1.081810,1.083270,1.080730,1.082670,1.081560,1.083010,1.080490,1.082440
2016/01/21 16:00:00,1.082670,1.084040,1.081630,1.083060,1.082440,1.083800,1.081390,1.082820
2016/01/21 16:30:00,1.083060,1.083750,1.082550,1.083390,1.082820,1.083490,1.082310,1.083140
2016/01/21 17:00:00,1.083390,1.084600,1.082840,1.083350,1.083140,1.084350,1.082580,1.083110
2016/01/21 17:30:00,1.083350,1.084880,1.082930,1.084550,1.083110,1.084640,1.082690,1.084300
2016/01/21 18:00:00,1.084550,1.084760,1.083470,1.084670,1.084300,1.084520,1.083230,1.084410
2016/01/21 18:30:00,1.084670,1.090220,1.084440,1.088470,1.084410,1.089970,1.084190,1.088230
2016/01/21 19:00:00,1.088470,1.089500,1.088160,1.088430,1.088230,1.089260,1.087890,1.088190
2016/01/21 19:30:00,1.088430,1.088830,1.087640,1.087890,1.088190,1.088570,1.087380,1.087650
2016/01/21 20:00:00,1.087890,1.088690,1.087610,1.088660,1.087650,1.088430,1.087360,1.088410
2016/01/21 20:30:00,1.088660,1.089350,1.087930,1.088960,1.088410,1.089090,1.087670,1.088700
2016/01/21 21:00:00,1.088960,1.089070,1.087620,1.087870,1.088700,1.088800,1.087360,1.087620
2016/01/21 21:30:00,1.087870,1.088170,1.087540,1.087540,1.087620,1.087910,1.087080,1.087120
2016/01/21 22:00:00,1.087540,1.087650,1.087160,1.087180,1.087120,1.087350,1.086830,1.086890
2016/01/21 22:30:00,1.087180,1.087360,1.086670,1.087240,1.086890,1.087100,1.086400,1.087000
2016/01/21 23:00:00,1.087240,1.087800,1.086870,1.086890,1.087000,1.087550,1.086610,1.086640
2016/01/21 23:30:00,1.086890,1.087000,1.085810,1.085950,1.086640,1.086750,1.085600,1.085700
2016/01/22 00:00:00,1.085950,1.086140,1.085090,1.085110,1.085700,1.085880,1.084850,1.084860
2016/01/22 00:30:00,1.085110,1.085570,1.084360,1.085510,1.084860,1.085300,1.084130,1.085260
2016/01/22 01:00:00,1.085510,1.085510,1.084140,1.084450,1.085260,1.085260,1.083880,1.084210
2016/01/22 01:30:00,1.084450,1.085460,1.084290,1.085300,1.084210,1.085190,1.084030,1.085050
2016/01/22 02:00:00,1.085300,1.085320,1.083140,1.083560,1.085050,1.085070,1.082860,1.083320
2016/01/22 02:30:00,1.083560,1.084180,1.083310,1.084120,1.083320,1.083940,1.083070,1.083870
2016/01/22 03:00:00,1.084120,1.084790,1.083860,1.084680,1.083870,1.084540,1.083600,1.084430
2016/01/22 03:30:00,1.084680,1.084820,1.084210,1.084240,1.084430,1.084560,1.083960,1.083990
2016/01/22 04:00:00,1.084240,1.084250,1.083690,1.083820,1.083990,1.083990,1.083420,1.083570
2016/01/22 04:30:00,1.083820,1.083870,1.083360,1.083550,1.083570,1.083620,1.083120,1.083300
2016/01/22 05:00:00,1.083550,1.083760,1.083140,1.083550,1.083300,1.083510,1.082890,1.083290
2016/01/22 05:30:00,1.083550,1.083690,1.082870,1.083260,1.083290,1.083430,1.082610,1.083000
2016/01/22 06:00:00,1.083260,1.083740,1.082940,1.083310,1.083000,1.083480,1.082700,1.083060
2016/01/22 06:30:00,1.083310,1.084420,1.083240,1.083360,1.083060,1.084150,1.083000,1.083110
2016/01/22 07:00:00,1.083360,1.083360,1.081610,1.081950,1.083110,1.083110,1.081370,1.081690
2016/01/22 07:30:00,1.081950,1.083380,1.081440,1.083270,1.081690,1.083130,1.081190,1.083010
2016/01/22 08:00:00,1.083270,1.084190,1.082800,1.083510,1.083010,1.083940,1.082540,1.083050
2016/01/22 08:30:00,1.083510,1.085010,1.083310,1.084280,1.083050,1.084750,1.082920,1.084020
2016/01/22 09:00:00,1.084280,1.086440,1.084210,1.084720,1.084020,1.086180,1.083950,1.084470
2016/01/22 09:30:00,1.084720,1.085340,1.083570,1.083730,1.084470,1.085090,1.083320,1.083470
2016/01/22 10:00:00,1.083730,1.084670,1.083470,1.084290,1.083470,1.084430,1.083220,1.084030
2016/01/22 10:30:00,1.084290,1.084560,1.083730,1.084450,1.084030,1.084320,1.083490,1.084190
2016/01/22 11:00:00,1.084450,1.084460,1.082940,1.082940,1.084190,1.084210,1.082690,1.082690
2016/01/22 11:30:00,1.082940,1.083530,1.082580,1.083260,1.082690,1.083280,1.082330,1.083000
2016/01/22 12:00:00,1.083260,1.083550,1.081570,1.081720,1.083000,1.083300,1.081340,1.081470
2016/01/22 12:30:00,1.081720,1.082280,1.081560,1.081950,1.081470,1.082030,1.081330,1.081700
2016/01/22 13:00:00,1.081950,1.082180,1.080570,1.081220,1.081700,1.081940,1.080350,1.080980
2016/01/22 13:30:00,1.081220,1.081610,1.079560,1.081600,1.080980,1.081360,1.079310,1.081330
2016/01/22 14:00:00,1.081600,1.082270,1.080460,1.081570,1.081330,1.082010,1.080250,1.081310
2016/01/22 14:30:00,1.081570,1.082670,1.080550,1.082000,1.081310,1.082390,1.080290,1.081690
2016/01/22 15:00:00,1.082000,1.082530,1.080550,1.081270,1.081690,1.082320,1.080300,1.081020
2016/01/22 15:30:00,1.081270,1.083930,1.081150,1.082530,1.081020,1.083660,1.080900,1.082280
2016/01/22 16:00:00,1.082530,1.083430,1.080770,1.080870,1.082280,1.083190,1.080530,1.080620
2016/01/22 16:30:00,1.080870,1.082130,1.080700,1.081440,1.080620,1.081880,1.080470,1.081200
2016/01/22 17:00:00,1.081440,1.081930,1.080790,1.080970,1.081200,1.081680,1.080530,1.080720
2016/01/22 17:30:00,1.080970,1.081670,1.080890,1.081400,1.080720,1.081410,1.080640,1.081140
2016/01/22 18:00:00,1.081400,1.081600,1.079800,1.080310,1.081140,1.081340,1.079550,1.080070
2016/01/22 18:30:00,1.080310,1.080380,1.079410,1.079840,1.080070,1.080170,1.079190,1.079590
2016/01/22 19:00:00,1.079840,1.079990,1.079410,1.079690,1.079590,1.079740,1.079190,1.079460
2016/01/22 19:30:00,1.079690,1.079830,1.079030,1.079170,1.079460,1.079580,1.078800,1.078920
2016/01/22 20:00:00,1.079170,1.079950,1.079090,1.079350,1.078920,1.079700,1.078840,1.079110
2016/01/22 20:30:00,1.079350,1.079820,1.079040,1.079820,1.079110,1.079560,1.078830,1.079560
2016/01/22 21:00:00,1.079820,1.080300,1.079570,1.080220,1.079560,1.080050,1.079330,1.079950
2016/01/22 21:30:00,1.080220,1.080600,1.079560,1.080600,1.079950,1.079970,1.079110,1.079130
2016/01/24 21:00:00,1.080600,1.080780,1.079710,1.079850,1.079130,1.079690,1.079110,1.079480
2016/01/24 21:30:00,1.079850,1.080720,1.079090,1.079620,1.079480,1.079840,1.078750,1.079000
2016/01/24 22:00:00,1.079620,1.079820,1.079080,1.079530,1.079000,1.079460,1.078170,1.079170
2016/01/24 22:30:00,1.079530,1.079890,1.079460,1.079470,1.079170,1.079590,1.079110,1.079150
2016/01/24 23:00:00,1.079470,1.079610,1.079070,1.079420,1.079150,1.079320,1.078840,1.079140
2016/01/24 23:30:00,1.079420,1.079910,1.079240,1.079820,1.079140,1.079650,1.079000,1.079570
2016/01/25 00:00:00,1.079820,1.080340,1.079110,1.079310,1.079570,1.080070,1.078850,1.079050
2016/01/25 00:30:00,1.079310,1.080100,1.079310,1.079750,1.079050,1.079840,1.079050,1.079500
2016/01/25 01:00:00,1.079750,1.080500,1.079510,1.080460,1.079500,1.080260,1.079270,1.080200
2016/01/25 01:30:00,1.080460,1.081600,1.080380,1.080560,1.080200,1.081360,1.080130,1.080310
2016/01/25 02:00:00,1.080560,1.080890,1.080030,1.080480,1.080310,1.080630,1.079770,1.080240
2016/01/25 02:30:00,1.080480,1.081500,1.080370,1.081160,1.080240,1.081260,1.080100,1.080910
2016/01/25 03:00:00,1.081160,1.081600,1.080970,1.081300,1.080910,1.081360,1.080720,1.081040
2016/01/25 03:30:00,1.081300,1.081820,1.081210,1.081440,1.081040,1.081590,1.080960,1.081210
2016/01/25 04:00:00,1.081440,1.081740,1.081140,1.081330,1.081210,1.081500,1.080890,1.081080
2016/01/25 04:30:00,1.081330,1.081440,1.081080,1.081250,1.081080,1.081190,1.080850,1.081010
2016/01/25 05:00:00,1.081250,1.081730,1.081210,1.081570,1.081010,1.081460,1.080960,1.081340
2016/01/25 05:30:00,1.081570,1.082050,1.081510,1.081860,1.081340,1.081810,1.081260,1.081610
2016/01/25 06:00:00,1.081860,1.081990,1.081270,1.081450,1.081610,1.081740,1.081020,1.081190
2016/01/25 06:30:00,1.081450,1.081540,1.080720,1.080810,1.081190,1.081280,1.080470,1.080550
2016/01/25 07:00:00,1.080810,1.081960,1.080770,1.081680,1.080550,1.081730,1.080550,1.081420
2016/01/25 07:30:00,1.081680,1.082420,1.081450,1.081560,1.081420,1.082180,1.081210,1.081320
2016/01/25 08:00:00,1.081560,1.083090,1.081530,1.082720,1.081320,1.082840,1.081290,1.082480
2016/01/25 08:30:00,1.082720,1.083680,1.082470,1.082880,1.082480,1.083420,1.082210,1.082550
2016/01/25 09:00:00,1.082880,1.083400,1.082210,1.082840,1.082550,1.083150,1.081960,1.082610
2016/01/25 09:30:00,1.082840,1.082940,1.081600,1.081710,1.082610,1.082690,1.081360,1.081440
2016/01/25 10:00:00,1.081710,1.082560,1.081480,1.081690,1.081440,1.082300,1.081220,1.081450
2016/01/25 10:30:00,1.081690,1.082550,1.081590,1.081640,1.081450,1.082310,1.081340,1.081390
2016/01/25 11:00:00,1.081640,1.082150,1.081530,1.081770,1.081390,1.081930,1.081290,1.081530
2016/01/25 11:30:00,1.081770,1.082640,1.081570,1.081930,1.081530,1.082410,1.081330,1.081690
2016/01/25 12:00:00,1.081930,1.082070,1.081140,1.081270,1.081690,1.081840,1.080890,1.081040
2016/01/25 12:30:00,1.081270,1.081950,1.080990,1.081930,1.081040,1.081720,1.080750,1.081680
2016/01/25 13:00:00,1.081930,1.082870,1.081550,1.082670,1.081680,1.082630,1.081320,1.082420
2016/01/25 13:30:00,1.082670,1.083890,1.082670,1.083470,1.082420,1.083650,1.082420,1.083230
2016/01/25 14:00:00,1.083470,1.084390,1.083010,1.083230,1.083230,1.084150,1.082760,1.083000
2016/01/25 14:30:00,1.083230,1.084680,1.083230,1.083970,1.083000,1.084420,1.082990,1.083760
2016/01/25 15:00:00,1.083970,1.084430,1.083150,1.083600,1.083760,1.084190,1.082900,1.083340
2016/01/25 15:30:00,1.083600,1.083830,1.082940,1.083520,1.083340,1.083580,1.082700,1.083290
2016/01/25 16:00:00,1.083520,1.083820,1.082680,1.082970,1.083290,1.083600,1.082430,1.082730
2016/01/25 16:30:00,1.082970,1.083340,1.082640,1.083190,1.082730,1.083090,1.082390,1.082940
2016/01/25 17:00:00,1.083190,1.083730,1.082670,1.082720,1.082940,1.083480,1.082430,1.082470
2016/01/25 17:30:00,1.082720,1.083340,1.082500,1.083200,1.082470,1.083090,1.082250,1.082940
2016/01/25 18:00:00,1.083200,1.083700,1.082610,1.083600,1.082940,1.083480,1.082360,1.083350
2016/01/25 18:30:00,1.083600,1.084310,1.083380,1.084280,1.083350,1.084070,1.083120,1.084030
2016/01/25 19:00:00,1.084280,1.084280,1.083790,1.083790,1.084030,1.084040,1.083550,1.083550
2016/01/25 19:30:00,1.083790,1.083940,1.083580,1.083780,1.083550,1.083700,1.083330,1.083540
2016/01/25 20:00:00,1.083780,1.085120,1.083750,1.085110,1.083540,1.084870,1.083530,1.084860
2016/01/25 20:30:00,1.085110,1.085800,1.085040,1.085560,1.084860,1.085540,1.084800,1.085320
2016/01/25 21:00:00,1.085560,1.085820,1.084750,1.085190,1.085320,1.085570,1.084500,1.084940
2016/01/25 21:30:00,1.085190,1.086100,1.084980,1.085100,1.084940,1.085050,1.084580,1.084810
2016/01/25 22:00:00,1.085100,1.085250,1.084890,1.085010,1.084810,1.084980,1.084610,1.084670
2016/01/25 22:30:00,1.085010,1.085260,1.084870,1.085140,1.084670,1.084960,1.084590,1.084860
2016/01/25 23:00:00,1.085140,1.085370,1.085050,1.085270,1.084860,1.085120,1.084790,1.085020
2016/01/25 23:30:00,1.085270,1.085390,1.084760,1.085380,1.085020,1.085140,1.084490,1.085130
2016/01/26 00:00:00,1.085380,1.085640,1.085000,1.085130,1.085130,1.085390,1.084750,1.084880
2016/01/26 00:30:00,1.085130,1.085200,1.084520,1.084710,1.084880,1.084940,1.084270,1.084440
2016/01/26 01:00:00,1.084710,1.086080,1.084690,1.085190,1.084440,1.085830,1.084440,1.084920
2016/01/26 01:30:00,1.085190,1.085950,1.084890,1.085140,1.084920,1.085700,1.084640,1.084900
2016/01/26 02:00:00,1.085140,1.085490,1.085100,1.085390,1.084900,1.085240,1.084840,1.085140
2016/01/26 02:30:00,1.085390,1.085890,1.084950,1.085010,1.085140,1.085640,1.084680,1.084770
2016/01/26 03:00:00,1.085010,1.085180,1.084360,1.085060,1.084770,1.084920,1.084090,1.084810
2016/01/26 03:30:00,1.085060,1.085430,1.084530,1.084690,1.084810,1.085170,1.084280,1.084440
2016/01/26 04:00:00,1.084690,1.085260,1.084330,1.084790,1.084440,1.085040,1.084050,1.084540
2016/01/26 04:30:00,1.084790,1.085270,1.084770,1.085260,1.084540,1.085030,1.084520,1.085020
2016/01/26 05:00:00,1.085260,1.085510,1.084800,1.084870,1.085020,1.085260,1.084550,1.084620
2016/01/26 05:30:00,1.084870,1.085070,1.084240,1.084760,1.084620,1.084820,1.083990,1.084500
2016/01/26 06:00:00,1.084760,1.085740,1.084470,1.085470,1.084500,1.085490,1.084200,1.085200
2016/01/26 06:30:00,1.085470,1.086110,1.085370,1.085740,1.085200,1.085860,1.085100,1.085480
2016/01/26 07:00:00,1.085740,1.087110,1.084960,1.086940,1.085480,1.086850,1.084700,1.086700
2016/01/26 07:30:00,1.086940,1.087580,1.086600,1.086770,1.086700,1.087330,1.086350,1.086520
2016/01/26 08:00:00,1.086770,1.086970,1.085800,1.086330,1.086520,1.086720,1.085560,1.086070
2016/01/26 08:30:00,1.086330,1.086540,1.084550,1.084660,1.086070,1.086300,1.084310,1.084410
2016/01/26 09:00:00,1.084660,1.085560,1.083550,1.084390,1.084410,1.085310,1.083310,1.084140
2016/01/26 09:30:00,1.084390,1.084670,1.083750,1.083890,1.084140,1.084420,1.083500,1.083650
2016/01/26 10:00:00,1.083890,1.084360,1.083470,1.083910,1.083650,1.084150,1.083220,1.083670
2016/01/26 10:30:00,1.083910,1.084190,1.082700,1.082860,1.083670,1.083950,1.082440,1.082610
2016/01/26 11:00:00,1.082860,1.083620,1.082720,1.083560,1.082610,1.083370,1.082470,1.083300
2016/01/26 11:30:00,1.083560,1.083570,1.082000,1.082540,1.083300,1.083320,1.081760,1.082300
2016/01/26 12:00:00,1.082540,1.083410,1.082340,1.083380,1.082300,1.083200,1.082100,1.083140
2016/01/26 12:30:00,1.083380,1.083550,1.082420,1.082650,1.083140,1.083310,1.082170,1.082410
2016/01/26 13:00:00,1.082650,1.084360,1.082640,1.083750,1.082410,1.084110,1.082380,1.083500
2016/01/26 13:30:00,1.083750,1.083810,1.082720,1.082760,1.083500,1.083580,1.082480,1.082500
2016/01/26 14:00:00,1.082760,1.083680,1.082360,1.083660,1.082500,1.083440,1.082180,1.083420
2016/01/26 14:30:00,1.083660,1.084140,1.082830,1.083740,1.083420,1.083900,1.082570,1.083430
2016/01/26 15:00:00,1.083740,1.084140,1.083140,1.083750,1.083430,1.083900,1.082880,1.083490
2016/01/26 15:30:00,1.083750,1.085100,1.083690,1.085000,1.083490,1.084860,1.083440,1.084760
2016/01/26 16:00:00,1.085000,1.085300,1.083890,1.085230,1.084760,1.085040,1.083640,1.084990
2016/01/26 16:30:00,1.085230,1.085810,1.084190,1.084610,1.084990,1.085560,1.083940,1.084360
2016/01/26 17:00:00,1.084610,1.085170,1.083900,1.084020,1.084360,1.084920,1.083660,1.083780
2016/01/26 17:30:00,1.084020,1.084630,1.083790,1.084510,1.083780,1.084380,1.083570,1.084270
2016/01/26 18:00:00,1.084510,1.085070,1.084060,1.084640,1.084270,1.084820,1.083810,1.084380
2016/01/26 18:30:00,1.084640,1.084720,1.084110,1.084110,1.084380,1.084470,1.083860,1.083860
2016/01/26 19:00:00,1.084110,1.085170,1.084010,1.085070,1.083860,1.084920,1.083760,1.084820
2016/01/26 19:30:00,1.085070,1.085480,1.084900,1.085360,1.084820,1.085240,1.084650,1.085130
2016/01/26 20:00:00,1.085360,1.086250,1.085240,1.086040,1.085130,1.086010,1.085000,1.085790
2016/01/26 20:30:00,1.086040,1.086170,1.085680,1.086050,1.085790,1.085910,1.085440,1.085800
2016/01/26 21:00:00,1.086050,1.086090,1.085300,1.085850,1.085800,1.085840,1.085070,1.085600
2016/01/26 21:30:00,1.085850,1.087280,1.085790,1.087280,1.085600,1.086920,1.085520,1.086700
2016/01/26 22:00:00,1.087280,1.087430,1.086390,1.086790,1.086700,1.086830,1.086140,1.086470
2016/01/26 22:30:00,1.086790,1.086830,1.086220,1.086730,1.086470,1.086530,1.085900,1.086450
2016/01/26 23:00:00,1.086730,1.087260,1.086730,1.086840,1.086450,1.086980,1.086450,1.086580
2016/01/26 23:30:00,1.086840,1.086860,1.086230,1.086320,1.086580,1.086600,1.085980,1.086060
2016/01/27 00:00:00,1.086320,1.086760,1.086130,1.086610,1.086060,1.086510,1.085880,1.086350
2016/01/27 00:30:00,1.086610,1.086610,1.085470,1.085510,1.086350,1.086360,1.085210,1.085250
2016/01/27 01:00:00,1.085510,1.086150,1.085210,1.086140,1.085250,1.085900,1.084950,1.085900
2016/01/27 01:30:00,1.086140,1.086360,1.085480,1.085770,1.085900,1.086110,1.085220,1.085520
2016/01/27 02:00:00,1.085770,1.086230,1.085770,1.086230,1.085520,1.085980,1.085510,1.085970
2016/01/27 02:30:00,1.086230,1.086660,1.086090,1.086520,1.085970,1.086410,1.085830,1.086270
2016/01/27 03:00:00,1.086520,1.086700,1.086290,1.086590,1.086270,1.086450,1.086030,1.086330
2016/01/27 03:30:00,1.086590,1.087160,1.086590,1.086950,1.086330,1.086910,1.086330,1.086690
2016/01/27 04:00:00,1.086950,1.086950,1.086440,1.086550,1.086690,1.086690,1.086210,1.086290
2016/01/27 04:30:00,1.086550,1.086560,1.085960,1.086160,1.086290,1.086310,1.085700,1.085900
2016/01/27 05:00:00,1.086160,1.086600,1.085750,1.085850,1.085900,1.086350,1.085490,1.085600
2016/01/27 05:30:00,1.085850,1.086300,1.085610,1.086150,1.085600,1.086050,1.085350,1.085900
2016/01/27 06:00:00,1.086150,1.086510,1.085610,1.085960,1.085900,1.086270,1.085350,1.085710
2016/01/27 06:30:00,1.085960,1.086460,1.085620,1.085730,1.085710,1.086210,1.085400,1.085460
2016/01/27 07:00:00,1.085730,1.088410,1.085700,1.087800,1.085460,1.088110,1.085440,1.087520
2016/01/27 07:30:00,1.087800,1.087910,1.086530,1.087170,1.087520,1.087670,1.086280,1.086900
2016/01/27 08:00:00,1.087170,1.087440,1.085680,1.085770,1.086900,1.087200,1.085440,1.085530
2016/01/27 08:30:00,1.085770,1.086880,1.085390,1.086830,1.085530,1.086640,1.085150,1.086590
2016/01/27 09:00:00,1.086830,1.087750,1.086790,1.087570,1.086590,1.087500,1.086540,1.087330
2016/01/27 09:30:00,1.087570,1.087680,1.086770,1.087390,1.087330,1.087440,1.086510,1.087150
2016/01/27 10:00:00,1.087390,1.088040,1.086760,1.086840,1.087150,1.087810,1.086500,1.086590
2016/01/27 10:30:00,1.086840,1.087960,1.086830,1.087080,1.086590,1.087710,1.086580,1.086830
2016/01/27 11:00:00,1.087080,1.087410,1.086880,1.087200,1.086830,1.087160,1.086630,1.086960
2016/01/27 11:30:00,1.087200,1.087690,1.087130,1.087660,1.086960,1.087430,1.086880,1.087390
2016/01/27 12:00:00,1.087660,1.088000,1.087070,1.087180,1.087390,1.087770,1.086830,1.086950
2016/01/27 12:30:00,1.087180,1.089460,1.086820,1.088980,1.086950,1.089210,1.086570,1.088730
2016/01/27 13:00:00,1.088980,1.091130,1.088660,1.090880,1.088730,1.090870,1.088410,1.090640
2016/01/27 13:30:00,1.090880,1.091330,1.089390,1.089680,1.090640,1.091100,1.089160,1.089430
2016/01/27 14:00:00,1.089680,1.090110,1.087890,1.088090,1.089430,1.089850,1.087680,1.087840
2016/01/27 14:30:00,1.088090,1.089390,1.087880,1.088980,1.087840,1.089130,1.087630,1.088670
2016/01/27 15:00:00,1.088980,1.089020,1.086950,1.087610,1.088670,1.088670,1.086710,1.087360
2016/01/27 15:30:00,1.087610,1.087760,1.086530,1.087080,1.087360,1.087500,1.086280,1.086830
2016/01/27 16:00:00,1.087080,1.087640,1.086570,1.086920,1.086830,1.087430,1.086320,1.086660
2016/01/27 16:30:00,1.086920,1.087860,1.086810,1.086870,1.086660,1.087610,1.086580,1.086610
2016/01/27 17:00:00,1.086870,1.087300,1.086440,1.086480,1.086610,1.087050,1.086190,1.086240
2016/01/27 17:30:00,1.086480,1.087480,1.086340,1.087270,1.086240,1.087250,1.086100,1.087010
2016/01/27 18:00:00,1.087270,1.088050,1.087160,1.088040,1.087010,1.087810,1.086920,1.087800
2016/01/27 18:30:00,1.088040,1.088200,1.086970,1.087410,1.087800,1.087950,1.086710,1.086920
2016/01/27 19:00:00,1.087410,1.091480,1.086190,1.089170,1.086920,1.091290,1.085900,1.088910
2016/01/27 19:30:00,1.089170,1.091120,1.088840,1.090670,1.088910,1.090860,1.088590,1.090400
2016/01/27 20:00:00,1.090670,1.091780,1.089650,1.090300,1.090400,1.091540,1.089370,1.090040
2016/01/27 20:30:00,1.090300,1.090480,1.089270,1.089360,1.090040,1.090220,1.089010,1.089130
2016/01/27 21:00:00,1.089360,1.089910,1.088680,1.089380,1.089130,1.089660,1.088430,1.089140
2016/01/27 21:30:00,1.089380,1.089560,1.089180,1.089400,1.089140,1.089300,1.088910,1.089150
2016/01/27 22:00:00,1.089400,1.090060,1.089200,1.090030,1.089150,1.089780,1.088960,1.089730
2016/01/27 22:30:00,1.090030,1.090640,1.089710,1.090450,1.089730,1.090340,1.089410,1.090160
2016/01/27 23:00:00,1.090450,1.090470,1.089900,1.090360,1.090160,1.090180,1.089620,1.090100
2016/01/27 23:30:00,1.090360,1.090680,1.090170,1.090360,1.090100,1.090460,1.089910,1.090100
2016/01/28 00:00:00,1.090360,1.090870,1.090250,1.090410,1.090100,1.090600,1.089990,1.090150
2016/01/28 00:30:00,1.090410,1.090550,1.089550,1.089710,1.090150,1.090290,1.089310,1.089460
2016/01/28 01:00:00,1.089710,1.089730,1.088780,1.089350,1.089460,1.089480,1.088520,1.089090
2016/01/28 01:30:00,1.089350,1.089520,1.088670,1.088940,1.089090,1.089260,1.088410,1.088670
2016/01/28 02:00:00,1.088940,1.089410,1.088540,1.089390,1.088670,1.089160,1.088290,1.089140
2016/01/28 02:30:00,1.089390,1.089590,1.089100,1.089240,1.089140,1.089340,1.088850,1.088990
2016/01/28 03:00:00,1.089240,1.089570,1.089040,1.089140,1.088990,1.089320,1.088800,1.088880
2016/01/28 03:30:00,1.089140,1.089830,1.089110,1.089630,1.088880,1.089590,1.088870,1.089380
2016/01/28 04:00:00,1.089630,1.089720,1.089100,1.089390,1.089380,1.089480,1.088860,1.089140
2016/01/28 04:30:00,1.089390,1.089420,1.088450,1.088560,1.089140,1.089170,1.088200,1.088300
2016/01/28 05:00:00,1.088560,1.088640,1.088150,1.088450,1.088300,1.088390,1.087890,1.088190
2016/01/28 05:30:00,1.088450,1.088660,1.088330,1.088590,1.088190,1.088410,1.088080,1.088330
2016/01/28 06:00:00,1.088590,1.088760,1.087440,1.087670,1.088330,1.088520,1.087200,1.087420
2016/01/28 06:30:00,1.087670,1.088280,1.087430,1.087510,1.087420,1.088030,1.087190,1.087270
2016/01/28 07:00:00,1.087510,1.088040,1.087110,1.087960,1.087270,1.087800,1.086850,1.087720
2016/01/28 07:30:00,1.087960,1.088020,1.087100,1.087730,1.087720,1.087770,1.086850,1.087480
2016/01/28 08:00:00,1.087730,1.088240,1.087480,1.088130,1.087480,1.088000,1.087240,1.087870
2016/01/28 08:30:00,1.088130,1.090770,1.087990,1.090400,1.087870,1.090520,1.087740,1.090160
2016/01/28 09:00:00,1.090400,1.092810,1.090280,1.092010,1.090160,1.092560,1.090020,1.091740
2016/01/28 09:30:00,1.092010,1.092050,1.090900,1.090970,1.091740,1.091820,1.090650,1.090720
2016/01/28 10:00:00,1.090970,1.091440,1.090400,1.090500,1.090720,1.091220,1.090170,1.090250
2016/01/28 10:30:00,1.090500,1.090770,1.089500,1.090730,1.090250,1.090510,1.089260,1.090470
2016/01/28 11:00:00,1.090730,1.091630,1.090630,1.090980,1.090470,1.091430,1.090370,1.090720
2016/01/28 11:30:00,1.090980,1.092140,1.090720,1.091710,1.090720,1.091900,1.090470,1.091460
2016/01/28 12:00:00,1.091710,1.092170,1.090360,1.090530,1.091460,1.091930,1.090120,1.090280
2016/01/28 12:30:00,1.090530,1.091150,1.090290,1.090570,1.090280,1.090900,1.090050,1.090330
2016/01/28 13:00:00,1.090570,1.091400,1.089300,1.091360,1.090330,1.091160,1.089090,1.090900
2016/01/28 13:30:00,1.091360,1.093490,1.091360,1.092000,1.090900,1.093240,1.090900,1.091750
2016/01/28 14:00:00,1.092000,1.092720,1.090560,1.092030,1.091750,1.092460,1.090300,1.091780
2016/01/28 14:30:00,1.092030,1.092860,1.091300,1.092400,1.091780,1.092610,1.091050,1.092130
2016/01/28 15:00:00,1.092400,1.094450,1.091850,1.094170,1.092130,1.094200,1.091600,1.093920
2016/01/28 15:30:00,1.094170,1.094550,1.093440,1.094110,1.093920,1.094310,1.093200,1.093860
2016/01/28 16:00:00,1.094110,1.095300,1.093750,1.095270,1.093860,1.095060,1.093500,1.095010
2016/01/28 16:30:00,1.095270,1.095770,1.094720,1.095350,1.095010,1.095520,1.094480,1.095100
2016/01/28 17:00:00,1.095350,1.095890,1.094890,1.095240,1.095100,1.095670,1.094640,1.095000
2016/01/28 17:30:00,1.095240,1.095400,1.094640,1.094660,1.095000,1.095150,1.094390,1.094420
2016/01/28 18:00:00,1.094660,1.096900,1.094480,1.096330,1.094420,1.096650,1.094240,1.096090
2016/01/28 18:30:00,1.096330,1.096660,1.095920,1.096530,1.096090,1.096410,1.095680,1.096290
2016/01/28 19:00:00,1.096530,1.096640,1.095850,1.095930,1.096290,1.096410,1.095590,1.095670
2016/01/28 19:30:00,1.095930,1.096120,1.095540,1.095790,1.095670,1.095880,1.095310,1.095560
2016/01/28 20:00:00,1.095790,1.095840,1.094740,1.095120,1.095560,1.095600,1.094480,1.094870
2016/01/28 20:30:00,1.095120,1.095210,1.094140,1.094240,1.094870,1.094980,1.093900,1.093990
2016/01/28 21:00:00,1.094240,1.094710,1.093880,1.093900,1.093990,1.094460,1.093630,1.093660
2016/01/28 21:30:00,1.093900,1.094600,1.093900,1.094270,1.093660,1.094110,1.093630,1.093840
2016/01/28 22:00:00,1.094270,1.094650,1.093840,1.094160,1.093840,1.093990,1.093550,1.093910
2016/01/28 22:30:00,1.094160,1.094300,1.093930,1.093970,1.093910,1.094050,1.093650,1.093710
2016/01/28 23:00:00,1.093970,1.094330,1.093960,1.094270,1.093710,1.094070,1.093700,1.094010
2016/01/28 23:30:00,1.094270,1.094280,1.093380,1.093680,1.094010,1.094010,1.093110,1.093420
2016/01/29 00:00:00,1.093680,1.093890,1.093060,1.093330,1.093420,1.093630,1.092810,1.093080
2016/01/29 00:30:00,1.093330,1.093730,1.093010,1.093110,1.093080,1.093480,1.092750,1.092860
2016/01/29 01:00:00,1.093110,1.093890,1.092960,1.093790,1.092860,1.093630,1.092710,1.093540
2016/01/29 01:30:00,1.093790,1.094150,1.093250,1.093770,1.093540,1.093900,1.093000,1.093510
2016/01/29 02:00:00,1.093770,1.094000,1.093520,1.093600,1.093510,1.093760,1.093260,1.093350
2016/01/29 02:30:00,1.093600,1.093850,1.093160,1.093270,1.093350,1.093590,1.092910,1.093000
2016/01/29 03:00:00,1.093270,1.093780,1.092390,1.092810,1.093000,1.093460,1.092100,1.092550
2016/01/29 03:30:00,1.092810,1.093530,1.088440,1.093270,1.092550,1.093230,1.088160,1.093000
2016/01/29 04:00:00,1.093270,1.095010,1.092160,1.094110,1.093000,1.094730,1.091890,1.093840
2016/01/29 04:30:00,1.094110,1.094180,1.092430,1.093010,1.093840,1.093910,1.092170,1.092750
2016/01/29 05:00:00,1.093010,1.093010,1.091450,1.092130,1.092750,1.092750,1.091190,1.091880
2016/01/29 05:30:00,1.092130,1.092170,1.090840,1.091390,1.091880,1.091920,1.090590,1.091130
2016/01/29 06:00:00,1.091390,1.091870,1.090420,1.091200,1.091130,1.091630,1.090170,1.090950
2016/01/29 06:30:00,1.091200,1.091370,1.089940,1.090610,1.090950,1.091120,1.089690,1.090350
2016/01/29 07:00:00,1.090610,1.090650,1.088820,1.089480,1.090350,1.090410,1.088570,1.089220
2016/01/29 07:30:00,1.089480,1.090900,1.089400,1.089910,1.089220,1.090630,1.089180,1.089670
2016/01/29 08:00:00,1.089910,1.090190,1.088640,1.089550,1.089670,1.089930,1.088390,1.089300
2016/01/29 08:30:00,1.089550,1.090810,1.089390,1.089480,1.089300,1.090560,1.089150,1.089230
2016/01/29 09:00:00,1.089480,1.090570,1.089320,1.089860,1.089230,1.090310,1.089080,1.089610
2016/01/29 09:30:00,1.089860,1.090680,1.089120,1.090490,1.089610,1.090430,1.088870,1.090180
2016/01/29 10:00:00,1.090490,1.091720,1.090090,1.091500,1.090180,1.091460,1.089820,1.091270
2016/01/29 10:30:00,1.091500,1.092440,1.091270,1.091430,1.091270,1.092190,1.091020,1.091180
2016/01/29 11:00:00,1.091430,1.091810,1.090870,1.091540,1.091180,1.091560,1.090630,1.091290
2016/01/29 11:30:00,1.091540,1.092280,1.091390,1.091580,1.091290,1.092030,1.091140,1.091340
2016/01/29 12:00:00,1.091580,1.092740,1.091390,1.091600,1.091340,1.092480,1.091140,1.091360
2016/01/29 12:30:00,1.091600,1.092060,1.090290,1.091950,1.091360,1.091810,1.090060,1.091730
2016/01/29 13:00:00,1.091950,1.092320,1.090870,1.091940,1.091730,1.092070,1.090610,1.091570
2016/01/29 13:30:00,1.091940,1.092190,1.086300,1.086500,1.091570,1.091730,1.086060,1.086250
2016/01/29 14:00:00,1.086500,1.087160,1.085320,1.085560,1.086250,1.086930,1.085070,1.085300
2016/01/29 14:30:00,1.085560,1.085620,1.083450,1.084110,1.085300,1.085360,1.083200,1.083840
2016/01/29 15:00:00,1.084110,1.084190,1.082410,1.083610,1.083840,1.083940,1.082170,1.083350
2016/01/29 15:30:00,1.083610,1.084080,1.081870,1.081950,1.083350,1.083820,1.081630,1.081710
2016/01/29 16:00:00,1.081950,1.082960,1.081120,1.082180,1.081710,1.082710,1.080870,1.081940
2016/01/29 16:30:00,1.082180,1.083720,1.081150,1.083340,1.081940,1.083450,1.080890,1.083070
2016/01/29 17:00:00,1.083340,1.083580,1.082100,1.083030,1.083070,1.083320,1.081850,1.082770
2016/01/29 17:30:00,1.083030,1.084660,1.082860,1.084380,1.082770,1.084420,1.082600,1.084130
2016/01/29 18:00:00,1.084380,1.084380,1.083510,1.083550,1.084130,1.084130,1.083250,1.083300
2016/01/29 18:30:00,1.083550,1.084110,1.082630,1.082670,1.083300,1.083860,1.082390,1.082430
2016/01/29 19:00:00,1.082670,1.083380,1.082650,1.083100,1.082430,1.083140,1.082400,1.082850
2016/01/29 19:30:00,1.083100,1.083260,1.082740,1.082790,1.082850,1.083010,1.082490,1.082530
2016/01/29 20:00:00,1.082790,1.083800,1.082630,1.083610,1.082530,1.083560,1.082410,1.083350
2016/01/29 20:30:00,1.083610,1.083800,1.083200,1.083470,1.083350,1.083550,1.082940,1.083220
2016/01/29 21:00:00,1.083470,1.083810,1.083320,1.083590,1.083220,1.083540,1.083080,1.083330
2016/01/29 21:30:00,1.083590,1.083700,1.083180,1.083410,1.083330,1.083450,1.082730,1.082810
2016/01/31 19:30:00,1.083410,1.084070,1.083100,1.083410,1.082810,1.083390,1.082290,1.082910
2016/01/31 20:00:00,1.083410,1.083920,1.083210,1.083420,1.082910,1.083180,1.082310,1.082460
2016/01/31 20:30:00,1.083420,1.083790,1.082870,1.083530,1.082460,1.083230,1.082320,1.083230
2016/01/31 21:00:00,1.083530,1.083800,1.083300,1.083550,1.083230,1.083260,1.082410,1.082930
2016/01/31 21:30:00,1.083550,1.083820,1.083410,1.083540,1.082930,1.083280,1.082700,1.083010
2016/01/31 22:00:00,1.083540,1.083790,1.083200,1.083240,1.083010,1.083240,1.082820,1.082940
2016/01/31 22:30:00,1.083240,1.083750,1.083080,1.083110,1.082940,1.083280,1.082770,1.082830
2016/01/31 23:00:00,1.083110,1.083110,1.081610,1.081660,1.082830,1.082830,1.081390,1.081390
2016/01/31 23:30:00,1.081660,1.082720,1.081610,1.082690,1.081390,1.082470,1.081390,1.082430
