StartDate,AskOpen,AskHigh,AskLow,AskClose,BidOpen,BidHigh,BidLow,BidClose
2016/05/01 19:00:00,1.145710,1.145920,1.143400,1.145410,1.144420,1.145490,1.142820,1.144970
2016/05/01 19:30:00,1.145410,1.146140,1.145360,1.145750,1.144970,1.145600,1.144960,1.145100
2016/05/01 20:00:00,1.145750,1.146010,1.145630,1.145940,1.145100,1.145460,1.144850,1.145420
2016/05/01 20:30:00,1.145940,1.146530,1.145680,1.146530,1.145420,1.146180,1.145130,1.145620
2016/05/01 21:00:00,1.146530,1.146660,1.146190,1.146510,1.145620,1.146230,1.145510,1.145950
2016/05/01 21:30:00,1.146510,1.146540,1.146310,1.146310,1.145950,1.146260,1.145890,1.145930
2016/05/01 22:00:00,1.146310,1.146800,1.145800,1.145950,1.145930,1.146480,1.145530,1.145690
2016/05/01 22:30:00,1.145950,1.146270,1.145450,1.145590,1.145690,1.146010,1.145170,1.145330
2016/05/01 23:00:00,1.145590,1.146610,1.145560,1.146260,1.145330,1.146340,1.145310,1.146010
2016/05/01 23:30:00,1.146260,1.146430,1.145890,1.146230,1.146010,1.146170,1.145620,1.145980
2016/05/02 00:00:00,1.146230,1.147070,1.145700,1.147000,1.145980,1.146820,1.145490,1.146760
2016/05/02 00:30:00,1.147000,1.148180,1.146940,1.147580,1.146760,1.147930,1.146690,1.147310
2016/05/02 01:00:00,1.147580,1.147580,1.146740,1.147130,1.147310,1.147310,1.146490,1.146890
2016/05/02 01:30:00,1.147130,1.148290,1.146920,1.147590,1.146890,1.148020,1.146690,1.147340
2016/05/02 02:00:00,1.147590,1.147700,1.147090,1.147160,1.147340,1.147450,1.146840,1.146900
2016/05/02 02:30:00,1.147160,1.147170,1.146840,1.146890,1.146900,1.146910,1.146590,1.146640
2016/05/02 03:00:00,1.146890,1.146960,1.146560,1.146640,1.146640,1.146700,1.146310,1.146380
2016/05/02 03:30:00,1.146640,1.147050,1.146500,1.146810,1.146380,1.146790,1.146250,1.146570
2016/05/02 04:00:00,1.146810,1.146910,1.146750,1.146810,1.146570,1.146670,1.146510,1.146560
2016/05/02 04:30:00,1.146810,1.146860,1.146600,1.146790,1.146560,1.146610,1.146350,1.146540
2016/05/02 05:00:00,1.146790,1.147000,1.146580,1.146800,1.146540,1.146740,1.146340,1.146540
2016/05/02 05:30:00,1.146800,1.146960,1.146560,1.146920,1.146540,1.146720,1.146310,1.146650
2016/05/02 06:00:00,1.146920,1.147050,1.146060,1.146330,1.146650,1.146810,1.145800,1.146070
2016/05/02 06:30:00,1.146330,1.147010,1.145710,1.146140,1.146070,1.146750,1.145450,1.145880
2016/05/02 07:00:00,1.146140,1.146310,1.144960,1.146070,1.145880,1.146040,1.144700,1.145810
2016/05/02 07:30:00,1.146070,1.147210,1.145870,1.146940,1.145810,1.146930,1.145620,1.146680
2016/05/02 08:00:00,1.146940,1.148550,1.146910,1.147910,1.146680,1.148260,1.146650,1.147660
2016/05/02 08:30:00,1.147910,1.148340,1.147650,1.148020,1.147660,1.148090,1.147400,1.147780
2016/05/02 09:00:00,1.148020,1.148520,1.147840,1.148500,1.147780,1.148260,1.147580,1.148240
2016/05/02 09:30:00,1.148500,1.149390,1.148380,1.148710,1.148240,1.149130,1.148130,1.148450
2016/05/02 10:00:00,1.148710,1.149400,1.148650,1.149200,1.148450,1.149150,1.148390,1.148930
2016/05/02 10:30:00,1.149200,1.149290,1.147790,1.147990,1.148930,1.149050,1.147530,1.147740
2016/05/02 11:00:00,1.147990,1.148390,1.147390,1.147610,1.147740,1.148140,1.147140,1.147350
2016/05/02 11:30:00,1.147610,1.148530,1.147570,1.147920,1.147350,1.148280,1.147310,1.147670
2016/05/02 12:00:00,1.147920,1.150270,1.147760,1.149650,1.147670,1.150050,1.147520,1.149410
2016/05/02 12:30:00,1.149650,1.149900,1.148250,1.148510,1.149410,1.149650,1.148000,1.148250
2016/05/02 13:00:00,1.148510,1.148550,1.147050,1.147880,1.148250,1.148300,1.146810,1.147630
2016/05/02 13:30:00,1.147880,1.152640,1.147870,1.152270,1.147630,1.152390,1.147610,1.151980
2016/05/02 14:00:00,1.152270,1.153700,1.149190,1.150060,1.151980,1.153360,1.148940,1.149810
2016/05/02 14:30:00,1.150060,1.151580,1.149530,1.151280,1.149810,1.151350,1.149270,1.151040
2016/05/02 15:00:00,1.151280,1.151820,1.150730,1.151370,1.151040,1.151560,1.150480,1.151110
2016/05/02 15:30:00,1.151370,1.152050,1.150840,1.151690,1.151110,1.151810,1.150590,1.151440
2016/05/02 16:00:00,1.151690,1.152030,1.150920,1.151330,1.151440,1.151780,1.150660,1.151070
2016/05/02 16:30:00,1.151330,1.153420,1.151080,1.152530,1.151070,1.153170,1.150820,1.152270
2016/05/02 17:00:00,1.152530,1.153400,1.152480,1.152890,1.152270,1.153140,1.152240,1.152630
2016/05/02 17:30:00,1.152890,1.153040,1.151820,1.151880,1.152630,1.152790,1.151560,1.151630
2016/05/02 18:00:00,1.151880,1.152380,1.151560,1.152370,1.151630,1.152100,1.151290,1.152100
2016/05/02 18:30:00,1.152370,1.153340,1.152250,1.152490,1.152100,1.153070,1.151980,1.152220
2016/05/02 19:00:00,1.152490,1.152490,1.151800,1.151900,1.152220,1.152220,1.151540,1.151640
2016/05/02 19:30:00,1.151900,1.152310,1.151630,1.151940,1.151640,1.152050,1.151380,1.151680
2016/05/02 20:00:00,1.151940,1.153310,1.151930,1.153210,1.151680,1.153040,1.151680,1.152970
2016/05/02 20:30:00,1.153210,1.153760,1.153090,1.153550,1.152970,1.153500,1.152830,1.152830
2016/05/02 21:00:00,1.153550,1.153740,1.152990,1.153160,1.152830,1.153260,1.152660,1.152860
2016/05/02 21:30:00,1.153160,1.153330,1.152640,1.152860,1.152860,1.152980,1.152310,1.152470
2016/05/02 22:00:00,1.152860,1.153030,1.152560,1.152810,1.152470,1.152750,1.152290,1.152580
2016/05/02 22:30:00,1.152810,1.152940,1.152550,1.152810,1.152580,1.152670,1.152320,1.152570
2016/05/02 23:00:00,1.152810,1.152900,1.152500,1.152600,1.152570,1.152650,1.152250,1.152350
2016/05/02 23:30:00,1.152600,1.152630,1.152230,1.152490,1.152350,1.152390,1.151970,1.152240
2016/05/03 00:00:00,1.152490,1.154100,1.152380,1.153860,1.152240,1.153850,1.152130,1.153600
2016/05/03 00:30:00,1.153860,1.153860,1.153500,1.153520,1.153600,1.153610,1.153260,1.153280
2016/05/03 01:00:00,1.153520,1.154080,1.153330,1.153510,1.153280,1.153830,1.153070,1.153250
2016/05/03 01:30:00,1.153510,1.153740,1.153260,1.153710,1.153250,1.153480,1.153010,1.153460
2016/05/03 02:00:00,1.153710,1.154320,1.153710,1.154100,1.153460,1.154080,1.153460,1.153850
2016/05/03 02:30:00,1.154100,1.154120,1.153780,1.153780,1.153850,1.153880,1.153520,1.153530
2016/05/03 03:00:00,1.153780,1.153960,1.153290,1.153450,1.153530,1.153710,1.153050,1.153190
2016/05/03 03:30:00,1.153450,1.153650,1.153040,1.153300,1.153190,1.153410,1.152790,1.153050
2016/05/03 04:00:00,1.153300,1.153450,1.153150,1.153320,1.153050,1.153190,1.152890,1.153080
2016/05/03 04:30:00,1.153320,1.154030,1.152380,1.153380,1.153080,1.153770,1.152100,1.153130
2016/05/03 05:00:00,1.153380,1.153810,1.152830,1.153130,1.153130,1.153560,1.152590,1.152880
2016/05/03 05:30:00,1.153130,1.154670,1.153020,1.154590,1.152880,1.154410,1.152760,1.154340
2016/05/03 06:00:00,1.154590,1.156770,1.154410,1.156010,1.154340,1.156500,1.154170,1.155750
2016/05/03 06:30:00,1.156010,1.156610,1.155630,1.156610,1.155750,1.156340,1.155380,1.156340
2016/05/03 07:00:00,1.156610,1.158820,1.155780,1.157960,1.156340,1.158570,1.155530,1.157720
2016/05/03 07:30:00,1.157960,1.159880,1.157740,1.159440,1.157720,1.159630,1.157490,1.159180
2016/05/03 08:00:00,1.159440,1.161800,1.159160,1.160290,1.159180,1.161520,1.158900,1.160020
2016/05/03 08:30:00,1.160290,1.160340,1.158920,1.159370,1.160020,1.160070,1.158660,1.159110
2016/05/03 09:00:00,1.159370,1.159750,1.158780,1.159340,1.159110,1.159490,1.158520,1.159090
2016/05/03 09:30:00,1.159340,1.160220,1.158950,1.159220,1.159090,1.159960,1.158710,1.158970
2016/05/03 10:00:00,1.159220,1.159260,1.158460,1.158520,1.158970,1.159010,1.158200,1.158280
2016/05/03 10:30:00,1.158520,1.158860,1.157820,1.158210,1.158280,1.158610,1.157570,1.157950
2016/05/03 11:00:00,1.158210,1.158510,1.157600,1.158150,1.157950,1.158260,1.157340,1.157910
2016/05/03 11:30:00,1.158150,1.158460,1.156550,1.156680,1.157910,1.158220,1.156300,1.156420
2016/05/03 12:00:00,1.156680,1.157210,1.155810,1.156010,1.156420,1.156970,1.155560,1.155760
2016/05/03 12:30:00,1.156010,1.156370,1.154900,1.155500,1.155760,1.156130,1.154640,1.155250
2016/05/03 13:00:00,1.155500,1.156500,1.155210,1.155280,1.155250,1.156260,1.154950,1.155050
2016/05/03 13:30:00,1.155280,1.155660,1.153880,1.155370,1.155050,1.155410,1.153620,1.155150
2016/05/03 14:00:00,1.155370,1.156410,1.152520,1.152910,1.155150,1.156170,1.152270,1.152680
2016/05/03 14:30:00,1.152910,1.153030,1.151570,1.151760,1.152680,1.152790,1.151330,1.151510
2016/05/03 15:00:00,1.151760,1.152100,1.150410,1.151400,1.151510,1.151840,1.150170,1.151170
2016/05/03 15:30:00,1.151400,1.152200,1.150770,1.150810,1.151170,1.151960,1.150520,1.150570
2016/05/03 16:00:00,1.150810,1.152020,1.150240,1.151800,1.150570,1.151770,1.149980,1.151530
2016/05/03 16:30:00,1.151800,1.152930,1.151630,1.152800,1.151530,1.152660,1.151370,1.152540
2016/05/03 17:00:00,1.152800,1.153990,1.152630,1.153350,1.152540,1.153730,1.152370,1.153100
2016/05/03 17:30:00,1.153350,1.153620,1.152510,1.152540,1.153100,1.153370,1.152250,1.152290
2016/05/03 18:00:00,1.152540,1.152820,1.151860,1.151900,1.152290,1.152560,1.151610,1.151650
2016/05/03 18:30:00,1.151900,1.152080,1.150640,1.150890,1.151650,1.151820,1.150390,1.150640
2016/05/03 19:00:00,1.150890,1.151360,1.150460,1.150830,1.150640,1.151110,1.150230,1.150580
2016/05/03 19:30:00,1.150830,1.151190,1.150610,1.150770,1.150580,1.150930,1.150350,1.150530
2016/05/03 20:00:00,1.150770,1.151120,1.150440,1.150690,1.150530,1.150860,1.150190,1.150430
2016/05/03 20:30:00,1.150690,1.150960,1.149690,1.149900,1.150430,1.150700,1.149390,1.149480
2016/05/03 21:00:00,1.149900,1.150690,1.149630,1.149780,1.149480,1.149860,1.149270,1.149390
2016/05/03 21:30:00,1.149780,1.150070,1.149400,1.149860,1.149390,1.149740,1.149190,1.149450
2016/05/03 22:00:00,1.149860,1.150350,1.149660,1.150350,1.149450,1.150090,1.149380,1.150090
2016/05/03 22:30:00,1.150350,1.150370,1.149810,1.150050,1.150090,1.150120,1.149550,1.149790
2016/05/03 23:00:00,1.150050,1.150570,1.149960,1.150000,1.149790,1.150310,1.149700,1.149740
2016/05/03 23:30:00,1.150000,1.150330,1.149780,1.150230,1.149740,1.150060,1.149520,1.149980
2016/05/04 00:00:00,1.150230,1.150620,1.150150,1.150590,1.149980,1.150360,1.149900,1.150320
2016/05/04 00:30:00,1.150590,1.150730,1.150140,1.150650,1.150320,1.150470,1.149900,1.150400
2016/05/04 01:00:00,1.150650,1.151000,1.148990,1.149120,1.150400,1.150740,1.148720,1.148850
2016/05/04 01:30:00,1.149120,1.149390,1.147920,1.148890,1.148850,1.149120,1.147670,1.148630
2016/05/04 02:00:00,1.148890,1.148940,1.147900,1.148620,1.148630,1.148680,1.147640,1.148390
2016/05/04 02:30:00,1.148620,1.148620,1.147770,1.147950,1.148390,1.148390,1.147540,1.147690
2016/05/04 03:00:00,1.147950,1.148780,1.147950,1.148680,1.147690,1.148540,1.147690,1.148430
2016/05/04 03:30:00,1.148680,1.148710,1.147890,1.148140,1.148430,1.148460,1.147640,1.147880
2016/05/04 04:00:00,1.148140,1.148730,1.148100,1.148710,1.147880,1.148460,1.147840,1.148450
2016/05/04 04:30:00,1.148710,1.148970,1.148500,1.148870,1.148450,1.148730,1.148250,1.148610
2016/05/04 05:00:00,1.148870,1.149450,1.148410,1.149210,1.148610,1.149210,1.148160,1.148950
2016/05/04 05:30:00,1.149210,1.149410,1.148610,1.148610,1.148950,1.149150,1.148340,1.148350
2016/05/04 06:00:00,1.148610,1.149860,1.148060,1.149480,1.148350,1.149600,1.147810,1.149230
2016/05/04 06:30:00,1.149480,1.149840,1.148500,1.149660,1.149230,1.149590,1.148250,1.149400
2016/05/04 07:00:00,1.149660,1.151280,1.149150,1.149240,1.149400,1.151030,1.148890,1.148980
2016/05/04 07:30:00,1.149240,1.150470,1.149120,1.149870,1.148980,1.150220,1.148870,1.149620
2016/05/04 08:00:00,1.149870,1.149950,1.147080,1.148040,1.149620,1.149700,1.146830,1.147790
2016/05/04 08:30:00,1.148040,1.149360,1.147870,1.149050,1.147790,1.149130,1.147610,1.148780
2016/05/04 09:00:00,1.149050,1.150170,1.148600,1.149340,1.148780,1.149890,1.148350,1.149100
2016/05/04 09:30:00,1.149340,1.149460,1.148150,1.148410,1.149100,1.149210,1.147900,1.148150
2016/05/04 10:00:00,1.148410,1.148570,1.147680,1.147780,1.148150,1.148310,1.147440,1.147540
2016/05/04 10:30:00,1.147780,1.148610,1.147460,1.148560,1.147540,1.148370,1.147210,1.148310
2016/05/04 11:00:00,1.148560,1.149970,1.148440,1.149900,1.148310,1.149720,1.148200,1.149640
2016/05/04 11:30:00,1.149900,1.150880,1.149370,1.150630,1.149640,1.150630,1.149110,1.150370
2016/05/04 12:00:00,1.150630,1.153110,1.150090,1.151790,1.150370,1.152850,1.149810,1.151530
2016/05/04 12:30:00,1.151790,1.151790,1.148780,1.149470,1.151530,1.151530,1.148530,1.149220
2016/05/04 13:00:00,1.149470,1.150270,1.148910,1.149800,1.149220,1.150010,1.148660,1.149550
2016/05/04 13:30:00,1.149800,1.151950,1.149480,1.150390,1.149550,1.151690,1.149230,1.150060
2016/05/04 14:00:00,1.150390,1.150760,1.146760,1.150530,1.150060,1.150480,1.146510,1.150290
2016/05/04 14:30:00,1.150530,1.150620,1.147590,1.149340,1.150290,1.150360,1.147350,1.149100
2016/05/04 15:00:00,1.149340,1.150320,1.148660,1.150050,1.149100,1.150070,1.148410,1.149800
2016/05/04 15:30:00,1.150050,1.150860,1.148620,1.148680,1.149800,1.150580,1.148380,1.148420
2016/05/04 16:00:00,1.148680,1.150080,1.148670,1.149150,1.148420,1.149820,1.148420,1.148890
2016/05/04 16:30:00,1.149150,1.149990,1.148990,1.149840,1.148890,1.149730,1.148740,1.149580
2016/05/04 17:00:00,1.149840,1.149960,1.148530,1.148870,1.149580,1.149700,1.148260,1.148610
2016/05/04 17:30:00,1.148870,1.149810,1.148810,1.149250,1.148610,1.149560,1.148560,1.148990
2016/05/04 18:00:00,1.149250,1.150050,1.149020,1.149860,1.148990,1.149760,1.148770,1.149610
2016/05/04 18:30:00,1.149860,1.150420,1.149700,1.150160,1.149610,1.150170,1.149470,1.149900
2016/05/04 19:00:00,1.150160,1.150220,1.149450,1.149500,1.149900,1.149980,1.149180,1.149250
2016/05/04 19:30:00,1.149500,1.149940,1.149170,1.149200,1.149250,1.149650,1.148910,1.148960
2016/05/04 20:00:00,1.149200,1.149560,1.149170,1.149200,1.148960,1.149310,1.148930,1.148950
2016/05/04 20:30:00,1.149200,1.149260,1.148520,1.149080,1.148950,1.148980,1.148220,1.148450
2016/05/04 21:00:00,1.149080,1.149380,1.148680,1.148830,1.148450,1.148840,1.148190,1.148510
2016/05/04 21:30:00,1.148830,1.149470,1.148570,1.148770,1.148510,1.149080,1.148270,1.148380
2016/05/04 22:00:00,1.148770,1.148950,1.148610,1.148950,1.148380,1.148710,1.148290,1.148670
2016/05/04 22:30:00,1.148950,1.149220,1.148790,1.149060,1.148670,1.148940,1.148530,1.148800
2016/05/04 23:00:00,1.149060,1.149450,1.149040,1.149310,1.148800,1.149190,1.148760,1.149050
2016/05/04 23:30:00,1.149310,1.149370,1.149130,1.149240,1.149050,1.149110,1.148890,1.148970
2016/05/05 00:00:00,1.149240,1.149410,1.148740,1.148780,1.148970,1.149140,1.148490,1.148530
2016/05/05 00:30:00,1.148780,1.149010,1.148420,1.148660,1.148530,1.148760,1.148190,1.148410
2016/05/05 01:00:00,1.148660,1.149360,1.148610,1.149290,1.148410,1.149100,1.148360,1.149050
2016/05/05 01:30:00,1.149290,1.149490,1.148570,1.148710,1.149050,1.149250,1.148330,1.148450
2016/05/05 02:00:00,1.148710,1.148850,1.148450,1.148840,1.148450,1.148610,1.148190,1.148590
2016/05/05 02:30:00,1.148840,1.149020,1.148640,1.148960,1.148590,1.148750,1.148390,1.148690
2016/05/05 03:00:00,1.148960,1.148960,1.148640,1.148710,1.148690,1.148710,1.148390,1.148450
2016/05/05 03:30:00,1.148710,1.148960,1.148600,1.148950,1.148450,1.148720,1.148360,1.148690
2016/05/05 04:00:00,1.148950,1.148970,1.148340,1.148440,1.148690,1.148730,1.148110,1.148180
2016/05/05 04:30:00,1.148440,1.148610,1.148340,1.148540,1.148180,1.148360,1.148070,1.148290
2016/05/05 05:00:00,1.148540,1.149260,1.148540,1.149070,1.148290,1.149010,1.148290,1.148820
2016/05/05 05:30:00,1.149070,1.149520,1.149070,1.149130,1.148820,1.149260,1.148820,1.148880
2016/05/05 06:00:00,1.149130,1.149280,1.148400,1.148760,1.148880,1.149010,1.148140,1.148520
2016/05/05 06:30:00,1.148760,1.149290,1.148440,1.148900,1.148520,1.149030,1.148200,1.148650
2016/05/05 07:00:00,1.148900,1.148950,1.147170,1.147620,1.148650,1.148700,1.146910,1.147370
2016/05/05 07:30:00,1.147620,1.148280,1.145220,1.145700,1.147370,1.148010,1.144990,1.145450
2016/05/05 08:00:00,1.145700,1.145870,1.144010,1.144570,1.145450,1.145610,1.143770,1.144300
2016/05/05 08:30:00,1.144570,1.144870,1.143420,1.143970,1.144300,1.144610,1.143170,1.143720
2016/05/05 09:00:00,1.143970,1.144620,1.143900,1.144310,1.143720,1.144370,1.143640,1.144070
2016/05/05 09:30:00,1.144310,1.144520,1.143650,1.143850,1.144070,1.144270,1.143410,1.143600
2016/05/05 10:00:00,1.143850,1.143930,1.142730,1.143530,1.143600,1.143670,1.142470,1.143280
2016/05/05 10:30:00,1.143530,1.143560,1.142140,1.142760,1.143280,1.143300,1.141880,1.142510
2016/05/05 11:00:00,1.142760,1.143160,1.141940,1.142360,1.142510,1.142890,1.141700,1.142110
2016/05/05 11:30:00,1.142360,1.143380,1.141920,1.143330,1.142110,1.143150,1.141670,1.143090
2016/05/05 12:00:00,1.143330,1.144320,1.143190,1.143310,1.143090,1.144100,1.142930,1.142990
2016/05/05 12:30:00,1.143310,1.143880,1.142350,1.143540,1.142990,1.143630,1.142090,1.143290
2016/05/05 13:00:00,1.143540,1.143770,1.142490,1.143200,1.143290,1.143540,1.142260,1.142940
2016/05/05 13:30:00,1.143200,1.143430,1.140510,1.140870,1.142940,1.143180,1.140270,1.140610
2016/05/05 14:00:00,1.140870,1.141630,1.139820,1.141390,1.140610,1.141390,1.139580,1.141120
2016/05/05 14:30:00,1.141390,1.141410,1.138710,1.139970,1.141120,1.141150,1.138470,1.139710
2016/05/05 15:00:00,1.139970,1.140900,1.139330,1.140690,1.139710,1.140650,1.139070,1.140470
2016/05/05 15:30:00,1.140690,1.140920,1.140280,1.140370,1.140470,1.140690,1.140020,1.140140
2016/05/05 16:00:00,1.140370,1.140930,1.139630,1.139890,1.140140,1.140690,1.139390,1.139630
2016/05/05 16:30:00,1.139890,1.141640,1.139860,1.141320,1.139630,1.141380,1.139600,1.141090
2016/05/05 17:00:00,1.141320,1.141390,1.140030,1.140070,1.141090,1.141140,1.139780,1.139800
2016/05/05 17:30:00,1.140070,1.140550,1.140040,1.140050,1.139800,1.140310,1.139770,1.139790
2016/05/05 18:00:00,1.140050,1.140240,1.139480,1.139840,1.139790,1.139990,1.139220,1.139580
2016/05/05 18:30:00,1.139840,1.140590,1.139740,1.139990,1.139580,1.140340,1.139490,1.139730
2016/05/05 19:00:00,1.139990,1.140340,1.139810,1.140230,1.139730,1.140090,1.139560,1.139980
2016/05/05 19:30:00,1.140230,1.140550,1.139940,1.140320,1.139980,1.140270,1.139690,1.140060
2016/05/05 20:00:00,1.140320,1.140550,1.140250,1.140440,1.140060,1.140310,1.139990,1.140180
2016/05/05 20:30:00,1.140440,1.140780,1.140260,1.140760,1.140180,1.140440,1.140020,1.140260
2016/05/05 21:00:00,1.140760,1.140760,1.140360,1.140570,1.140260,1.140360,1.139860,1.140240
2016/05/05 21:30:00,1.140570,1.140760,1.140260,1.140530,1.140240,1.140440,1.139920,1.140110
2016/05/05 22:00:00,1.140530,1.140590,1.140320,1.140420,1.140110,1.140260,1.140030,1.140150
2016/05/05 22:30:00,1.140420,1.140660,1.140370,1.140500,1.140150,1.140360,1.140110,1.140230
2016/05/05 23:00:00,1.140500,1.140620,1.140450,1.140510,1.140230,1.140390,1.140180,1.140270
2016/05/05 23:30:00,1.140510,1.140730,1.140150,1.140160,1.140270,1.140470,1.139890,1.139890
2016/05/06 00:00:00,1.140160,1.140720,1.139860,1.140040,1.139890,1.140460,1.139610,1.139810
2016/05/06 00:30:00,1.140040,1.140110,1.139390,1.139810,1.139810,1.139870,1.139150,1.139550
2016/05/06 01:00:00,1.139810,1.140640,1.139740,1.140050,1.139550,1.140390,1.139480,1.139800
2016/05/06 01:30:00,1.140050,1.140710,1.139750,1.140260,1.139800,1.140450,1.139490,1.140010
2016/05/06 02:00:00,1.140260,1.140810,1.140250,1.140700,1.140010,1.140560,1.139980,1.140450
2016/05/06 02:30:00,1.140700,1.140970,1.140440,1.140530,1.140450,1.140730,1.140190,1.140290
2016/05/06 03:00:00,1.140530,1.140890,1.140490,1.140730,1.140290,1.140650,1.140240,1.140470
2016/05/06 03:30:00,1.140730,1.140740,1.140340,1.140350,1.140470,1.140490,1.140090,1.140100
2016/05/06 04:00:00,1.140350,1.141070,1.140350,1.140600,1.140100,1.140830,1.140100,1.140340
2016/05/06 04:30:00,1.140600,1.140860,1.140410,1.140440,1.140340,1.140610,1.140180,1.140190
2016/05/06 05:00:00,1.140440,1.140560,1.140080,1.140170,1.140190,1.140310,1.139830,1.139930
2016/05/06 05:30:00,1.140170,1.140470,1.139930,1.140090,1.139930,1.140220,1.139680,1.139840
2016/05/06 06:00:00,1.140090,1.142000,1.139790,1.141750,1.139840,1.141730,1.139540,1.141490
2016/05/06 06:30:00,1.141750,1.142050,1.141310,1.141670,1.141490,1.141800,1.141050,1.141390
2016/05/06 07:00:00,1.141670,1.142400,1.140980,1.141350,1.141390,1.142140,1.140720,1.141090
2016/05/06 07:30:00,1.141350,1.142610,1.141130,1.142240,1.141090,1.142350,1.140880,1.141990
2016/05/06 08:00:00,1.142240,1.142670,1.141500,1.141690,1.141990,1.142410,1.141240,1.141440
2016/05/06 08:30:00,1.141690,1.142890,1.141590,1.142390,1.141440,1.142640,1.141330,1.142130
2016/05/06 09:00:00,1.142390,1.142430,1.141690,1.142040,1.142130,1.142190,1.141430,1.141800
2016/05/06 09:30:00,1.142040,1.143220,1.141960,1.142410,1.141800,1.142980,1.141730,1.142160
2016/05/06 10:00:00,1.142410,1.143220,1.142190,1.142200,1.142160,1.142970,1.141930,1.141940
2016/05/06 10:30:00,1.142200,1.142790,1.141680,1.142640,1.141940,1.142530,1.141420,1.142390
2016/05/06 11:00:00,1.142640,1.143140,1.142180,1.142530,1.142390,1.142930,1.141930,1.142270
2016/05/06 11:30:00,1.142530,1.142800,1.142250,1.142690,1.142270,1.142530,1.141980,1.142430
2016/05/06 12:00:00,1.142690,1.145230,1.142180,1.145230,1.142430,1.143940,1.141940,1.143860
2016/05/06 12:30:00,1.145230,1.148480,1.140350,1.143720,1.143860,1.147640,1.140070,1.143450
2016/05/06 13:00:00,1.143720,1.144340,1.142280,1.142870,1.143450,1.144090,1.142020,1.142610
2016/05/06 13:30:00,1.142870,1.143500,1.140450,1.142670,1.142610,1.143250,1.140210,1.142410
2016/05/06 14:00:00,1.142670,1.142760,1.140260,1.141420,1.142410,1.142510,1.140010,1.141160
2016/05/06 14:30:00,1.141420,1.143360,1.141210,1.142330,1.141160,1.143100,1.140950,1.142080
2016/05/06 15:00:00,1.142330,1.142620,1.141460,1.142070,1.142080,1.142360,1.141220,1.141810
2016/05/06 15:30:00,1.142070,1.143070,1.141890,1.142100,1.141810,1.142800,1.141630,1.141850
2016/05/06 16:00:00,1.142100,1.143070,1.142040,1.142500,1.141850,1.142810,1.141790,1.142240
2016/05/06 16:30:00,1.142500,1.142850,1.142170,1.142600,1.142240,1.142590,1.141940,1.142350
2016/05/06 17:00:00,1.142600,1.143010,1.141530,1.142200,1.142350,1.142740,1.141280,1.141950
2016/05/06 17:30:00,1.142200,1.142310,1.140970,1.141100,1.141950,1.142050,1.140720,1.140840
2016/05/06 18:00:00,1.141100,1.141230,1.139120,1.139530,1.140840,1.140980,1.138870,1.139260
2016/05/06 18:30:00,1.139530,1.140200,1.138800,1.139990,1.139260,1.139940,1.138540,1.139720
2016/05/06 19:00:00,1.139990,1.140900,1.139920,1.140490,1.139720,1.140630,1.139650,1.140240
2016/05/06 19:30:00,1.140490,1.140720,1.140190,1.140560,1.140240,1.140470,1.139940,1.140300
2016/05/06 20:00:00,1.140560,1.140770,1.140210,1.140440,1.140300,1.140510,1.139960,1.140180
2016/05/06 20:30:00,1.140440,1.141340,1.140220,1.141190,1.140180,1.140200,1.139630,1.139780
2016/05/08 19:00:00,1.141190,1.141190,1.139590,1.139630,1.139780,1.140080,1.138880,1.139250
2016/05/08 19:30:00,1.139630,1.140010,1.139590,1.139910,1.139250,1.139320,1.139050,1.139190
2016/05/08 20:00:00,1.139910,1.139910,1.139910,1.139910,1.139190,1.139220,1.139190,1.139220
2016/05/08 20:30:00,1.139910,1.140150,1.139560,1.140000,1.139220,1.139410,1.139000,1.139160
2016/05/08 21:00:00,1.140000,1.140160,1.139700,1.139920,1.139160,1.139740,1.139070,1.139340
2016/05/08 21:30:00,1.139920,1.140010,1.139490,1.139830,1.139340,1.139530,1.139140,1.139530
2016/05/08 22:00:00,1.139830,1.140210,1.139600,1.139810,1.139530,1.139790,1.139360,1.139560
2016/05/08 22:30:00,1.139810,1.139860,1.139590,1.139850,1.139560,1.139580,1.139320,1.139570
2016/05/08 23:00:00,1.139850,1.140200,1.139310,1.139960,1.139570,1.139960,1.139040,1.139700
2016/05/08 23:30:00,1.139960,1.139960,1.138540,1.138700,1.139700,1.139720,1.138270,1.138420
2016/05/09 00:00:00,1.138700,1.139300,1.138310,1.138370,1.138420,1.139050,1.138060,1.138120
2016/05/09 00:30:00,1.138370,1.138750,1.138160,1.138500,1.138120,1.138480,1.137900,1.138240
2016/05/09 01:00:00,1.138500,1.139860,1.138470,1.139800,1.138240,1.139610,1.138220,1.139550
2016/05/09 01:30:00,1.139800,1.140640,1.139610,1.140440,1.139550,1.140380,1.139360,1.140190
2016/05/09 02:00:00,1.140440,1.140460,1.139710,1.139890,1.140190,1.140210,1.139470,1.139630
2016/05/09 02:30:00,1.139890,1.139930,1.139560,1.139770,1.139630,1.139680,1.139310,1.139520
2016/05/09 03:00:00,1.139770,1.139980,1.139670,1.139810,1.139520,1.139720,1.139410,1.139550
2016/05/09 03:30:00,1.139810,1.140450,1.139400,1.140310,1.139550,1.140200,1.139160,1.140060
2016/05/09 04:00:00,1.140310,1.141330,1.140210,1.140850,1.140060,1.141060,1.139960,1.140590
2016/05/09 04:30:00,1.140850,1.141350,1.140740,1.141310,1.140590,1.141090,1.140480,1.141060
2016/05/09 05:00:00,1.141310,1.141450,1.140600,1.140610,1.141060,1.141190,1.140360,1.140370
2016/05/09 05:30:00,1.140610,1.140630,1.139770,1.140000,1.140370,1.140380,1.139500,1.139650
2016/05/09 06:00:00,1.140000,1.140800,1.139380,1.140740,1.139650,1.140550,1.139120,1.140480
2016/05/09 06:30:00,1.140740,1.142130,1.140380,1.141800,1.140480,1.141870,1.140140,1.141560
2016/05/09 07:00:00,1.141800,1.141840,1.139790,1.139960,1.141560,1.141580,1.139560,1.139710
2016/05/09 07:30:00,1.139960,1.140170,1.138590,1.139510,1.139710,1.139920,1.138340,1.139240
2016/05/09 08:00:00,1.139510,1.139700,1.138590,1.138830,1.139240,1.139440,1.138330,1.138580
2016/05/09 08:30:00,1.138830,1.139920,1.138670,1.139500,1.138580,1.139660,1.138420,1.139250
2016/05/09 09:00:00,1.139500,1.139630,1.139050,1.139360,1.139250,1.139370,1.138820,1.139110
2016/05/09 09:30:00,1.139360,1.140840,1.139360,1.140610,1.139110,1.140590,1.139110,1.140350
2016/05/09 10:00:00,1.140610,1.140610,1.138510,1.138780,1.140350,1.140360,1.138260,1.138520
2016/05/09 10:30:00,1.138780,1.139140,1.138300,1.139110,1.138520,1.138880,1.138060,1.138870
2016/05/09 11:00:00,1.139110,1.139520,1.137660,1.138700,1.138870,1.139260,1.137340,1.138450
2016/05/09 11:30:00,1.138700,1.138940,1.138040,1.138280,1.138450,1.138660,1.137790,1.138030
2016/05/09 12:00:00,1.138280,1.140690,1.138200,1.140140,1.138030,1.140430,1.137940,1.139900
2016/05/09 12:30:00,1.140140,1.140930,1.139940,1.140360,1.139900,1.140680,1.139700,1.140110
2016/05/09 13:00:00,1.140360,1.140800,1.139190,1.139480,1.140110,1.140550,1.138950,1.139240
2016/05/09 13:30:00,1.139480,1.139830,1.138830,1.138880,1.139240,1.139580,1.138570,1.138670
2016/05/09 14:00:00,1.138880,1.140720,1.138430,1.140650,1.138670,1.140470,1.138180,1.140410
2016/05/09 14:30:00,1.140650,1.141570,1.139620,1.139650,1.140410,1.141290,1.139370,1.139420
2016/05/09 15:00:00,1.139650,1.140980,1.139560,1.140430,1.139420,1.140740,1.139300,1.140180
2016/05/09 15:30:00,1.140430,1.140840,1.139800,1.140290,1.140180,1.140580,1.139550,1.140050
2016/05/09 16:00:00,1.140290,1.140790,1.140130,1.140150,1.140050,1.140550,1.139880,1.139900
2016/05/09 16:30:00,1.140150,1.140280,1.139090,1.139230,1.139900,1.140040,1.138820,1.138970
2016/05/09 17:00:00,1.139230,1.139450,1.138510,1.138590,1.138970,1.139190,1.138260,1.138340
2016/05/09 17:30:00,1.138590,1.138820,1.138130,1.138460,1.138340,1.138570,1.137890,1.138210
2016/05/09 18:00:00,1.138460,1.138990,1.138120,1.138920,1.138210,1.138740,1.137890,1.138680
2016/05/09 18:30:00,1.138920,1.139380,1.138570,1.138950,1.138680,1.139120,1.138310,1.138690
2016/05/09 19:00:00,1.138950,1.139200,1.138570,1.138890,1.138690,1.138940,1.138310,1.138630
2016/05/09 19:30:00,1.138890,1.139040,1.138140,1.138260,1.138630,1.138780,1.137890,1.137990
2016/05/09 20:00:00,1.138260,1.138590,1.138010,1.138530,1.137990,1.138320,1.137760,1.138270
2016/05/09 20:30:00,1.138530,1.138580,1.138190,1.138480,1.138270,1.138300,1.137900,1.138030
2016/05/09 21:00:00,1.138480,1.138690,1.138180,1.138560,1.138030,1.138410,1.137870,1.138230
2016/05/09 21:30:00,1.138560,1.138690,1.138200,1.138270,1.138230,1.138390,1.137880,1.138010
2016/05/09 22:00:00,1.138270,1.138630,1.138180,1.138450,1.138010,1.138350,1.137930,1.138190
2016/05/09 22:30:00,1.138450,1.138530,1.138110,1.138430,1.138190,1.138280,1.137830,1.138190
2016/05/09 23:00:00,1.138430,1.138830,1.138390,1.138670,1.138190,1.138570,1.138130,1.138420
2016/05/09 23:30:00,1.138670,1.138870,1.138450,1.138480,1.138420,1.138610,1.138210,1.138220
2016/05/10 00:00:00,1.138480,1.138580,1.138000,1.138540,1.138220,1.138330,1.137750,1.138290
2016/05/10 00:30:00,1.138540,1.138760,1.138240,1.138590,1.138290,1.138500,1.137990,1.138340
2016/05/10 01:00:00,1.138590,1.139430,1.138590,1.139040,1.138340,1.139190,1.138340,1.138780
2016/05/10 01:30:00,1.139040,1.139060,1.138240,1.138240,1.138780,1.138800,1.137980,1.137980
2016/05/10 02:00:00,1.138240,1.138470,1.137960,1.138240,1.137980,1.138220,1.137700,1.138000
2016/05/10 02:30:00,1.138240,1.138260,1.137200,1.137990,1.138000,1.138020,1.136910,1.137730
2016/05/10 03:00:00,1.137990,1.138680,1.137810,1.138510,1.137730,1.138430,1.137560,1.138250
2016/05/10 03:30:00,1.138510,1.138510,1.137460,1.138060,1.138250,1.138250,1.137200,1.137810
2016/05/10 04:00:00,1.138060,1.138430,1.137700,1.138110,1.137810,1.138170,1.137450,1.137860
2016/05/10 04:30:00,1.138110,1.138120,1.137470,1.137520,1.137860,1.137860,1.137230,1.137260
2016/05/10 05:00:00,1.137520,1.137780,1.137370,1.137390,1.137260,1.137530,1.137110,1.137130
2016/05/10 05:30:00,1.137390,1.138660,1.137120,1.138510,1.137130,1.138410,1.136860,1.138240
2016/05/10 06:00:00,1.138510,1.139310,1.137920,1.138960,1.138240,1.139050,1.137650,1.138700
2016/05/10 06:30:00,1.138960,1.139560,1.138720,1.138960,1.138700,1.139330,1.138460,1.138700
2016/05/10 07:00:00,1.138960,1.140340,1.138270,1.139790,1.138700,1.140080,1.138020,1.139520
2016/05/10 07:30:00,1.139790,1.140020,1.138650,1.139230,1.139520,1.139760,1.138400,1.138970
2016/05/10 08:00:00,1.139230,1.139420,1.138390,1.138990,1.138970,1.139170,1.138120,1.138740
2016/05/10 08:30:00,1.138990,1.139770,1.138600,1.139630,1.138740,1.139520,1.138350,1.139380
2016/05/10 09:00:00,1.139630,1.139670,1.138600,1.138720,1.139380,1.139420,1.138350,1.138450
2016/05/10 09:30:00,1.138720,1.139030,1.138330,1.138440,1.138450,1.138770,1.138070,1.138190
2016/05/10 10:00:00,1.138440,1.138530,1.137410,1.137800,1.138190,1.138290,1.137190,1.137550
2016/05/10 10:30:00,1.137800,1.138860,1.136350,1.136390,1.137550,1.138570,1.136110,1.136130
2016/05/10 11:00:00,1.136390,1.138080,1.135980,1.137520,1.136130,1.137820,1.135720,1.137260
2016/05/10 11:30:00,1.137520,1.137840,1.136700,1.136700,1.137260,1.137590,1.136470,1.136470
2016/05/10 12:00:00,1.136700,1.138890,1.136630,1.138550,1.136470,1.138610,1.136390,1.138300
2016/05/10 12:30:00,1.138550,1.138710,1.137150,1.137550,1.138300,1.138450,1.136900,1.137310
2016/05/10 13:00:00,1.137550,1.138620,1.137330,1.138540,1.137310,1.138370,1.137080,1.138280
2016/05/10 13:30:00,1.138540,1.139700,1.138510,1.138850,1.138280,1.139430,1.138260,1.138590
2016/05/10 14:00:00,1.138850,1.139680,1.137950,1.138440,1.138590,1.139440,1.137700,1.138180
2016/05/10 14:30:00,1.138440,1.141100,1.138400,1.139410,1.138180,1.140880,1.138140,1.139140
2016/05/10 15:00:00,1.139410,1.139950,1.138810,1.139000,1.139140,1.139700,1.138590,1.138760
2016/05/10 15:30:00,1.139000,1.139350,1.138240,1.138620,1.138760,1.139090,1.138000,1.138370
2016/05/10 16:00:00,1.138620,1.138870,1.138310,1.138620,1.138370,1.138620,1.138060,1.138370
2016/05/10 16:30:00,1.138620,1.138670,1.137640,1.138310,1.138370,1.138410,1.137390,1.138060
2016/05/10 17:00:00,1.138310,1.138410,1.137600,1.137650,1.138060,1.138170,1.137350,1.137400
2016/05/10 17:30:00,1.137650,1.137990,1.137360,1.137440,1.137400,1.137750,1.137130,1.137180
2016/05/10 18:00:00,1.137440,1.137820,1.136930,1.137170,1.137180,1.137570,1.136670,1.136920
2016/05/10 18:30:00,1.137170,1.137740,1.136690,1.137050,1.136920,1.137490,1.136440,1.136810
2016/05/10 19:00:00,1.137050,1.137340,1.136740,1.136860,1.136810,1.137080,1.136490,1.136630
2016/05/10 19:30:00,1.136860,1.137240,1.136810,1.137200,1.136630,1.136990,1.136550,1.136950
2016/05/10 20:00:00,1.137200,1.137460,1.136990,1.137310,1.136950,1.137200,1.136730,1.137050
2016/05/10 20:30:00,1.137310,1.137540,1.137130,1.137470,1.137050,1.137280,1.136850,1.136880
2016/05/10 21:00:00,1.137470,1.137740,1.137030,1.137380,1.136880,1.137410,1.136690,1.137080
2016/05/10 21:30:00,1.137380,1.137680,1.137160,1.137170,1.137080,1.137260,1.136780,1.136880
2016/05/10 22:00:00,1.137170,1.137750,1.137090,1.137590,1.136880,1.137510,1.136790,1.137340
2016/05/10 22:30:00,1.137590,1.137600,1.137280,1.137280,1.137340,1.137350,1.137030,1.137030
2016/05/10 23:00:00,1.137280,1.137430,1.137110,1.137120,1.137030,1.137170,1.136860,1.136860
2016/05/10 23:30:00,1.137120,1.137540,1.137080,1.137470,1.136860,1.137290,1.136820,1.137210
2016/05/11 00:00:00,1.137470,1.138320,1.137460,1.138250,1.137210,1.138050,1.137200,1.137980
2016/05/11 00:30:00,1.138250,1.138310,1.137390,1.137440,1.137980,1.138050,1.137130,1.137170
2016/05/11 01:00:00,1.137440,1.138360,1.137400,1.138360,1.137170,1.138100,1.137140,1.138090
2016/05/11 01:30:00,1.138360,1.138870,1.138070,1.138710,1.138090,1.138620,1.137800,1.138450
2016/05/11 02:00:00,1.138710,1.139300,1.138520,1.138860,1.138450,1.139050,1.138260,1.138600
2016/05/11 02:30:00,1.138860,1.138930,1.138610,1.138920,1.138600,1.138670,1.138350,1.138660
2016/05/11 03:00:00,1.138920,1.139070,1.138490,1.138660,1.138660,1.138810,1.138230,1.138400
2016/05/11 03:30:00,1.138660,1.138660,1.138200,1.138520,1.138400,1.138400,1.137950,1.138260
2016/05/11 04:00:00,1.138520,1.138670,1.138110,1.138170,1.138260,1.138410,1.137850,1.137910
2016/05/11 04:30:00,1.138170,1.138390,1.138120,1.138170,1.137910,1.138130,1.137850,1.137910
2016/05/11 05:00:00,1.138170,1.138470,1.138160,1.138360,1.137910,1.138210,1.137910,1.138110
2016/05/11 05:30:00,1.138360,1.138960,1.138310,1.138890,1.138110,1.138710,1.138050,1.138630
2016/05/11 06:00:00,1.138890,1.139520,1.138750,1.139030,1.138630,1.139270,1.138490,1.138770
2016/05/11 06:30:00,1.139030,1.139570,1.138900,1.139370,1.138770,1.139320,1.138630,1.139120
2016/05/11 07:00:00,1.139370,1.139920,1.138350,1.139440,1.139120,1.139660,1.138110,1.139180
2016/05/11 07:30:00,1.139440,1.139710,1.138630,1.138960,1.139180,1.139460,1.138390,1.138710
2016/05/11 08:00:00,1.138960,1.139630,1.138720,1.138820,1.138710,1.139370,1.138470,1.138560
2016/05/11 08:30:00,1.138820,1.139140,1.138600,1.139130,1.138560,1.138890,1.138350,1.138870
2016/05/11 09:00:00,1.139130,1.139380,1.138550,1.139330,1.138870,1.139130,1.138310,1.139080
2016/05/11 09:30:00,1.139330,1.140120,1.139330,1.139800,1.139080,1.139870,1.139080,1.139550
2016/05/11 10:00:00,1.139800,1.139850,1.139070,1.139390,1.139550,1.139600,1.138830,1.139140
2016/05/11 10:30:00,1.139390,1.139960,1.138910,1.139600,1.139140,1.139700,1.138660,1.139340
2016/05/11 11:00:00,1.139600,1.140650,1.139440,1.139800,1.139340,1.140410,1.139170,1.139550
2016/05/11 11:30:00,1.139800,1.140300,1.139740,1.140070,1.139550,1.140070,1.139490,1.139810
2016/05/11 12:00:00,1.140070,1.142150,1.140040,1.141440,1.139810,1.141900,1.139790,1.141180
2016/05/11 12:30:00,1.141440,1.141860,1.140520,1.140710,1.141180,1.141610,1.140280,1.140470
2016/05/11 13:00:00,1.140710,1.141610,1.140420,1.141070,1.140470,1.141380,1.140160,1.140820
2016/05/11 13:30:00,1.141070,1.143010,1.141060,1.142910,1.140820,1.142760,1.140820,1.142680
2016/05/11 14:00:00,1.142910,1.143520,1.142350,1.143390,1.142680,1.143270,1.142100,1.143150
2016/05/11 14:30:00,1.143390,1.144550,1.142380,1.143300,1.143150,1.144280,1.142130,1.143040
2016/05/11 15:00:00,1.143300,1.144600,1.142630,1.144240,1.143040,1.144360,1.142380,1.143990
2016/05/11 15:30:00,1.144240,1.144720,1.143390,1.144570,1.143990,1.144470,1.143130,1.144310
2016/05/11 16:00:00,1.144570,1.144790,1.142890,1.143000,1.144310,1.144530,1.142650,1.142780
2016/05/11 16:30:00,1.143000,1.143620,1.142820,1.143380,1.142780,1.143380,1.142570,1.143130
2016/05/11 17:00:00,1.143380,1.144040,1.143200,1.143790,1.143130,1.143790,1.142950,1.143530
2016/05/11 17:30:00,1.143790,1.143830,1.142760,1.143070,1.143530,1.143590,1.142500,1.142830
2016/05/11 18:00:00,1.143070,1.143570,1.142890,1.143030,1.142830,1.143330,1.142650,1.142770
2016/05/11 18:30:00,1.143030,1.143070,1.142610,1.142750,1.142770,1.142830,1.142360,1.142500
2016/05/11 19:00:00,1.142750,1.142900,1.142370,1.142530,1.142500,1.142660,1.142120,1.142280
2016/05/11 19:30:00,1.142530,1.142940,1.142280,1.142480,1.142280,1.142680,1.142020,1.142230
2016/05/11 20:00:00,1.142480,1.142750,1.142260,1.142600,1.142230,1.142510,1.142010,1.142340
2016/05/11 20:30:00,1.142600,1.142890,1.142530,1.142850,1.142340,1.142530,1.142270,1.142470
2016/05/11 21:00:00,1.142850,1.142950,1.142690,1.142870,1.142470,1.142680,1.142340,1.142540
2016/05/11 21:30:00,1.142870,1.142890,1.142480,1.142700,1.142540,1.142540,1.142180,1.142340
2016/05/11 22:00:00,1.142700,1.142880,1.142390,1.142450,1.142340,1.142520,1.142140,1.142220
2016/05/11 22:30:00,1.142450,1.142600,1.142410,1.142520,1.142220,1.142350,1.142150,1.142270
2016/05/11 23:00:00,1.142520,1.142720,1.142360,1.142570,1.142270,1.142460,1.142120,1.142310
2016/05/11 23:30:00,1.142570,1.142830,1.142550,1.142550,1.142310,1.142570,1.142310,1.142320
2016/05/12 00:00:00,1.142550,1.143030,1.142460,1.142930,1.142320,1.142760,1.142220,1.142670
2016/05/12 00:30:00,1.142930,1.143040,1.142720,1.142980,1.142670,1.142770,1.142450,1.142720
2016/05/12 01:00:00,1.142980,1.143070,1.142340,1.142810,1.142720,1.142810,1.142080,1.142550
2016/05/12 01:30:00,1.142810,1.142970,1.142600,1.142860,1.142550,1.142720,1.142340,1.142600
2016/05/12 02:00:00,1.142860,1.142890,1.142480,1.142560,1.142600,1.142640,1.142220,1.142310
2016/05/12 02:30:00,1.142560,1.142770,1.142290,1.142390,1.142310,1.142510,1.142010,1.142130
2016/05/12 03:00:00,1.142390,1.142920,1.142390,1.142740,1.142130,1.142670,1.142130,1.142490
2016/05/12 03:30:00,1.142740,1.142760,1.142360,1.142370,1.142490,1.142500,1.142100,1.142100
2016/05/12 04:00:00,1.142370,1.142880,1.142290,1.142770,1.142100,1.142630,1.142060,1.142520
2016/05/12 04:30:00,1.142770,1.142780,1.142320,1.142480,1.142520,1.142530,1.142070,1.142220
2016/05/12 05:00:00,1.142480,1.142640,1.141970,1.142310,1.142220,1.142380,1.141720,1.142060
2016/05/12 05:30:00,1.142310,1.142380,1.141890,1.141920,1.142060,1.142120,1.141640,1.141670
2016/05/12 06:00:00,1.141920,1.142600,1.141660,1.142350,1.141670,1.142370,1.141400,1.142100
2016/05/12 06:30:00,1.142350,1.142370,1.141220,1.141230,1.142100,1.142110,1.140970,1.141000
2016/05/12 07:00:00,1.141230,1.141580,1.140660,1.140980,1.141000,1.141330,1.140380,1.140730
2016/05/12 07:30:00,1.140980,1.141400,1.140770,1.140780,1.140730,1.141170,1.140520,1.140540
2016/05/12 08:00:00,1.140780,1.141190,1.140520,1.141160,1.140540,1.140930,1.140270,1.140900
2016/05/12 08:30:00,1.141160,1.141540,1.140620,1.140930,1.140900,1.141290,1.140370,1.140660
2016/05/12 09:00:00,1.140930,1.141520,1.140730,1.141360,1.140660,1.141290,1.140490,1.141110
2016/05/12 09:30:00,1.141360,1.141600,1.140910,1.141200,1.141110,1.141350,1.140660,1.140970
2016/05/12 10:00:00,1.141200,1.141360,1.139660,1.139830,1.140970,1.141100,1.139400,1.139580
2016/05/12 10:30:00,1.139830,1.140280,1.138910,1.139280,1.139580,1.140030,1.138660,1.139030
2016/05/12 11:00:00,1.139280,1.140290,1.139020,1.139600,1.139030,1.140040,1.138730,1.139350
2016/05/12 11:30:00,1.139600,1.139660,1.137970,1.138240,1.139350,1.139410,1.137700,1.137970
2016/05/12 12:00:00,1.138240,1.139420,1.137980,1.138650,1.137970,1.139160,1.137730,1.138350
2016/05/12 12:30:00,1.138650,1.140610,1.138650,1.140610,1.138350,1.140390,1.138330,1.140360
2016/05/12 13:00:00,1.140610,1.140970,1.139720,1.140140,1.140360,1.140700,1.139470,1.139890
2016/05/12 13:30:00,1.140140,1.141610,1.139900,1.141280,1.139890,1.141360,1.139660,1.141030
2016/05/12 14:00:00,1.141280,1.141530,1.140310,1.140880,1.141030,1.141270,1.140060,1.140620
2016/05/12 14:30:00,1.140880,1.141370,1.139910,1.140500,1.140620,1.141110,1.139670,1.140270
2016/05/12 15:00:00,1.140500,1.140520,1.138780,1.139320,1.140270,1.140270,1.138530,1.139070
2016/05/12 15:30:00,1.139320,1.139420,1.137610,1.138190,1.139070,1.139170,1.137310,1.137930
2016/05/12 16:00:00,1.138190,1.138530,1.137330,1.137440,1.137930,1.138270,1.137070,1.137200
2016/05/12 16:30:00,1.137440,1.138970,1.137420,1.138760,1.137200,1.138710,1.137190,1.138520
2016/05/12 17:00:00,1.138760,1.139150,1.138100,1.138100,1.138520,1.138900,1.137860,1.137860
2016/05/12 17:30:00,1.138100,1.138560,1.137510,1.137620,1.137860,1.138310,1.137270,1.137370
2016/05/12 18:00:00,1.137620,1.138230,1.137580,1.137940,1.137370,1.138000,1.137320,1.137690
2016/05/12 18:30:00,1.137940,1.138190,1.137590,1.137640,1.137690,1.137930,1.137330,1.137390
2016/05/12 19:00:00,1.137640,1.138000,1.137330,1.137510,1.137390,1.137740,1.137080,1.137250
2016/05/12 19:30:00,1.137510,1.137890,1.137340,1.137470,1.137250,1.137630,1.137070,1.137220
2016/05/12 20:00:00,1.137470,1.137830,1.137180,1.137790,1.137220,1.137560,1.136910,1.137520
2016/05/12 20:30:00,1.137790,1.138170,1.137590,1.138080,1.137520,1.137910,1.137330,1.137350
2016/05/12 21:00:00,1.138080,1.138080,1.137460,1.137680,1.137350,1.137570,1.137150,1.137330
2016/05/12 21:30:00,1.137680,1.137930,1.137370,1.137700,1.137330,1.137650,1.137060,1.137370
2016/05/12 22:00:00,1.137700,1.137700,1.137440,1.137610,1.137370,1.137390,1.137190,1.137350
2016/05/12 22:30:00,1.137610,1.138070,1.137450,1.138000,1.137350,1.137810,1.137190,1.137740
2016/05/12 23:00:00,1.138000,1.138110,1.137750,1.137880,1.137740,1.137860,1.137480,1.137620
2016/05/12 23:30:00,1.137880,1.137920,1.137470,1.137560,1.137620,1.137660,1.137200,1.137300
2016/05/13 00:00:00,1.137560,1.138000,1.137420,1.137480,1.137300,1.137740,1.137170,1.137240
2016/05/13 00:30:00,1.137480,1.137840,1.137400,1.137490,1.137240,1.137580,1.137140,1.137250
2016/05/13 01:00:00,1.137490,1.137810,1.137310,1.137530,1.137250,1.137560,1.137060,1.137270
2016/05/13 01:30:00,1.137530,1.137540,1.136790,1.137210,1.137270,1.137290,1.136530,1.136960
2016/05/13 02:00:00,1.137210,1.137520,1.137180,1.137410,1.136960,1.137260,1.136930,1.137150
2016/05/13 02:30:00,1.137410,1.137460,1.137070,1.137150,1.137150,1.137200,1.136800,1.136880
2016/05/13 03:00:00,1.137150,1.137740,1.137120,1.137680,1.136880,1.137490,1.136850,1.137430
2016/05/13 03:30:00,1.137680,1.137700,1.137430,1.137550,1.137430,1.137440,1.137170,1.137300
2016/05/13 04:00:00,1.137550,1.137800,1.137450,1.137760,1.137300,1.137540,1.137200,1.137510
2016/05/13 04:30:00,1.137760,1.137770,1.137410,1.137500,1.137510,1.137520,1.137140,1.137220
2016/05/13 05:00:00,1.137500,1.137700,1.137420,1.137510,1.137220,1.137450,1.137160,1.137250
2016/05/13 05:30:00,1.137510,1.137740,1.137420,1.137540,1.137250,1.137490,1.137160,1.137250
2016/05/13 06:00:00,1.137540,1.137700,1.134840,1.135210,1.137250,1.137440,1.134580,1.134940
2016/05/13 06:30:00,1.135210,1.135220,1.134180,1.134330,1.134940,1.134950,1.133930,1.134080
2016/05/13 07:00:00,1.134330,1.134770,1.133280,1.133620,1.134080,1.134510,1.133020,1.133370
2016/05/13 07:30:00,1.133620,1.134580,1.133020,1.134570,1.133370,1.134330,1.132770,1.134320
2016/05/13 08:00:00,1.134570,1.134670,1.133820,1.134510,1.134320,1.134430,1.133560,1.134260
2016/05/13 08:30:00,1.134510,1.135810,1.134390,1.135260,1.134260,1.135540,1.134130,1.134990
2016/05/13 09:00:00,1.135260,1.135570,1.134920,1.135050,1.134990,1.135310,1.134670,1.134790
2016/05/13 09:30:00,1.135050,1.135220,1.134200,1.134400,1.134790,1.134970,1.133930,1.134140
2016/05/13 10:00:00,1.134400,1.135450,1.134210,1.134930,1.134140,1.135200,1.133960,1.134680
2016/05/13 10:30:00,1.134930,1.135110,1.134440,1.134610,1.134680,1.134860,1.134190,1.134360
2016/05/13 11:00:00,1.134610,1.135510,1.134570,1.135450,1.134360,1.135290,1.134310,1.135210
2016/05/13 11:30:00,1.135450,1.135510,1.134600,1.135220,1.135210,1.135270,1.134350,1.134970
2016/05/13 12:00:00,1.135220,1.135760,1.134490,1.134580,1.134970,1.135530,1.134180,1.134260
2016/05/13 12:30:00,1.134580,1.134790,1.130920,1.131840,1.134260,1.134260,1.130660,1.131580
2016/05/13 13:00:00,1.131840,1.133310,1.131670,1.132140,1.131580,1.133060,1.131410,1.131890
2016/05/13 13:30:00,1.132140,1.132670,1.130300,1.130460,1.131890,1.132420,1.130040,1.130150
2016/05/13 14:00:00,1.130460,1.130690,1.128550,1.130330,1.130150,1.130440,1.128300,1.130070
2016/05/13 14:30:00,1.130330,1.130640,1.129160,1.130060,1.130070,1.130410,1.128920,1.129810
2016/05/13 15:00:00,1.130060,1.130090,1.128430,1.128900,1.129810,1.129840,1.128180,1.128650
2016/05/13 15:30:00,1.128900,1.129690,1.128550,1.129510,1.128650,1.129440,1.128310,1.129260
2016/05/13 16:00:00,1.129510,1.130190,1.128760,1.129340,1.129260,1.129940,1.128510,1.129090
2016/05/13 16:30:00,1.129340,1.130020,1.129150,1.129560,1.129090,1.129760,1.128890,1.129310
2016/05/13 17:00:00,1.129560,1.130480,1.128800,1.130090,1.129310,1.130220,1.128540,1.129820
2016/05/13 17:30:00,1.130090,1.130700,1.129910,1.130040,1.129820,1.130430,1.129660,1.129790
2016/05/13 18:00:00,1.130040,1.130690,1.129940,1.130510,1.129790,1.130430,1.129680,1.130260
2016/05/13 18:30:00,1.130510,1.131220,1.130310,1.130710,1.130260,1.130960,1.130060,1.130450
2016/05/13 19:00:00,1.130710,1.131840,1.130650,1.131470,1.130450,1.131580,1.130380,1.131200
2016/05/13 19:30:00,1.131470,1.132140,1.131260,1.131270,1.131200,1.131860,1.130990,1.131010
2016/05/13 20:00:00,1.131270,1.131480,1.130410,1.130420,1.131010,1.131210,1.130130,1.130200
2016/05/13 20:30:00,1.130420,1.131620,1.130420,1.131500,1.130200,1.130820,1.130060,1.130200
2016/05/15 19:00:00,1.131500,1.131500,1.130630,1.131140,1.130200,1.130610,1.129880,1.130600
2016/05/15 19:30:00,1.131140,1.131140,1.130630,1.130650,1.130600,1.130630,1.130110,1.130110
2016/05/15 20:00:00,1.130650,1.131120,1.130600,1.130620,1.130110,1.130440,1.129930,1.130150
2016/05/15 20:30:00,1.130620,1.131880,1.130620,1.131510,1.130150,1.130920,1.130050,1.130780
2016/05/15 21:00:00,1.131510,1.131900,1.130560,1.131610,1.130780,1.131030,1.130030,1.130920
2016/05/15 21:30:00,1.131610,1.131720,1.130770,1.130780,1.130920,1.131020,1.130080,1.130100
2016/05/15 22:00:00,1.130780,1.130860,1.130400,1.130780,1.130100,1.130480,1.130040,1.130450
2016/05/15 22:30:00,1.130780,1.131880,1.130750,1.131690,1.130450,1.131590,1.130450,1.131400
2016/05/15 23:00:00,1.131690,1.132080,1.131650,1.132000,1.131400,1.131830,1.131390,1.131740
2016/05/15 23:30:00,1.132000,1.132040,1.131650,1.131870,1.131740,1.131770,1.131410,1.131610
2016/05/16 00:00:00,1.131870,1.131890,1.130780,1.130880,1.131610,1.131640,1.130520,1.130620
2016/05/16 00:30:00,1.130880,1.131110,1.130480,1.130490,1.130620,1.130840,1.130220,1.130230
2016/05/16 01:00:00,1.130490,1.131150,1.130440,1.131050,1.130230,1.130880,1.130190,1.130780
2016/05/16 01:30:00,1.131050,1.131290,1.130890,1.131210,1.130780,1.131020,1.130640,1.130930
2016/05/16 02:00:00,1.131210,1.131680,1.131030,1.131270,1.130930,1.131420,1.130770,1.131020
2016/05/16 02:30:00,1.131270,1.131310,1.130750,1.130800,1.131020,1.131050,1.130500,1.130530
2016/05/16 03:00:00,1.130800,1.130840,1.130650,1.130840,1.130530,1.130600,1.130400,1.130590
2016/05/16 03:30:00,1.130840,1.131000,1.130710,1.130820,1.130590,1.130740,1.130440,1.130560
2016/05/16 04:00:00,1.130820,1.131150,1.130810,1.130840,1.130560,1.130910,1.130540,1.130550
2016/05/16 04:30:00,1.130840,1.131220,1.130780,1.131120,1.130550,1.130950,1.130520,1.130870
2016/05/16 05:00:00,1.131120,1.131420,1.131050,1.131240,1.130870,1.131170,1.130790,1.130990
2016/05/16 05:30:00,1.131240,1.131250,1.130940,1.130940,1.130990,1.130990,1.130680,1.130680
2016/05/16 06:00:00,1.130940,1.131910,1.130900,1.131160,1.130680,1.131660,1.130630,1.130880
2016/05/16 06:30:00,1.131160,1.132010,1.130840,1.131520,1.130880,1.131740,1.130580,1.131240
2016/05/16 07:00:00,1.131520,1.132730,1.131520,1.132090,1.131240,1.132480,1.131240,1.131830
2016/05/16 07:30:00,1.132090,1.132370,1.131530,1.131770,1.131830,1.132110,1.131280,1.131510
2016/05/16 08:00:00,1.131770,1.133220,1.131290,1.132720,1.131510,1.132940,1.131020,1.132470
2016/05/16 08:30:00,1.132720,1.133050,1.131390,1.132320,1.132470,1.132800,1.131130,1.132060
2016/05/16 09:00:00,1.132320,1.132510,1.131590,1.131690,1.132060,1.132260,1.131350,1.131430
2016/05/16 09:30:00,1.131690,1.131910,1.130980,1.131320,1.131430,1.131650,1.130720,1.131060
2016/05/16 10:00:00,1.131320,1.132060,1.130870,1.131890,1.131060,1.131810,1.130620,1.131620
2016/05/16 10:30:00,1.131890,1.132550,1.131780,1.132490,1.131620,1.132300,1.131540,1.132240
2016/05/16 11:00:00,1.132490,1.132810,1.132070,1.132280,1.132240,1.132570,1.131820,1.132030
2016/05/16 11:30:00,1.132280,1.132300,1.131690,1.132250,1.132030,1.132040,1.131430,1.132000
2016/05/16 12:00:00,1.132250,1.133160,1.131810,1.132520,1.132000,1.132900,1.131550,1.132210
2016/05/16 12:30:00,1.132520,1.134370,1.132520,1.133760,1.132210,1.134130,1.132120,1.133500
2016/05/16 13:00:00,1.133760,1.133980,1.132780,1.133090,1.133500,1.133730,1.132540,1.132840
2016/05/16 13:30:00,1.133090,1.133780,1.132860,1.133300,1.132840,1.133530,1.132600,1.133030
2016/05/16 14:00:00,1.133300,1.134200,1.133210,1.133350,1.133030,1.133950,1.132940,1.133080
2016/05/16 14:30:00,1.133350,1.133460,1.132700,1.133340,1.133080,1.133200,1.132450,1.133080
2016/05/16 15:00:00,1.133340,1.133490,1.132830,1.133090,1.133080,1.133240,1.132580,1.132840
2016/05/16 15:30:00,1.133090,1.133650,1.132800,1.132870,1.132840,1.133390,1.132540,1.132630
2016/05/16 16:00:00,1.132870,1.133620,1.132840,1.133410,1.132630,1.133370,1.132580,1.133160
2016/05/16 16:30:00,1.133410,1.133430,1.132890,1.132950,1.133160,1.133180,1.132640,1.132690
2016/05/16 17:00:00,1.132950,1.133110,1.132300,1.132330,1.132690,1.132850,1.132060,1.132070
2016/05/16 17:30:00,1.132330,1.132480,1.131840,1.131960,1.132070,1.132210,1.131590,1.131710
2016/05/16 18:00:00,1.131960,1.132250,1.131760,1.131910,1.131710,1.131990,1.131510,1.131650
2016/05/16 18:30:00,1.131910,1.132070,1.131510,1.131920,1.131650,1.131800,1.131250,1.131670
2016/05/16 19:00:00,1.131920,1.132490,1.131840,1.131960,1.131670,1.132220,1.131580,1.131710
2016/05/16 19:30:00,1.131960,1.132270,1.131950,1.132070,1.131710,1.132040,1.131690,1.131790
2016/05/16 20:00:00,1.132070,1.132200,1.131920,1.132190,1.131790,1.131940,1.131690,1.131930
2016/05/16 20:30:00,1.132190,1.132330,1.131780,1.132280,1.131930,1.132060,1.131510,1.131850
2016/05/16 21:00:00,1.132280,1.132580,1.131880,1.131950,1.131850,1.131970,1.131580,1.131680
2016/05/16 21:30:00,1.131950,1.132020,1.131620,1.131700,1.131680,1.131720,1.131310,1.131430
2016/05/16 22:00:00,1.131700,1.132190,1.131630,1.131880,1.131430,1.131900,1.131380,1.131610
2016/05/16 22:30:00,1.131880,1.131950,1.131530,1.131590,1.131610,1.131660,1.131260,1.131330
2016/05/16 23:00:00,1.131590,1.131840,1.131570,1.131820,1.131330,1.131580,1.131300,1.131550
2016/05/16 23:30:00,1.131820,1.132200,1.131440,1.131670,1.131550,1.131920,1.131170,1.131410
2016/05/17 00:00:00,1.131670,1.132330,1.131640,1.132170,1.131410,1.132090,1.131370,1.131910
2016/05/17 00:30:00,1.132170,1.132330,1.131850,1.131920,1.131910,1.132060,1.131590,1.131670
2016/05/17 01:00:00,1.131920,1.132200,1.131660,1.132060,1.131670,1.131940,1.131410,1.131790
2016/05/17 01:30:00,1.132060,1.132460,1.131490,1.131680,1.131790,1.132200,1.131220,1.131430
2016/05/17 02:00:00,1.131680,1.132320,1.131560,1.132260,1.131430,1.132050,1.131300,1.132010
2016/05/17 02:30:00,1.132260,1.132690,1.132000,1.132680,1.132010,1.132430,1.131750,1.132420
2016/05/17 03:00:00,1.132680,1.132680,1.131460,1.131750,1.132420,1.132420,1.131200,1.131490
2016/05/17 03:30:00,1.131750,1.132000,1.131650,1.131940,1.131490,1.131750,1.131380,1.131670
2016/05/17 04:00:00,1.131940,1.131990,1.131650,1.131980,1.131670,1.131740,1.131390,1.131730
2016/05/17 04:30:00,1.131980,1.131980,1.131650,1.131670,1.131730,1.131730,1.131390,1.131410
2016/05/17 05:00:00,1.131670,1.131700,1.131380,1.131680,1.131410,1.131440,1.131110,1.131420
2016/05/17 05:30:00,1.131680,1.132040,1.131330,1.131650,1.131420,1.131780,1.131070,1.131370
2016/05/17 06:00:00,1.131650,1.132450,1.131240,1.132380,1.131370,1.132190,1.130980,1.132120
2016/05/17 06:30:00,1.132380,1.133440,1.132280,1.133020,1.132120,1.133190,1.132030,1.132760
2016/05/17 07:00:00,1.133020,1.133810,1.132520,1.133340,1.132760,1.133540,1.132280,1.133080
2016/05/17 07:30:00,1.133340,1.134160,1.132730,1.133940,1.133080,1.133900,1.132460,1.133690
2016/05/17 08:00:00,1.133940,1.134030,1.133140,1.133510,1.133690,1.133780,1.132880,1.133250
2016/05/17 08:30:00,1.133510,1.133790,1.132350,1.132560,1.133250,1.133530,1.132090,1.132330
2016/05/17 09:00:00,1.132560,1.132940,1.132020,1.132640,1.132330,1.132700,1.131770,1.132380
2016/05/17 09:30:00,1.132640,1.133170,1.132470,1.133100,1.132380,1.132930,1.132220,1.132850
2016/05/17 10:00:00,1.133100,1.133200,1.132300,1.132500,1.132850,1.132950,1.132060,1.132230
2016/05/17 10:30:00,1.132500,1.132600,1.132210,1.132230,1.132230,1.132340,1.131960,1.131980
2016/05/17 11:00:00,1.132230,1.132410,1.131780,1.131930,1.131980,1.132160,1.131520,1.131700
2016/05/17 11:30:00,1.131930,1.132410,1.131830,1.132150,1.131700,1.132140,1.131580,1.131890
2016/05/17 12:00:00,1.132150,1.132400,1.131550,1.131890,1.131890,1.132160,1.131290,1.131460
2016/05/17 12:30:00,1.131890,1.131890,1.130330,1.131240,1.131460,1.131550,1.129990,1.130990
2016/05/17 13:00:00,1.131240,1.132740,1.131220,1.132550,1.130990,1.132490,1.130950,1.132300
2016/05/17 13:30:00,1.132550,1.135100,1.132490,1.134050,1.132300,1.134750,1.132230,1.133800
2016/05/17 14:00:00,1.134050,1.134740,1.133410,1.133460,1.133800,1.134480,1.133180,1.133230
2016/05/17 14:30:00,1.133460,1.134610,1.133460,1.133510,1.133230,1.134360,1.133230,1.133270
2016/05/17 15:00:00,1.133510,1.134160,1.133260,1.133960,1.133270,1.133910,1.133010,1.133710
2016/05/17 15:30:00,1.133960,1.134380,1.133570,1.133780,1.133710,1.134130,1.133300,1.133520
2016/05/17 16:00:00,1.133780,1.134220,1.133680,1.133950,1.133520,1.133950,1.133430,1.133700
2016/05/17 16:30:00,1.133950,1.134060,1.133170,1.133310,1.133700,1.133810,1.132920,1.133060
2016/05/17 17:00:00,1.133310,1.133330,1.132310,1.132490,1.133060,1.133080,1.132070,1.132250
2016/05/17 17:30:00,1.132490,1.132640,1.131830,1.131840,1.132250,1.132400,1.131580,1.131600
2016/05/17 18:00:00,1.131840,1.131950,1.131350,1.131550,1.131600,1.131700,1.131100,1.131290
2016/05/17 18:30:00,1.131550,1.131970,1.131520,1.131840,1.131290,1.131720,1.131250,1.131590
2016/05/17 19:00:00,1.131840,1.132160,1.131740,1.132050,1.131590,1.131900,1.131490,1.131790
2016/05/17 19:30:00,1.132050,1.132390,1.131600,1.131620,1.131790,1.132140,1.131330,1.131360
2016/05/17 20:00:00,1.131620,1.131920,1.131560,1.131650,1.131360,1.131680,1.131290,1.131380
2016/05/17 20:30:00,1.131650,1.131700,1.131290,1.131700,1.131380,1.131400,1.130940,1.130940
2016/05/17 21:00:00,1.131700,1.131820,1.131360,1.131470,1.130940,1.131490,1.130940,1.131200
2016/05/17 21:30:00,1.131470,1.131520,1.131270,1.131400,1.131200,1.131230,1.131010,1.131100
2016/05/17 22:00:00,1.131400,1.131520,1.131120,1.131350,1.131100,1.131250,1.130880,1.131090
2016/05/17 22:30:00,1.131350,1.131500,1.131310,1.131440,1.131090,1.131230,1.131080,1.131170
2016/05/17 23:00:00,1.131440,1.131490,1.131350,1.131450,1.131170,1.131250,1.131090,1.131190
2016/05/17 23:30:00,1.131450,1.131600,1.131060,1.131560,1.131190,1.131340,1.130810,1.131280
2016/05/18 00:00:00,1.131560,1.131760,1.131100,1.131540,1.131280,1.131500,1.130860,1.131260
2016/05/18 00:30:00,1.131540,1.131630,1.130750,1.130960,1.131260,1.131390,1.130510,1.130700
2016/05/18 01:00:00,1.130960,1.131530,1.130760,1.131130,1.130700,1.131260,1.130500,1.130890
2016/05/18 01:30:00,1.131130,1.131170,1.129120,1.129230,1.130890,1.130910,1.128870,1.129000
2016/05/18 02:00:00,1.129230,1.129780,1.129230,1.129720,1.129000,1.129510,1.128990,1.129480
2016/05/18 02:30:00,1.129720,1.129720,1.128670,1.128920,1.129480,1.129480,1.128420,1.128660
2016/05/18 03:00:00,1.128920,1.129180,1.128570,1.129180,1.128660,1.128950,1.128320,1.128950
2016/05/18 03:30:00,1.129180,1.129400,1.128810,1.128850,1.128950,1.129140,1.128550,1.128590
2016/05/18 04:00:00,1.128850,1.129170,1.128820,1.129030,1.128590,1.128910,1.128560,1.128770
2016/05/18 04:30:00,1.129030,1.129120,1.128680,1.128700,1.128770,1.128850,1.128420,1.128440
2016/05/18 05:00:00,1.128700,1.128980,1.128150,1.128570,1.128440,1.128710,1.127830,1.128300
2016/05/18 05:30:00,1.128570,1.128680,1.128210,1.128460,1.128300,1.128420,1.127960,1.128200
2016/05/18 06:00:00,1.128460,1.128700,1.128180,1.128550,1.128200,1.128440,1.127920,1.128270
2016/05/18 06:30:00,1.128550,1.128750,1.127640,1.127800,1.128270,1.128510,1.127390,1.127540
2016/05/18 07:00:00,1.127800,1.127800,1.126360,1.126360,1.127540,1.127540,1.126090,1.126100
2016/05/18 07:30:00,1.126360,1.126900,1.125750,1.126690,1.126100,1.126650,1.125490,1.126430
2016/05/18 08:00:00,1.126690,1.127020,1.126010,1.126970,1.126430,1.126770,1.125760,1.126720
2016/05/18 08:30:00,1.126970,1.127340,1.126180,1.126460,1.126720,1.127090,1.125920,1.126150
2016/05/18 09:00:00,1.126460,1.127740,1.125860,1.127700,1.126150,1.127470,1.125620,1.127440
2016/05/18 09:30:00,1.127700,1.127780,1.126770,1.126860,1.127440,1.127530,1.126520,1.126610
2016/05/18 10:00:00,1.126860,1.127500,1.126680,1.127230,1.126610,1.127250,1.126420,1.126980
2016/05/18 10:30:00,1.127230,1.127660,1.126930,1.127400,1.126980,1.127410,1.126680,1.127140
2016/05/18 11:00:00,1.127400,1.128920,1.127230,1.128530,1.127140,1.128670,1.126980,1.128290
2016/05/18 11:30:00,1.128530,1.129010,1.128290,1.128600,1.128290,1.128760,1.128020,1.128340
2016/05/18 12:00:00,1.128600,1.128770,1.127250,1.127260,1.128340,1.128510,1.127010,1.127010
2016/05/18 12:30:00,1.127260,1.127800,1.127050,1.127570,1.127010,1.127550,1.126800,1.127330
2016/05/18 13:00:00,1.127570,1.128690,1.127230,1.127360,1.127330,1.128430,1.126980,1.127110
2016/05/18 13:30:00,1.127360,1.127830,1.126210,1.127240,1.127110,1.127580,1.125950,1.127000
2016/05/18 14:00:00,1.127240,1.129130,1.127130,1.128690,1.127000,1.128890,1.126880,1.128430
2016/05/18 14:30:00,1.128690,1.128830,1.127700,1.127930,1.128430,1.128590,1.127450,1.127690
2016/05/18 15:00:00,1.127930,1.128340,1.127090,1.128220,1.127690,1.128120,1.126860,1.127960
2016/05/18 15:30:00,1.128220,1.128390,1.127150,1.127730,1.127960,1.128140,1.126890,1.127480
2016/05/18 16:00:00,1.127730,1.127900,1.127400,1.127660,1.127480,1.127650,1.127140,1.127410
2016/05/18 16:30:00,1.127660,1.128260,1.127350,1.128190,1.127410,1.128030,1.127100,1.127950
2016/05/18 17:00:00,1.128190,1.128900,1.127640,1.128890,1.127950,1.128640,1.127380,1.128640
2016/05/18 17:30:00,1.128890,1.129450,1.128380,1.128920,1.128640,1.129150,1.128130,1.128630
2016/05/18 18:00:00,1.128920,1.129020,1.122390,1.123060,1.128630,1.128740,1.122120,1.122790
2016/05/18 18:30:00,1.123060,1.123700,1.122400,1.122960,1.122790,1.123450,1.122160,1.122700
2016/05/18 19:00:00,1.122960,1.123210,1.122360,1.122630,1.122700,1.122960,1.122100,1.122400
2016/05/18 19:30:00,1.122630,1.122700,1.121880,1.121960,1.122400,1.122420,1.121610,1.121690
2016/05/18 20:00:00,1.121960,1.122180,1.121560,1.122070,1.121690,1.121900,1.121300,1.121780
2016/05/18 20:30:00,1.122070,1.122400,1.121680,1.121900,1.121780,1.122120,1.121340,1.121360
2016/05/18 21:00:00,1.121900,1.122120,1.121730,1.121800,1.121360,1.121700,1.121330,1.121490
2016/05/18 21:30:00,1.121800,1.121950,1.121670,1.121920,1.121490,1.121640,1.121320,1.121560
2016/05/18 22:00:00,1.121920,1.122520,1.121860,1.122510,1.121560,1.122260,1.121560,1.122250
2016/05/18 22:30:00,1.122510,1.122700,1.122080,1.122500,1.122250,1.122440,1.121810,1.122220
2016/05/18 23:00:00,1.122500,1.122800,1.122470,1.122580,1.122220,1.122530,1.122210,1.122320
2016/05/18 23:30:00,1.122580,1.122610,1.121970,1.122120,1.122320,1.122350,1.121710,1.121880
2016/05/19 00:00:00,1.122120,1.122700,1.122100,1.122580,1.121880,1.122450,1.121830,1.122320
2016/05/19 00:30:00,1.122580,1.122820,1.122250,1.122710,1.122320,1.122550,1.121990,1.122460
2016/05/19 01:00:00,1.122710,1.123060,1.122470,1.123020,1.122460,1.122820,1.122210,1.122740
2016/05/19 01:30:00,1.123020,1.123050,1.122240,1.122760,1.122740,1.122790,1.121980,1.122500
2016/05/19 02:00:00,1.122760,1.123010,1.122350,1.122460,1.122500,1.122750,1.122080,1.122200
2016/05/19 02:30:00,1.122460,1.122650,1.122290,1.122560,1.122200,1.122390,1.122030,1.122310
2016/05/19 03:00:00,1.122560,1.122740,1.122260,1.122550,1.122310,1.122490,1.122000,1.122280
2016/05/19 03:30:00,1.122550,1.122740,1.122280,1.122330,1.122280,1.122490,1.122020,1.122070
2016/05/19 04:00:00,1.122330,1.122400,1.121680,1.121880,1.122070,1.122130,1.121430,1.121620
2016/05/19 04:30:00,1.121880,1.122040,1.121300,1.121990,1.121620,1.121780,1.121000,1.121730
2016/05/19 05:00:00,1.121990,1.122050,1.121380,1.121550,1.121730,1.121780,1.121110,1.121290
2016/05/19 05:30:00,1.121550,1.121630,1.120750,1.120930,1.121290,1.121360,1.120490,1.120670
2016/05/19 06:00:00,1.120930,1.122750,1.120810,1.122090,1.120670,1.122500,1.120560,1.121830
2016/05/19 06:30:00,1.122090,1.122970,1.122000,1.122360,1.121830,1.122720,1.121740,1.122100
2016/05/19 07:00:00,1.122360,1.122360,1.120690,1.121500,1.122100,1.122100,1.120430,1.121230
2016/05/19 07:30:00,1.121500,1.123130,1.121450,1.121960,1.121230,1.122900,1.121200,1.121700
2016/05/19 08:00:00,1.121960,1.122750,1.121550,1.121740,1.121700,1.122490,1.121290,1.121480
2016/05/19 08:30:00,1.121740,1.122710,1.121440,1.122670,1.121480,1.122450,1.121190,1.122420
2016/05/19 09:00:00,1.122670,1.122700,1.121590,1.121690,1.122420,1.122450,1.121350,1.121460
2016/05/19 09:30:00,1.121690,1.122460,1.121440,1.122060,1.121460,1.122210,1.121200,1.121800
2016/05/19 10:00:00,1.122060,1.122060,1.120920,1.120960,1.121800,1.121800,1.120690,1.120710
2016/05/19 10:30:00,1.120960,1.121000,1.120320,1.120450,1.120710,1.120750,1.120070,1.120190
2016/05/19 11:00:00,1.120450,1.120870,1.119920,1.120580,1.120190,1.120610,1.119650,1.120320
2016/05/19 11:30:00,1.120580,1.120780,1.119240,1.119390,1.120320,1.120540,1.118980,1.119130
2016/05/19 12:00:00,1.119390,1.119870,1.118910,1.119170,1.119130,1.119650,1.118670,1.118700
2016/05/19 12:30:00,1.119170,1.120250,1.118110,1.118260,1.118700,1.119990,1.117880,1.118010
2016/05/19 13:00:00,1.118260,1.120530,1.118180,1.120180,1.118010,1.120270,1.117930,1.119940
2016/05/19 13:30:00,1.120180,1.120780,1.119770,1.119980,1.119940,1.120530,1.119530,1.119760
2016/05/19 14:00:00,1.119980,1.121110,1.119720,1.120560,1.119760,1.120850,1.119460,1.120320
2016/05/19 14:30:00,1.120560,1.122890,1.119200,1.120620,1.120320,1.122640,1.118970,1.120400
2016/05/19 15:00:00,1.120620,1.121630,1.120010,1.120450,1.120400,1.121390,1.119760,1.120220
2016/05/19 15:30:00,1.120450,1.121780,1.120410,1.121500,1.120220,1.121530,1.120160,1.121250
2016/05/19 16:00:00,1.121500,1.121500,1.120300,1.120850,1.121250,1.121250,1.120040,1.120610
2016/05/19 16:30:00,1.120850,1.121200,1.120320,1.120940,1.120610,1.120980,1.120080,1.120680
2016/05/19 17:00:00,1.120940,1.121000,1.120250,1.120640,1.120680,1.120770,1.120000,1.120390
2016/05/19 17:30:00,1.120640,1.120760,1.120000,1.120240,1.120390,1.120520,1.119730,1.120000
2016/05/19 18:00:00,1.120240,1.120550,1.119880,1.120040,1.120000,1.120300,1.119630,1.119800
2016/05/19 18:30:00,1.120040,1.120800,1.120000,1.120170,1.119800,1.120550,1.119750,1.119910
2016/05/19 19:00:00,1.120170,1.120700,1.120030,1.120500,1.119910,1.120430,1.119800,1.120230
2016/05/19 19:30:00,1.120500,1.120710,1.119700,1.119710,1.120230,1.120450,1.119440,1.119450
2016/05/19 20:00:00,1.119710,1.120260,1.119680,1.120230,1.119450,1.120010,1.119430,1.119960
2016/05/19 20:30:00,1.120230,1.120480,1.120140,1.120430,1.119960,1.120200,1.119880,1.120120
2016/05/19 21:00:00,1.120430,1.120510,1.120130,1.120420,1.120120,1.120140,1.119800,1.120140
2016/05/19 21:30:00,1.120420,1.120470,1.119940,1.119960,1.120140,1.120190,1.119540,1.119580
2016/05/19 22:00:00,1.119960,1.120540,1.119910,1.120410,1.119580,1.120270,1.119560,1.120130
2016/05/19 22:30:00,1.120410,1.120460,1.120050,1.120360,1.120130,1.120190,1.119790,1.120130
2016/05/19 23:00:00,1.120360,1.120470,1.120170,1.120330,1.120130,1.120180,1.119910,1.120070
2016/05/19 23:30:00,1.120330,1.120670,1.120270,1.120360,1.120070,1.120410,1.120010,1.120080
2016/05/20 00:00:00,1.120360,1.120790,1.120150,1.120270,1.120080,1.120540,1.119880,1.120000
2016/05/20 00:30:00,1.120270,1.120270,1.119960,1.120010,1.120000,1.120020,1.119710,1.119730
2016/05/20 01:00:00,1.120010,1.120360,1.119770,1.120330,1.119730,1.120100,1.119510,1.120060
2016/05/20 01:30:00,1.120330,1.120770,1.120170,1.120770,1.120060,1.120510,1.119910,1.120510
2016/05/20 02:00:00,1.120770,1.121160,1.120650,1.120950,1.120510,1.120920,1.120390,1.120690
2016/05/20 02:30:00,1.120950,1.120950,1.120410,1.120450,1.120690,1.120700,1.120160,1.120200
2016/05/20 03:00:00,1.120450,1.120640,1.120410,1.120630,1.120200,1.120370,1.120140,1.120370
2016/05/20 03:30:00,1.120630,1.120920,1.120400,1.120750,1.120370,1.120670,1.120180,1.120500
2016/05/20 04:00:00,1.120750,1.120850,1.120400,1.120450,1.120500,1.120600,1.120140,1.120190
2016/05/20 04:30:00,1.120450,1.120460,1.120230,1.120230,1.120190,1.120200,1.119960,1.119960
2016/05/20 05:00:00,1.120230,1.120440,1.120180,1.120220,1.119960,1.120170,1.119920,1.119960
2016/05/20 05:30:00,1.120220,1.121330,1.120220,1.121250,1.119960,1.121080,1.119960,1.120990
2016/05/20 06:00:00,1.121250,1.121540,1.120820,1.120910,1.120990,1.121290,1.120560,1.120660
2016/05/20 06:30:00,1.120910,1.122750,1.120850,1.122360,1.120660,1.122490,1.120590,1.122100
2016/05/20 07:00:00,1.122360,1.122910,1.121470,1.122150,1.122100,1.122660,1.121220,1.121890
2016/05/20 07:30:00,1.122150,1.122340,1.121320,1.121370,1.121890,1.122090,1.121080,1.121120
2016/05/20 08:00:00,1.121370,1.122930,1.120990,1.122180,1.121120,1.122690,1.120740,1.121930
2016/05/20 08:30:00,1.122180,1.122860,1.122090,1.122250,1.121930,1.122620,1.121840,1.122000
2016/05/20 09:00:00,1.122250,1.122260,1.121510,1.121680,1.122000,1.122010,1.121260,1.121420
2016/05/20 09:30:00,1.121680,1.122610,1.121660,1.122510,1.121420,1.122350,1.121400,1.122250
2016/05/20 10:00:00,1.122510,1.122560,1.121530,1.121680,1.122250,1.122300,1.121280,1.121430
2016/05/20 10:30:00,1.121680,1.121800,1.121240,1.121530,1.121430,1.121570,1.120980,1.121270
2016/05/20 11:00:00,1.121530,1.122000,1.121370,1.121650,1.121270,1.121740,1.121120,1.121400
2016/05/20 11:30:00,1.121650,1.122290,1.121240,1.122180,1.121400,1.122040,1.120980,1.121950
2016/05/20 12:00:00,1.122180,1.122540,1.121860,1.122170,1.121950,1.122300,1.121610,1.121920
2016/05/20 12:30:00,1.122170,1.122630,1.121810,1.122380,1.121920,1.122390,1.121550,1.122120
2016/05/20 13:00:00,1.122380,1.123930,1.122270,1.123560,1.122120,1.123600,1.122020,1.123310
2016/05/20 13:30:00,1.123560,1.123850,1.122240,1.122360,1.123310,1.123600,1.121970,1.122090
2016/05/20 14:00:00,1.122360,1.122590,1.120670,1.120920,1.122090,1.122330,1.120420,1.120670
2016/05/20 14:30:00,1.120920,1.121750,1.120560,1.121320,1.120670,1.121500,1.120310,1.121070
2016/05/20 15:00:00,1.121320,1.121650,1.120810,1.121130,1.121070,1.121410,1.120560,1.120880
2016/05/20 15:30:00,1.121130,1.121250,1.120600,1.120780,1.120880,1.121000,1.120340,1.120540
2016/05/20 16:00:00,1.120780,1.121600,1.120740,1.121180,1.120540,1.121360,1.120480,1.120920
2016/05/20 16:30:00,1.121180,1.121540,1.121120,1.121410,1.120920,1.121290,1.120870,1.121160
2016/05/20 17:00:00,1.121410,1.121710,1.121250,1.121480,1.121160,1.121460,1.120990,1.121230
2016/05/20 17:30:00,1.121480,1.122730,1.121480,1.122300,1.121230,1.122470,1.121210,1.122030
2016/05/20 18:00:00,1.122300,1.122960,1.122250,1.122780,1.122030,1.122700,1.122000,1.122530
2016/05/20 18:30:00,1.122780,1.122870,1.121930,1.122060,1.122530,1.122610,1.121680,1.121810
2016/05/20 19:00:00,1.122060,1.122320,1.121800,1.121940,1.121810,1.122070,1.121530,1.121690
2016/05/20 19:30:00,1.121940,1.121980,1.121450,1.121790,1.121690,1.121720,1.121180,1.121530
2016/05/20 20:00:00,1.121790,1.122130,1.121750,1.122000,1.121530,1.121870,1.121490,1.121730
2016/05/20 20:30:00,1.122000,1.123050,1.121890,1.123050,1.121730,1.122260,1.121590,1.121590
2016/05/22 19:00:00,1.123050,1.123050,1.121940,1.122040,1.121590,1.121590,1.120570,1.120990
2016/05/22 19:30:00,1.122040,1.122110,1.121390,1.121410,1.120990,1.121110,1.120570,1.120640
2016/05/22 20:00:00,1.121410,1.122360,1.121360,1.122110,1.120640,1.121880,1.120570,1.121420
2016/05/22 20:30:00,1.122110,1.122110,1.120960,1.121230,1.121420,1.121420,1.120570,1.120570
2016/05/22 21:00:00,1.121230,1.122370,1.121230,1.122020,1.120570,1.121780,1.120470,1.121390
2016/05/22 21:30:00,1.122020,1.122600,1.121920,1.122280,1.121390,1.122160,1.121370,1.121640
2016/05/22 22:00:00,1.122280,1.122310,1.121590,1.121590,1.121640,1.121870,1.121310,1.121320
2016/05/22 22:30:00,1.121590,1.121800,1.121560,1.121790,1.121320,1.121530,1.121300,1.121510
2016/05/22 23:00:00,1.121790,1.122120,1.121780,1.122020,1.121510,1.121840,1.121510,1.121770
2016/05/22 23:30:00,1.122020,1.122400,1.122020,1.122170,1.121770,1.122160,1.121770,1.121900
2016/05/23 00:00:00,1.122170,1.123210,1.122080,1.123160,1.121900,1.122940,1.121820,1.122900
2016/05/23 00:30:00,1.123160,1.123310,1.122560,1.122560,1.122900,1.123060,1.122330,1.122330
2016/05/23 01:00:00,1.122560,1.123480,1.122560,1.123150,1.122330,1.123220,1.122310,1.122880
2016/05/23 01:30:00,1.123150,1.123290,1.122790,1.123180,1.122880,1.123030,1.122520,1.122920
2016/05/23 02:00:00,1.123180,1.123420,1.122890,1.123300,1.122920,1.123160,1.122640,1.123030
2016/05/23 02:30:00,1.123300,1.123610,1.123020,1.123090,1.123030,1.123370,1.122750,1.122830
2016/05/23 03:00:00,1.123090,1.123530,1.123070,1.123530,1.122830,1.123280,1.122810,1.123270
2016/05/23 03:30:00,1.123530,1.124460,1.123510,1.123770,1.123270,1.124160,1.123240,1.123520
2016/05/23 04:00:00,1.123770,1.123900,1.123400,1.123740,1.123520,1.123640,1.123150,1.123480
2016/05/23 04:30:00,1.123740,1.123970,1.122990,1.123270,1.123480,1.123700,1.122740,1.123010
2016/05/23 05:00:00,1.123270,1.123280,1.122540,1.123120,1.123010,1.123020,1.122280,1.122850
2016/05/23 05:30:00,1.123120,1.123160,1.122540,1.122730,1.122850,1.122890,1.122290,1.122460
2016/05/23 06:00:00,1.122730,1.123760,1.122480,1.123370,1.122460,1.123510,1.122240,1.123110
2016/05/23 06:30:00,1.123370,1.123780,1.122690,1.123450,1.123110,1.123550,1.122450,1.123160
2016/05/23 07:00:00,1.123450,1.124090,1.123050,1.123320,1.123160,1.123830,1.122800,1.123030
2016/05/23 07:30:00,1.123320,1.123740,1.122170,1.122300,1.123030,1.123500,1.121900,1.122040
2016/05/23 08:00:00,1.122300,1.122370,1.120420,1.120430,1.122040,1.122110,1.120160,1.120170
2016/05/23 08:30:00,1.120430,1.121280,1.120170,1.121150,1.120170,1.121030,1.119920,1.120890
2016/05/23 09:00:00,1.121150,1.121150,1.120700,1.120910,1.120890,1.120900,1.120460,1.120670
2016/05/23 09:30:00,1.120910,1.121580,1.120660,1.121370,1.120670,1.121320,1.120420,1.121120
2016/05/23 10:00:00,1.121370,1.121440,1.120440,1.120600,1.121120,1.121170,1.120180,1.120340
2016/05/23 10:30:00,1.120600,1.121110,1.120370,1.120800,1.120340,1.120860,1.120120,1.120550
2016/05/23 11:00:00,1.120800,1.121490,1.120610,1.121360,1.120550,1.121240,1.120360,1.121130
2016/05/23 11:30:00,1.121360,1.121420,1.120610,1.121290,1.121130,1.121160,1.120370,1.121030
2016/05/23 12:00:00,1.121290,1.121900,1.120100,1.120340,1.121030,1.121640,1.119840,1.120100
2016/05/23 12:30:00,1.120340,1.120820,1.120080,1.120140,1.120100,1.120580,1.119840,1.119890
2016/05/23 13:00:00,1.120140,1.120210,1.118880,1.119070,1.119890,1.119960,1.118630,1.118810
2016/05/23 13:30:00,1.119070,1.119900,1.118990,1.119400,1.118810,1.119650,1.118750,1.119140
2016/05/23 14:00:00,1.119400,1.120170,1.118890,1.119820,1.119140,1.119910,1.118630,1.119560
2016/05/23 14:30:00,1.119820,1.120860,1.119730,1.119760,1.119560,1.120610,1.119470,1.119530
2016/05/23 15:00:00,1.119760,1.121060,1.119690,1.120420,1.119530,1.120800,1.119460,1.120170
2016/05/23 15:30:00,1.120420,1.120570,1.119240,1.119270,1.120170,1.120310,1.119030,1.119040
2016/05/23 16:00:00,1.119270,1.120510,1.119270,1.120500,1.119040,1.120270,1.119040,1.120250
2016/05/23 16:30:00,1.120500,1.121160,1.120320,1.121150,1.120250,1.120920,1.120070,1.120900
2016/05/23 17:00:00,1.121150,1.122530,1.120800,1.122170,1.120900,1.122280,1.120540,1.121910
2016/05/23 17:30:00,1.122170,1.123060,1.122010,1.122550,1.121910,1.122830,1.121760,1.122290
2016/05/23 18:00:00,1.122550,1.123220,1.122380,1.122390,1.122290,1.122960,1.122120,1.122130
2016/05/23 18:30:00,1.122390,1.122440,1.122040,1.122050,1.122130,1.122190,1.121780,1.121780
2016/05/23 19:00:00,1.122050,1.122210,1.121850,1.122090,1.121780,1.121950,1.121600,1.121840
2016/05/23 19:30:00,1.122090,1.122160,1.121650,1.121740,1.121840,1.121910,1.121400,1.121500
2016/05/23 20:00:00,1.121740,1.122010,1.121660,1.121840,1.121500,1.121750,1.121400,1.121570
2016/05/23 20:30:00,1.121840,1.122290,1.121830,1.122290,1.121570,1.121990,1.121550,1.121810
2016/05/23 21:00:00,1.122290,1.122290,1.121980,1.122120,1.121810,1.122000,1.121640,1.121850
2016/05/23 21:30:00,1.122120,1.122460,1.121990,1.122090,1.121850,1.122050,1.121590,1.121830
2016/05/23 22:00:00,1.122090,1.122250,1.121880,1.122230,1.121830,1.121960,1.121620,1.121950
2016/05/23 22:30:00,1.122230,1.122280,1.121700,1.121810,1.121950,1.122010,1.121450,1.121540
2016/05/23 23:00:00,1.121810,1.121840,1.121530,1.121550,1.121540,1.121570,1.121260,1.121290
2016/05/23 23:30:00,1.121550,1.121570,1.121330,1.121440,1.121290,1.121320,1.121070,1.121210
2016/05/24 00:00:00,1.121440,1.122100,1.121430,1.121660,1.121210,1.121830,1.121160,1.121410
2016/05/24 00:30:00,1.121660,1.121680,1.121040,1.121390,1.121410,1.121420,1.120790,1.121120
2016/05/24 01:00:00,1.121390,1.121490,1.120860,1.120900,1.121120,1.121230,1.120590,1.120630
2016/05/24 01:30:00,1.120900,1.121080,1.120540,1.120960,1.120630,1.120820,1.120290,1.120700
2016/05/24 02:00:00,1.120960,1.120960,1.120400,1.120920,1.120700,1.120710,1.120150,1.120680
2016/05/24 02:30:00,1.120920,1.121380,1.120870,1.121300,1.120680,1.121110,1.120640,1.121040
2016/05/24 03:00:00,1.121300,1.121310,1.120630,1.120810,1.121040,1.121050,1.120370,1.120560
2016/05/24 03:30:00,1.120810,1.121240,1.120570,1.120820,1.120560,1.120970,1.120310,1.120560
2016/05/24 04:00:00,1.120820,1.121500,1.120820,1.121440,1.120560,1.121230,1.120560,1.121170
2016/05/24 04:30:00,1.121440,1.121680,1.121380,1.121470,1.121170,1.121430,1.121120,1.121210
2016/05/24 05:00:00,1.121470,1.121540,1.121110,1.121350,1.121210,1.121270,1.120850,1.121090
2016/05/24 05:30:00,1.121350,1.121620,1.120860,1.121600,1.121090,1.121330,1.120610,1.121290
2016/05/24 06:00:00,1.121600,1.122860,1.121320,1.121430,1.121290,1.122590,1.121050,1.121170
2016/05/24 06:30:00,1.121430,1.121960,1.120110,1.120240,1.121170,1.121700,1.119840,1.119990
2016/05/24 07:00:00,1.120240,1.121240,1.119250,1.119680,1.119990,1.121010,1.119010,1.119430
2016/05/24 07:30:00,1.119680,1.119870,1.117690,1.118380,1.119430,1.119650,1.117430,1.118130
2016/05/24 08:00:00,1.118380,1.118460,1.117000,1.117270,1.118130,1.118200,1.116730,1.117010
2016/05/24 08:30:00,1.117270,1.118340,1.117150,1.118070,1.117010,1.118060,1.116920,1.117740
2016/05/24 09:00:00,1.118070,1.119050,1.117860,1.118880,1.117740,1.118790,1.117550,1.118620
2016/05/24 09:30:00,1.118880,1.118880,1.117830,1.118470,1.118620,1.118630,1.117570,1.118220
2016/05/24 10:00:00,1.118470,1.118940,1.117870,1.117920,1.118220,1.118680,1.117610,1.117660
2016/05/24 10:30:00,1.117920,1.118590,1.117320,1.118290,1.117660,1.118350,1.117070,1.118030
2016/05/24 11:00:00,1.118290,1.118710,1.117840,1.117870,1.118030,1.118450,1.117580,1.117620
2016/05/24 11:30:00,1.117870,1.117880,1.117120,1.117170,1.117620,1.117630,1.116890,1.116930
2016/05/24 12:00:00,1.117170,1.117700,1.116370,1.116890,1.116930,1.117440,1.116140,1.116630
2016/05/24 12:30:00,1.116890,1.117090,1.115820,1.116200,1.116630,1.116840,1.115560,1.115950
2016/05/24 13:00:00,1.116200,1.116240,1.115470,1.115970,1.115950,1.115990,1.115220,1.115730
2016/05/24 13:30:00,1.115970,1.116490,1.115510,1.116040,1.115730,1.116240,1.115260,1.115750
2016/05/24 14:00:00,1.116040,1.116180,1.114880,1.115120,1.115750,1.115750,1.114650,1.114860
2016/05/24 14:30:00,1.115120,1.116310,1.114670,1.116080,1.114860,1.116060,1.114430,1.115830
2016/05/24 15:00:00,1.116080,1.116250,1.115380,1.115870,1.115830,1.116000,1.115150,1.115610
2016/05/24 15:30:00,1.115870,1.115970,1.114530,1.114570,1.115610,1.115720,1.114280,1.114310
2016/05/24 16:00:00,1.114570,1.114650,1.114090,1.114490,1.114310,1.114400,1.113850,1.114240
2016/05/24 16:30:00,1.114490,1.115230,1.114410,1.115070,1.114240,1.114980,1.114150,1.114830
2016/05/24 17:00:00,1.115070,1.115180,1.114430,1.114630,1.114830,1.114930,1.114200,1.114380
2016/05/24 17:30:00,1.114630,1.115090,1.114140,1.114490,1.114380,1.114840,1.113880,1.114240
2016/05/24 18:00:00,1.114490,1.114900,1.114370,1.114780,1.114240,1.114650,1.114110,1.114520
2016/05/24 18:30:00,1.114780,1.115180,1.114540,1.114650,1.114520,1.114920,1.114270,1.114390
2016/05/24 19:00:00,1.114650,1.114690,1.113380,1.114170,1.114390,1.114420,1.113120,1.113910
2016/05/24 19:30:00,1.114170,1.114340,1.113990,1.114260,1.113910,1.114070,1.113720,1.114000
2016/05/24 20:00:00,1.114260,1.114590,1.114110,1.114310,1.114000,1.114350,1.113850,1.114060
2016/05/24 20:30:00,1.114310,1.114520,1.114050,1.114360,1.114060,1.114240,1.113780,1.113790
2016/05/24 21:00:00,1.114360,1.114470,1.114060,1.114100,1.113790,1.114160,1.113700,1.113830
2016/05/24 21:30:00,1.114100,1.114410,1.114030,1.114210,1.113830,1.114100,1.113730,1.113940
2016/05/24 22:00:00,1.114210,1.114330,1.114120,1.114280,1.113940,1.114070,1.113870,1.114010
2016/05/24 22:30:00,1.114280,1.114370,1.114060,1.114170,1.114010,1.114110,1.113820,1.113910
2016/05/24 23:00:00,1.114170,1.114330,1.113940,1.114310,1.113910,1.114070,1.113680,1.114040
2016/05/24 23:30:00,1.114310,1.114310,1.113620,1.113670,1.114040,1.114040,1.113330,1.113410
2016/05/25 00:00:00,1.113670,1.114330,1.113600,1.114130,1.113410,1.114070,1.113310,1.113870
2016/05/25 00:30:00,1.114130,1.114440,1.113840,1.114010,1.113870,1.114160,1.113590,1.113740
2016/05/25 01:00:00,1.114010,1.114490,1.113810,1.113930,1.113740,1.114210,1.113560,1.113690
2016/05/25 01:30:00,1.113930,1.114730,1.113860,1.114640,1.113690,1.114470,1.113620,1.114380
2016/05/25 02:00:00,1.114640,1.114820,1.114380,1.114560,1.114380,1.114550,1.114110,1.114290
2016/05/25 02:30:00,1.114560,1.114850,1.114520,1.114820,1.114290,1.114600,1.114260,1.114570
2016/05/25 03:00:00,1.114820,1.115620,1.114740,1.115480,1.114570,1.115350,1.114480,1.115230
2016/05/25 03:30:00,1.115480,1.115930,1.115380,1.115750,1.115230,1.115670,1.115110,1.115500
2016/05/25 04:00:00,1.115750,1.115780,1.115240,1.115380,1.115500,1.115510,1.114970,1.115120
2016/05/25 04:30:00,1.115380,1.115410,1.115070,1.115170,1.115120,1.115140,1.114810,1.114900
2016/05/25 05:00:00,1.115170,1.115620,1.115130,1.115220,1.114900,1.115350,1.114870,1.114960
2016/05/25 05:30:00,1.115220,1.115570,1.115000,1.115550,1.114960,1.115300,1.114750,1.115280
2016/05/25 06:00:00,1.115550,1.115560,1.114560,1.114790,1.115280,1.115310,1.114310,1.114560
2016/05/25 06:30:00,1.114790,1.115600,1.114770,1.115380,1.114560,1.115350,1.114530,1.115130
2016/05/25 07:00:00,1.115380,1.115800,1.114380,1.114650,1.115130,1.115540,1.114130,1.114400
2016/05/25 07:30:00,1.114650,1.114960,1.114150,1.114810,1.114400,1.114710,1.113890,1.114450
2016/05/25 08:00:00,1.114810,1.115450,1.114280,1.114350,1.114450,1.115180,1.114040,1.114080
2016/05/25 08:30:00,1.114350,1.114900,1.113930,1.114790,1.114080,1.114660,1.113680,1.114530
2016/05/25 09:00:00,1.114790,1.115250,1.114240,1.115050,1.114530,1.115010,1.113980,1.114800
2016/05/25 09:30:00,1.115050,1.115450,1.114690,1.114750,1.114800,1.115200,1.114440,1.114490
2016/05/25 10:00:00,1.114750,1.114750,1.113940,1.114010,1.114490,1.114500,1.113690,1.113760
2016/05/25 10:30:00,1.114010,1.114540,1.113740,1.114520,1.113760,1.114270,1.113480,1.114260
2016/05/25 11:00:00,1.114520,1.114980,1.114180,1.114630,1.114260,1.114740,1.113940,1.114370
2016/05/25 11:30:00,1.114630,1.115110,1.114240,1.115060,1.114370,1.114870,1.113990,1.114800
2016/05/25 12:00:00,1.115060,1.115110,1.114400,1.114840,1.114800,1.114900,1.114160,1.114590
2016/05/25 12:30:00,1.114840,1.115470,1.114270,1.114820,1.114590,1.115220,1.114010,1.114580
2016/05/25 13:00:00,1.114820,1.115170,1.114310,1.114980,1.114580,1.114920,1.114060,1.114730
2016/05/25 13:30:00,1.114980,1.115460,1.114570,1.115210,1.114730,1.115210,1.114320,1.114970
2016/05/25 14:00:00,1.115210,1.115320,1.113020,1.113450,1.114970,1.115070,1.112760,1.113190
2016/05/25 14:30:00,1.113450,1.115030,1.113110,1.114580,1.113190,1.114790,1.112850,1.114330
2016/05/25 15:00:00,1.114580,1.116650,1.114140,1.116260,1.114330,1.116430,1.113880,1.116010
2016/05/25 15:30:00,1.116260,1.116540,1.115270,1.115400,1.116010,1.116290,1.115020,1.115150
2016/05/25 16:00:00,1.115400,1.115950,1.115340,1.115450,1.115150,1.115690,1.115100,1.115210
2016/05/25 16:30:00,1.115450,1.116040,1.115270,1.116030,1.115210,1.115790,1.115010,1.115780
2016/05/25 17:00:00,1.116030,1.116610,1.115830,1.116490,1.115780,1.116350,1.115600,1.116220
2016/05/25 17:30:00,1.116490,1.116830,1.116000,1.116260,1.116220,1.116580,1.115740,1.116000
2016/05/25 18:00:00,1.116260,1.116420,1.115990,1.116100,1.116000,1.116160,1.115730,1.115850
2016/05/25 18:30:00,1.116100,1.116600,1.115910,1.116320,1.115850,1.116360,1.115660,1.116070
2016/05/25 19:00:00,1.116320,1.116420,1.116050,1.116350,1.116070,1.116170,1.115780,1.116090
2016/05/25 19:30:00,1.116350,1.116450,1.115410,1.115490,1.116090,1.116200,1.115150,1.115240
2016/05/25 20:00:00,1.115490,1.115630,1.115120,1.115550,1.115240,1.115370,1.114860,1.115270
2016/05/25 20:30:00,1.115550,1.115710,1.115300,1.115630,1.115270,1.115370,1.115050,1.115320
2016/05/25 21:00:00,1.115630,1.116070,1.115550,1.115720,1.115320,1.115730,1.115160,1.115420
2016/05/25 21:30:00,1.115720,1.116050,1.115620,1.115690,1.115420,1.115710,1.115270,1.115400
2016/05/25 22:00:00,1.115690,1.115820,1.115440,1.115680,1.115400,1.115510,1.115150,1.115410
2016/05/25 22:30:00,1.115680,1.115970,1.115490,1.115750,1.115410,1.115710,1.115210,1.115490
2016/05/25 23:00:00,1.115750,1.115780,1.115110,1.115180,1.115490,1.115500,1.114850,1.114910
2016/05/25 23:30:00,1.115180,1.115920,1.115090,1.115640,1.114910,1.115660,1.114830,1.115360
2016/05/26 00:00:00,1.115640,1.117210,1.115560,1.116630,1.115360,1.116870,1.115290,1.116370
2016/05/26 00:30:00,1.116630,1.117960,1.116630,1.117200,1.116370,1.117680,1.116370,1.116930
2016/05/26 01:00:00,1.117200,1.117610,1.116790,1.117400,1.116930,1.117350,1.116530,1.117120
2016/05/26 01:30:00,1.117400,1.117510,1.116760,1.117080,1.117120,1.117240,1.116510,1.116820
2016/05/26 02:00:00,1.117080,1.118150,1.117080,1.117950,1.116820,1.117890,1.116810,1.117720
2016/05/26 02:30:00,1.117950,1.118020,1.117520,1.117700,1.117720,1.117760,1.117270,1.117440
2016/05/26 03:00:00,1.117700,1.118810,1.117570,1.118500,1.117440,1.118550,1.117310,1.118240
2016/05/26 03:30:00,1.118500,1.118580,1.118010,1.118260,1.118240,1.118310,1.117750,1.117990
2016/05/26 04:00:00,1.118260,1.118790,1.118130,1.118520,1.117990,1.118530,1.117870,1.118260
2016/05/26 04:30:00,1.118520,1.118580,1.118080,1.118140,1.118260,1.118320,1.117820,1.117880
2016/05/26 05:00:00,1.118140,1.119130,1.118120,1.118870,1.117880,1.118870,1.117860,1.118620
2016/05/26 05:30:00,1.118870,1.118880,1.118400,1.118510,1.118620,1.118620,1.118140,1.118260
2016/05/26 06:00:00,1.118510,1.118510,1.117810,1.117890,1.118260,1.118260,1.117550,1.117630
2016/05/26 06:30:00,1.117890,1.117950,1.117040,1.117240,1.117630,1.117690,1.116790,1.116990
2016/05/26 07:00:00,1.117240,1.117440,1.116690,1.116750,1.116990,1.117200,1.116430,1.116490
2016/05/26 07:30:00,1.116750,1.117670,1.116750,1.117140,1.116490,1.117430,1.116490,1.116870
2016/05/26 08:00:00,1.117140,1.117600,1.117050,1.117270,1.116870,1.117350,1.116790,1.117010
2016/05/26 08:30:00,1.117270,1.118360,1.117260,1.117950,1.117010,1.118100,1.117010,1.117690
2016/05/26 09:00:00,1.117950,1.118380,1.117750,1.117930,1.117690,1.118120,1.117490,1.117690
2016/05/26 09:30:00,1.117930,1.118620,1.117800,1.118470,1.117690,1.118360,1.117560,1.118230
2016/05/26 10:00:00,1.118470,1.119390,1.118100,1.119130,1.118230,1.119120,1.117850,1.118880
2016/05/26 10:30:00,1.119130,1.119240,1.118000,1.118110,1.118880,1.119000,1.117750,1.117860
2016/05/26 11:00:00,1.118110,1.118540,1.117680,1.118350,1.117860,1.118300,1.117420,1.118090
2016/05/26 11:30:00,1.118350,1.118460,1.116790,1.117190,1.118090,1.118210,1.116540,1.116930
2016/05/26 12:00:00,1.117190,1.117720,1.116600,1.117140,1.116930,1.117460,1.116360,1.116790
2016/05/26 12:30:00,1.117140,1.120360,1.115990,1.120150,1.116790,1.120100,1.115710,1.119900
2016/05/26 13:00:00,1.120150,1.121810,1.120090,1.121090,1.119900,1.121570,1.119840,1.120850
2016/05/26 13:30:00,1.121090,1.121570,1.119720,1.119880,1.120850,1.121310,1.119450,1.119610
2016/05/26 14:00:00,1.119880,1.120210,1.118830,1.119720,1.119610,1.119950,1.118590,1.119470
2016/05/26 14:30:00,1.119720,1.120450,1.118530,1.118530,1.119470,1.120200,1.118290,1.118310
2016/05/26 15:00:00,1.118530,1.118760,1.117540,1.118440,1.118310,1.118510,1.117280,1.118180
2016/05/26 15:30:00,1.118440,1.118620,1.117960,1.118480,1.118180,1.118380,1.117710,1.118220
2016/05/26 16:00:00,1.118480,1.118520,1.117180,1.117250,1.118220,1.118270,1.116920,1.116990
2016/05/26 16:30:00,1.117250,1.118010,1.117030,1.117700,1.116990,1.117750,1.116780,1.117440
2016/05/26 17:00:00,1.117700,1.118910,1.117660,1.118620,1.117440,1.118650,1.117420,1.118360
2016/05/26 17:30:00,1.118620,1.118850,1.118350,1.118400,1.118360,1.118580,1.118090,1.118140
2016/05/26 18:00:00,1.118400,1.118860,1.118100,1.118720,1.118140,1.118610,1.117840,1.118470
2016/05/26 18:30:00,1.118720,1.119340,1.118700,1.119250,1.118470,1.119090,1.118440,1.118990
2016/05/26 19:00:00,1.119250,1.119510,1.119100,1.119310,1.118990,1.119250,1.118840,1.119050
2016/05/26 19:30:00,1.119310,1.119460,1.118940,1.118960,1.119050,1.119210,1.118680,1.118710
2016/05/26 20:00:00,1.118960,1.119430,1.118960,1.119080,1.118710,1.119160,1.118710,1.118810
2016/05/26 20:30:00,1.119080,1.119650,1.119050,1.119610,1.118810,1.119390,1.118790,1.119170
2016/05/26 21:00:00,1.119610,1.119660,1.119070,1.119400,1.119170,1.119320,1.118750,1.119080
2016/05/26 21:30:00,1.119400,1.119790,1.119120,1.119530,1.119080,1.119430,1.118760,1.119110
2016/05/26 22:00:00,1.119530,1.119610,1.119190,1.119500,1.119110,1.119360,1.118890,1.119240
2016/05/26 22:30:00,1.119500,1.119570,1.119350,1.119440,1.119240,1.119310,1.119070,1.119160
2016/05/26 23:00:00,1.119440,1.119620,1.119220,1.119580,1.119160,1.119330,1.118990,1.119320
2016/05/26 23:30:00,1.119580,1.119590,1.119100,1.119310,1.119320,1.119320,1.118840,1.119030
2016/05/27 00:00:00,1.119310,1.120090,1.119280,1.119500,1.119030,1.119840,1.119010,1.119240
2016/05/27 00:30:00,1.119500,1.119600,1.118960,1.119320,1.119240,1.119340,1.118690,1.119060
2016/05/27 01:00:00,1.119320,1.119620,1.118870,1.119090,1.119060,1.119360,1.118590,1.118820
2016/05/27 01:30:00,1.119090,1.119490,1.119030,1.119220,1.118820,1.119230,1.118770,1.118970
2016/05/27 02:00:00,1.119220,1.119250,1.118780,1.119030,1.118970,1.119000,1.118530,1.118770
2016/05/27 02:30:00,1.119030,1.119050,1.118490,1.118700,1.118770,1.118790,1.118230,1.118440
2016/05/27 03:00:00,1.118700,1.118970,1.118660,1.118910,1.118440,1.118730,1.118390,1.118640
2016/05/27 03:30:00,1.118910,1.119120,1.118800,1.118970,1.118640,1.118850,1.118540,1.118700
2016/05/27 04:00:00,1.118970,1.119040,1.118760,1.119040,1.118700,1.118800,1.118500,1.118800
2016/05/27 04:30:00,1.119040,1.119190,1.118970,1.119000,1.118800,1.118940,1.118720,1.118740
2016/05/27 05:00:00,1.119000,1.119570,1.118750,1.119500,1.118740,1.119310,1.118520,1.119240
2016/05/27 05:30:00,1.119500,1.119770,1.118970,1.119080,1.119240,1.119510,1.118720,1.118810
2016/05/27 06:00:00,1.119080,1.120220,1.119040,1.119430,1.118810,1.119950,1.118790,1.119180
2016/05/27 06:30:00,1.119430,1.119810,1.119050,1.119170,1.119180,1.119590,1.118790,1.118910
2016/05/27 07:00:00,1.119170,1.119170,1.118020,1.118240,1.118910,1.118910,1.117780,1.117990
2016/05/27 07:30:00,1.118240,1.118510,1.117630,1.117730,1.117990,1.118260,1.117380,1.117470
2016/05/27 08:00:00,1.117730,1.118670,1.117570,1.118280,1.117470,1.118420,1.117320,1.118020
2016/05/27 08:30:00,1.118280,1.118770,1.117900,1.118240,1.118020,1.118510,1.117650,1.118000
2016/05/27 09:00:00,1.118240,1.118260,1.117400,1.118120,1.118000,1.118000,1.117130,1.117870
2016/05/27 09:30:00,1.118120,1.118590,1.117760,1.117910,1.117870,1.118340,1.117500,1.117650
2016/05/27 10:00:00,1.117910,1.117910,1.117400,1.117560,1.117650,1.117650,1.117150,1.117290
2016/05/27 10:30:00,1.117560,1.118130,1.117480,1.117850,1.117290,1.117890,1.117220,1.117590
2016/05/27 11:00:00,1.117850,1.118460,1.117620,1.117650,1.117590,1.118200,1.117360,1.117400
2016/05/27 11:30:00,1.117650,1.117680,1.116410,1.116660,1.117400,1.117420,1.116190,1.116420
2016/05/27 12:00:00,1.116660,1.117270,1.116560,1.116910,1.116420,1.117030,1.116310,1.116630
2016/05/27 12:30:00,1.116910,1.117870,1.115380,1.115750,1.116630,1.117640,1.115150,1.115500
2016/05/27 13:00:00,1.115750,1.116320,1.114990,1.115270,1.115500,1.116090,1.114710,1.115010
2016/05/27 13:30:00,1.115270,1.115400,1.114660,1.115350,1.115010,1.115140,1.114400,1.115070
2016/05/27 14:00:00,1.115350,1.115650,1.113640,1.114330,1.115070,1.115380,1.113410,1.114090
2016/05/27 14:30:00,1.114330,1.114340,1.112670,1.113520,1.114090,1.114110,1.112360,1.113260
2016/05/27 15:00:00,1.113520,1.113670,1.112690,1.113460,1.113260,1.113420,1.112470,1.113220
2016/05/27 15:30:00,1.113460,1.114290,1.113120,1.114060,1.113220,1.114040,1.112880,1.113830
2016/05/27 16:00:00,1.114060,1.114200,1.113250,1.113380,1.113830,1.113960,1.112990,1.113160
2016/05/27 16:30:00,1.113380,1.114040,1.113350,1.113820,1.113160,1.113800,1.113110,1.113580
2016/05/27 17:00:00,1.113820,1.114950,1.113800,1.114550,1.113580,1.114720,1.113550,1.114290
2016/05/27 17:30:00,1.114550,1.114880,1.112260,1.112530,1.114290,1.114610,1.111990,1.112260
2016/05/27 18:00:00,1.112530,1.112600,1.111310,1.111940,1.112260,1.112320,1.111040,1.111690
2016/05/27 18:30:00,1.111940,1.111940,1.111340,1.111680,1.111690,1.111690,1.111080,1.111420
2016/05/27 19:00:00,1.111680,1.111980,1.111470,1.111480,1.111420,1.111720,1.111200,1.111200
2016/05/27 19:30:00,1.111480,1.111640,1.111260,1.111420,1.111200,1.111370,1.111010,1.111150
2016/05/27 20:00:00,1.111420,1.111570,1.111270,1.111450,1.111150,1.111290,1.111010,1.111160
2016/05/27 20:30:00,1.111450,1.111900,1.111240,1.111890,1.111160,1.111270,1.110870,1.110870
2016/05/29 19:00:00,1.111890,1.112420,1.111780,1.111970,1.110870,1.111740,1.110870,1.111380
2016/05/29 19:30:00,1.111970,1.112030,1.111690,1.111990,1.111380,1.111460,1.111350,1.111400
2016/05/29 20:00:00,1.111990,1.111990,1.111710,1.111730,1.111400,1.111580,1.111220,1.111240
2016/05/29 20:30:00,1.111730,1.111970,1.111430,1.111630,1.111240,1.111330,1.111090,1.111110
2016/05/29 21:00:00,1.111630,1.111760,1.111460,1.111610,1.111110,1.111310,1.111010,1.111270
2016/05/29 21:30:00,1.111610,1.111680,1.111580,1.111640,1.111270,1.111350,1.111210,1.111280
2016/05/29 22:00:00,1.111640,1.111750,1.111290,1.111360,1.111280,1.111420,1.110990,1.111060
2016/05/29 22:30:00,1.111360,1.111680,1.111080,1.111240,1.111060,1.111410,1.110790,1.110950
2016/05/29 23:00:00,1.111240,1.111280,1.110830,1.110910,1.110950,1.110990,1.110570,1.110640
2016/05/29 23:30:00,1.110910,1.111260,1.110890,1.110980,1.110640,1.110980,1.110620,1.110700
2016/05/30 00:00:00,1.110980,1.111010,1.110230,1.110320,1.110700,1.110730,1.109980,1.110060
2016/05/30 00:30:00,1.110320,1.110670,1.109910,1.110460,1.110060,1.110410,1.109690,1.110160
2016/05/30 01:00:00,1.110460,1.110880,1.110210,1.110240,1.110160,1.110610,1.109950,1.109960
2016/05/30 01:30:00,1.110240,1.110760,1.109930,1.110630,1.109960,1.110500,1.109670,1.110360
2016/05/30 02:00:00,1.110630,1.110640,1.110050,1.110160,1.110360,1.110370,1.109800,1.109900
2016/05/30 02:30:00,1.110160,1.110760,1.110160,1.110710,1.109900,1.110510,1.109900,1.110430
2016/05/30 03:00:00,1.110710,1.110710,1.110260,1.110610,1.110430,1.110440,1.110000,1.110360
2016/05/30 03:30:00,1.110610,1.110770,1.110470,1.110510,1.110360,1.110500,1.110230,1.110240
2016/05/30 04:00:00,1.110510,1.110890,1.110320,1.110840,1.110240,1.110630,1.110080,1.110580
2016/05/30 04:30:00,1.110840,1.110940,1.110490,1.110650,1.110580,1.110690,1.110240,1.110390
2016/05/30 05:00:00,1.110650,1.110710,1.110330,1.110540,1.110390,1.110450,1.110070,1.110280
2016/05/30 05:30:00,1.110540,1.110710,1.110200,1.110660,1.110280,1.110440,1.109950,1.110400
2016/05/30 06:00:00,1.110660,1.111460,1.110390,1.111460,1.110400,1.111190,1.110150,1.111190
2016/05/30 06:30:00,1.111460,1.112150,1.111240,1.112070,1.111190,1.111890,1.110980,1.111810
2016/05/30 07:00:00,1.112070,1.112340,1.111700,1.111980,1.111810,1.112090,1.111430,1.111710
2016/05/30 07:30:00,1.111980,1.112880,1.111540,1.112360,1.111710,1.112620,1.111290,1.112100
2016/05/30 08:00:00,1.112360,1.113820,1.112350,1.113470,1.112100,1.113550,1.112090,1.113200
2016/05/30 08:30:00,1.113470,1.113910,1.113180,1.113560,1.113200,1.113660,1.112940,1.113300
2016/05/30 09:00:00,1.113560,1.113910,1.113290,1.113350,1.113300,1.113690,1.113030,1.113090
2016/05/30 09:30:00,1.113350,1.113680,1.113050,1.113420,1.113090,1.113410,1.112790,1.113170
2016/05/30 10:00:00,1.113420,1.114460,1.113410,1.114200,1.113170,1.114220,1.113160,1.113940
2016/05/30 10:30:00,1.114200,1.114480,1.113700,1.114140,1.113940,1.114230,1.113440,1.113870
2016/05/30 11:00:00,1.114140,1.114520,1.114100,1.114310,1.113870,1.114260,1.113840,1.114050
2016/05/30 11:30:00,1.114310,1.114310,1.113850,1.114080,1.114050,1.114060,1.113580,1.113830
2016/05/30 12:00:00,1.114080,1.114180,1.113560,1.113900,1.113830,1.113930,1.113300,1.113650
2016/05/30 12:30:00,1.113900,1.114250,1.113770,1.114100,1.113650,1.114010,1.113510,1.113850
2016/05/30 13:00:00,1.114100,1.114560,1.113750,1.114450,1.113850,1.114310,1.113490,1.114210
2016/05/30 13:30:00,1.114450,1.114610,1.114170,1.114260,1.114210,1.114350,1.113930,1.114000
2016/05/30 14:00:00,1.114260,1.114460,1.114000,1.114310,1.114000,1.114200,1.113730,1.114060
2016/05/30 14:30:00,1.114310,1.114470,1.113850,1.113850,1.114060,1.114220,1.113600,1.113600
2016/05/30 15:00:00,1.113850,1.114000,1.113380,1.113710,1.113600,1.113730,1.113130,1.113450
2016/05/30 15:30:00,1.113710,1.114050,1.113620,1.113830,1.113450,1.113800,1.113370,1.113580
2016/05/30 16:00:00,1.113830,1.113840,1.112950,1.113150,1.113580,1.113590,1.112710,1.112870
2016/05/30 16:30:00,1.113150,1.113700,1.113090,1.113570,1.112870,1.113420,1.112820,1.113350
2016/05/30 17:00:00,1.113570,1.114020,1.113570,1.113930,1.113350,1.113750,1.113340,1.113620
2016/05/30 17:30:00,1.113930,1.114060,1.113680,1.113690,1.113620,1.113780,1.113350,1.113400
2016/05/30 18:00:00,1.113690,1.113970,1.113600,1.113880,1.113400,1.113710,1.113320,1.113630
2016/05/30 18:30:00,1.113880,1.114090,1.113670,1.113860,1.113630,1.113840,1.113390,1.113590
2016/05/30 19:00:00,1.113860,1.114100,1.113750,1.114090,1.113590,1.113840,1.113470,1.113820
2016/05/30 19:30:00,1.114090,1.114360,1.114000,1.114250,1.113820,1.114050,1.113720,1.113940
2016/05/30 20:00:00,1.114250,1.114330,1.113990,1.114020,1.113940,1.114050,1.113720,1.113770
2016/05/30 20:30:00,1.114020,1.114110,1.113830,1.114090,1.113770,1.113850,1.113490,1.113530
2016/05/30 21:00:00,1.114090,1.114250,1.113940,1.113940,1.113530,1.113750,1.113450,1.113580
2016/05/30 21:30:00,1.113940,1.114050,1.113630,1.113640,1.113580,1.113620,1.113280,1.113340
2016/05/30 22:00:00,1.113640,1.114260,1.113580,1.113920,1.113340,1.113980,1.113320,1.113640
2016/05/30 22:30:00,1.113920,1.114340,1.113890,1.114320,1.113640,1.114070,1.113600,1.114040
2016/05/30 23:00:00,1.114320,1.114650,1.114310,1.114580,1.114040,1.114360,1.114040,1.114310
2016/05/30 23:30:00,1.114580,1.115100,1.114440,1.114910,1.114310,1.114830,1.114180,1.114650
2016/05/31 00:00:00,1.114910,1.115310,1.114860,1.115180,1.114650,1.115070,1.114610,1.114940
2016/05/31 00:30:00,1.115180,1.115210,1.114360,1.114910,1.114940,1.114950,1.114110,1.114650
2016/05/31 01:00:00,1.114910,1.115610,1.114650,1.114660,1.114650,1.115370,1.114390,1.114390
2016/05/31 01:30:00,1.114660,1.115490,1.114360,1.114690,1.114390,1.115240,1.114100,1.114440
2016/05/31 02:00:00,1.114690,1.115260,1.114570,1.114790,1.114440,1.115010,1.114320,1.114530
2016/05/31 02:30:00,1.114790,1.115370,1.114780,1.114850,1.114530,1.115110,1.114510,1.114590
2016/05/31 03:00:00,1.114850,1.115100,1.114730,1.114970,1.114590,1.114840,1.114460,1.114710
2016/05/31 03:30:00,1.114970,1.115430,1.114720,1.115180,1.114710,1.115190,1.114460,1.114920
2016/05/31 04:00:00,1.115180,1.115260,1.113630,1.113950,1.114920,1.115000,1.113360,1.113690
2016/05/31 04:30:00,1.113950,1.114020,1.113270,1.113460,1.113690,1.113760,1.113000,1.113210
2016/05/31 05:00:00,1.113460,1.113780,1.113210,1.113420,1.113210,1.113510,1.112970,1.113160
2016/05/31 05:30:00,1.113420,1.113690,1.113130,1.113310,1.113160,1.113440,1.112860,1.113020
2016/05/31 06:00:00,1.113310,1.113560,1.112590,1.113400,1.113020,1.113310,1.112340,1.113130
2016/05/31 06:30:00,1.113400,1.113800,1.112870,1.113320,1.113130,1.113540,1.112610,1.113060
2016/05/31 07:00:00,1.113320,1.113320,1.112360,1.112940,1.113060,1.113060,1.112100,1.112680
2016/05/31 07:30:00,1.112940,1.113720,1.112510,1.112730,1.112680,1.113480,1.112260,1.112460
2016/05/31 08:00:00,1.112730,1.113280,1.112460,1.112760,1.112460,1.113040,1.112220,1.112500
2016/05/31 08:30:00,1.112760,1.113670,1.112420,1.113610,1.112500,1.113370,1.112180,1.113340
2016/05/31 09:00:00,1.113610,1.113670,1.112850,1.113250,1.113340,1.113360,1.112600,1.112990
2016/05/31 09:30:00,1.113250,1.115260,1.113170,1.114740,1.112990,1.115010,1.112910,1.114480
2016/05/31 10:00:00,1.114740,1.116010,1.114580,1.115460,1.114480,1.115760,1.114330,1.115220
2016/05/31 10:30:00,1.115460,1.115680,1.115180,1.115350,1.115220,1.115430,1.114940,1.115090
2016/05/31 11:00:00,1.115350,1.116640,1.115140,1.116380,1.115090,1.116380,1.114890,1.116130
2016/05/31 11:30:00,1.116380,1.116640,1.115780,1.116340,1.116130,1.116400,1.115520,1.116090
2016/05/31 12:00:00,1.116340,1.116340,1.115160,1.115270,1.116090,1.116100,1.114900,1.114970
2016/05/31 12:30:00,1.115270,1.115650,1.114720,1.115570,1.114970,1.115410,1.114480,1.115310
2016/05/31 13:00:00,1.115570,1.116450,1.115460,1.116170,1.115310,1.116210,1.115210,1.115920
2016/05/31 13:30:00,1.116170,1.117280,1.115800,1.117250,1.115920,1.116940,1.115550,1.116900
2016/05/31 14:00:00,1.117250,1.117470,1.116310,1.117200,1.116900,1.117220,1.116060,1.116970
2016/05/31 14:30:00,1.117200,1.117340,1.113380,1.113400,1.116970,1.117100,1.113130,1.113150
2016/05/31 15:00:00,1.113400,1.114040,1.112640,1.112970,1.113150,1.113810,1.112400,1.112730
2016/05/31 15:30:00,1.112970,1.113600,1.112940,1.113530,1.112730,1.113350,1.112690,1.113300
2016/05/31 16:00:00,1.113530,1.114650,1.113100,1.114630,1.113300,1.114390,1.112850,1.114370
2016/05/31 16:30:00,1.114630,1.114680,1.113990,1.114000,1.114370,1.114420,1.113730,1.113740
2016/05/31 17:00:00,1.114000,1.114170,1.113290,1.113850,1.113740,1.113910,1.113030,1.113600
2016/05/31 17:30:00,1.113850,1.113960,1.113330,1.113690,1.113600,1.113700,1.113090,1.113440
2016/05/31 18:00:00,1.113690,1.114510,1.113400,1.113840,1.113440,1.114250,1.113140,1.113590
2016/05/31 18:30:00,1.113840,1.114050,1.112660,1.112760,1.113590,1.113800,1.112400,1.112510
2016/05/31 19:00:00,1.112760,1.113610,1.112660,1.113600,1.112510,1.113340,1.112400,1.113340
2016/05/31 19:30:00,1.113600,1.113660,1.112620,1.112790,1.113340,1.113410,1.112390,1.112530
2016/05/31 20:00:00,1.112790,1.113310,1.112700,1.113110,1.112530,1.113050,1.112430,1.112850
2016/05/31 20:30:00,1.113110,1.113570,1.113110,1.113450,1.112850,1.113290,1.112840,1.112890
2016/05/31 21:00:00,1.113450,1.113450,1.112780,1.113250,1.112890,1.113010,1.112510,1.112820
2016/05/31 21:30:00,1.113250,1.113330,1.112850,1.113190,1.112820,1.112930,1.112550,1.112790
2016/05/31 22:00:00,1.113190,1.113550,1.113000,1.113340,1.112790,1.113250,1.112730,1.113080
2016/05/31 22:30:00,1.113340,1.113360,1.113150,1.113290,1.113080,1.113090,1.112880,1.113030
2016/05/31 23:00:00,1.113290,1.113390,1.113170,1.113210,1.113030,1.113150,1.112910,1.112940
2016/05/31 23:30:00,1.113210,1.113630,1.113170,1.113540,1.112940,1.113370,1.112920,1.113280
