StartDate,AskOpen,AskHigh,AskLow,AskClose,BidOpen,BidHigh,BidLow,BidClose
2016/06/01 00:00:00,1.113540,1.113830,1.112920,1.112920,1.113280,1.113570,1.112660,1.112660
2016/06/01 00:30:00,1.112920,1.112990,1.111910,1.112670,1.112660,1.112740,1.111650,1.112410
2016/06/01 01:00:00,1.112670,1.113010,1.112580,1.112710,1.112410,1.112730,1.112310,1.112410
2016/06/01 01:30:00,1.112710,1.112960,1.111850,1.111900,1.112410,1.112700,1.111570,1.111640
2016/06/01 02:00:00,1.111900,1.112570,1.111890,1.112040,1.111640,1.112310,1.111630,1.111780
2016/06/01 02:30:00,1.112040,1.112630,1.111970,1.112490,1.111780,1.112360,1.111700,1.112230
2016/06/01 03:00:00,1.112490,1.112500,1.111550,1.112250,1.112230,1.112240,1.111290,1.112000
2016/06/01 03:30:00,1.112250,1.112620,1.112060,1.112490,1.112000,1.112370,1.111820,1.112230
2016/06/01 04:00:00,1.112490,1.112530,1.112010,1.112080,1.112230,1.112250,1.111760,1.111820
2016/06/01 04:30:00,1.112080,1.112620,1.112080,1.112540,1.111820,1.112360,1.111820,1.112260
2016/06/01 05:00:00,1.112540,1.112970,1.111770,1.112070,1.112260,1.112720,1.111510,1.111800
2016/06/01 05:30:00,1.112070,1.113230,1.112060,1.112550,1.111800,1.112970,1.111790,1.112290
2016/06/01 06:00:00,1.112550,1.113010,1.112110,1.112680,1.112290,1.112750,1.111840,1.112400
2016/06/01 06:30:00,1.112680,1.113690,1.112550,1.112650,1.112400,1.113420,1.112300,1.112380
2016/06/01 07:00:00,1.112650,1.113540,1.112370,1.113140,1.112380,1.113290,1.112120,1.112910
2016/06/01 07:30:00,1.113140,1.115740,1.113140,1.115400,1.112910,1.115460,1.112900,1.115140
2016/06/01 08:00:00,1.115400,1.115740,1.114700,1.115520,1.115140,1.115480,1.114450,1.115260
2016/06/01 08:30:00,1.115520,1.116340,1.115090,1.115650,1.115260,1.116100,1.114840,1.115390
2016/06/01 09:00:00,1.115650,1.116300,1.115310,1.115960,1.115390,1.116040,1.115070,1.115710
2016/06/01 09:30:00,1.115960,1.116460,1.115820,1.116410,1.115710,1.116210,1.115550,1.116160
2016/06/01 10:00:00,1.116410,1.116890,1.115760,1.116680,1.116160,1.116630,1.115510,1.116420
2016/06/01 10:30:00,1.116680,1.116770,1.115770,1.115900,1.116420,1.116510,1.115520,1.115640
2016/06/01 11:00:00,1.115900,1.116620,1.115580,1.116490,1.115640,1.116360,1.115340,1.116240
2016/06/01 11:30:00,1.116490,1.118120,1.116250,1.117550,1.116240,1.117860,1.116000,1.117300
2016/06/01 12:00:00,1.117550,1.118740,1.117350,1.117760,1.117300,1.118470,1.117100,1.117500
2016/06/01 12:30:00,1.117760,1.118490,1.117410,1.117910,1.117500,1.118240,1.117170,1.117660
2016/06/01 13:00:00,1.117910,1.118260,1.116560,1.116910,1.117660,1.118020,1.116330,1.116640
2016/06/01 13:30:00,1.116910,1.118040,1.116640,1.118020,1.116640,1.117660,1.116400,1.117530
2016/06/01 14:00:00,1.118020,1.118050,1.115010,1.117920,1.117530,1.117760,1.114760,1.117670
2016/06/01 14:30:00,1.117920,1.117940,1.116040,1.117660,1.117670,1.117700,1.115810,1.117430
2016/06/01 15:00:00,1.117660,1.118190,1.117150,1.117510,1.117430,1.117930,1.116930,1.117260
2016/06/01 15:30:00,1.117510,1.117820,1.116220,1.116500,1.117260,1.117580,1.115970,1.116240
2016/06/01 16:00:00,1.116500,1.117020,1.115150,1.116880,1.116240,1.116750,1.114900,1.116640
2016/06/01 16:30:00,1.116880,1.117540,1.116830,1.117490,1.116640,1.117290,1.116590,1.117230
2016/06/01 17:00:00,1.117490,1.119030,1.117380,1.117710,1.117230,1.118740,1.117130,1.117450
2016/06/01 17:30:00,1.117710,1.118310,1.117610,1.118290,1.117450,1.118060,1.117400,1.118040
2016/06/01 18:00:00,1.118290,1.118670,1.117860,1.118480,1.118040,1.118410,1.117620,1.118230
2016/06/01 18:30:00,1.118480,1.118730,1.118160,1.118480,1.118230,1.118490,1.117900,1.118220
2016/06/01 19:00:00,1.118480,1.119530,1.118420,1.119500,1.118220,1.119300,1.118150,1.119240
2016/06/01 19:30:00,1.119500,1.119520,1.119050,1.119410,1.119240,1.119260,1.118790,1.119160
2016/06/01 20:00:00,1.119410,1.119490,1.118660,1.118880,1.119160,1.119230,1.118390,1.118630
2016/06/01 20:30:00,1.118880,1.119150,1.118670,1.119130,1.118630,1.118740,1.118400,1.118590
2016/06/01 21:00:00,1.119130,1.119530,1.118740,1.118850,1.118590,1.119070,1.118250,1.118550
2016/06/01 21:30:00,1.118850,1.118880,1.118510,1.118780,1.118550,1.118600,1.118070,1.118520
2016/06/01 22:00:00,1.118780,1.118940,1.118530,1.118620,1.118520,1.118670,1.118260,1.118340
2016/06/01 22:30:00,1.118620,1.118690,1.118510,1.118630,1.118340,1.118430,1.118260,1.118370
2016/06/01 23:00:00,1.118630,1.118790,1.118550,1.118790,1.118370,1.118550,1.118300,1.118540
2016/06/01 23:30:00,1.118790,1.118980,1.118560,1.118900,1.118540,1.118710,1.118310,1.118640
2016/06/02 00:00:00,1.118900,1.119810,1.118880,1.119660,1.118640,1.119560,1.118630,1.119380
2016/06/02 00:30:00,1.119660,1.119920,1.119460,1.119520,1.119380,1.119660,1.119190,1.119260
2016/06/02 01:00:00,1.119520,1.119540,1.118760,1.118790,1.119260,1.119290,1.118480,1.118500
2016/06/02 01:30:00,1.118790,1.119990,1.118770,1.119420,1.118500,1.119730,1.118480,1.119160
2016/06/02 02:00:00,1.119420,1.121510,1.119360,1.121110,1.119160,1.121240,1.119100,1.120860
2016/06/02 02:30:00,1.121110,1.121470,1.120540,1.121190,1.120860,1.121210,1.120290,1.120920
2016/06/02 03:00:00,1.121190,1.121510,1.120610,1.120930,1.120920,1.121250,1.120360,1.120660
2016/06/02 03:30:00,1.120930,1.121120,1.120700,1.121000,1.120660,1.120860,1.120440,1.120740
2016/06/02 04:00:00,1.121000,1.121300,1.120520,1.120690,1.120740,1.121040,1.120270,1.120410
2016/06/02 04:30:00,1.120690,1.120780,1.120230,1.120670,1.120410,1.120520,1.119960,1.120400
2016/06/02 05:00:00,1.120670,1.120880,1.120420,1.120640,1.120400,1.120620,1.120150,1.120390
2016/06/02 05:30:00,1.120640,1.120750,1.119820,1.120050,1.120390,1.120490,1.119560,1.119780
2016/06/02 06:00:00,1.120050,1.120160,1.119310,1.119860,1.119780,1.119900,1.119040,1.119600
2016/06/02 06:30:00,1.119860,1.120610,1.119540,1.119560,1.119600,1.120360,1.119280,1.119320
2016/06/02 07:00:00,1.119560,1.122160,1.119230,1.121500,1.119320,1.121900,1.118970,1.121260
2016/06/02 07:30:00,1.121500,1.121930,1.120650,1.121440,1.121260,1.121670,1.120400,1.121190
2016/06/02 08:00:00,1.121440,1.121620,1.120810,1.121170,1.121190,1.121360,1.120560,1.120920
2016/06/02 08:30:00,1.121170,1.121780,1.120960,1.121210,1.120920,1.121520,1.120710,1.120950
2016/06/02 09:00:00,1.121210,1.121410,1.120110,1.120130,1.120950,1.121160,1.119860,1.119880
2016/06/02 09:30:00,1.120130,1.120710,1.119880,1.120560,1.119880,1.120460,1.119620,1.120310
2016/06/02 10:00:00,1.120560,1.121050,1.120100,1.120110,1.120310,1.120800,1.119840,1.119850
2016/06/02 10:30:00,1.120110,1.120280,1.119920,1.120000,1.119850,1.120020,1.119660,1.119750
2016/06/02 11:00:00,1.120000,1.120060,1.119280,1.119350,1.119750,1.119800,1.119030,1.119100
2016/06/02 11:30:00,1.119350,1.119570,1.118470,1.118750,1.119100,1.119310,1.118220,1.118510
2016/06/02 12:00:00,1.118750,1.119640,1.117830,1.118660,1.118510,1.119380,1.117570,1.118240
2016/06/02 12:30:00,1.118660,1.121770,1.116750,1.119010,1.118240,1.121480,1.116440,1.118730
2016/06/02 13:00:00,1.119010,1.119340,1.117520,1.118880,1.118730,1.119110,1.117260,1.118630
2016/06/02 13:30:00,1.118880,1.119190,1.115330,1.116340,1.118630,1.118940,1.115070,1.116080
2016/06/02 14:00:00,1.116340,1.118030,1.116340,1.117140,1.116080,1.117770,1.116080,1.116890
2016/06/02 14:30:00,1.117140,1.117490,1.115790,1.116020,1.116890,1.117230,1.115530,1.115770
2016/06/02 15:00:00,1.116020,1.116280,1.114680,1.115760,1.115770,1.116030,1.114420,1.115520
2016/06/02 15:30:00,1.115760,1.116110,1.115490,1.115730,1.115520,1.115850,1.115230,1.115480
2016/06/02 16:00:00,1.115730,1.115870,1.115270,1.115680,1.115480,1.115610,1.115020,1.115430
2016/06/02 16:30:00,1.115680,1.115890,1.115230,1.115750,1.115430,1.115640,1.114970,1.115510
2016/06/02 17:00:00,1.115750,1.115970,1.115630,1.115840,1.115510,1.115740,1.115390,1.115570
2016/06/02 17:30:00,1.115840,1.116250,1.115760,1.115940,1.115570,1.116000,1.115510,1.115680
2016/06/02 18:00:00,1.115940,1.116040,1.115340,1.115370,1.115680,1.115780,1.115110,1.115110
2016/06/02 18:30:00,1.115370,1.115470,1.114970,1.115080,1.115110,1.115210,1.114710,1.114830
2016/06/02 19:00:00,1.115080,1.115270,1.114900,1.115200,1.114830,1.115040,1.114650,1.114940
2016/06/02 19:30:00,1.115200,1.115580,1.115130,1.115450,1.114940,1.115350,1.114880,1.115200
2016/06/02 20:00:00,1.115450,1.115600,1.114880,1.115360,1.115200,1.115360,1.114620,1.115100
2016/06/02 20:30:00,1.115360,1.115690,1.115190,1.115240,1.115100,1.115430,1.114850,1.114880
2016/06/02 21:00:00,1.115240,1.115820,1.115220,1.115600,1.114880,1.115480,1.114600,1.115300
2016/06/02 21:30:00,1.115600,1.115600,1.115280,1.115410,1.115300,1.115300,1.114980,1.115120
2016/06/02 22:00:00,1.115410,1.115410,1.115200,1.115340,1.115120,1.115130,1.114930,1.115060
2016/06/02 22:30:00,1.115340,1.115430,1.115130,1.115370,1.115060,1.115150,1.114860,1.115100
2016/06/02 23:00:00,1.115370,1.115440,1.115160,1.115420,1.115100,1.115190,1.114890,1.115160
2016/06/02 23:30:00,1.115420,1.115640,1.115060,1.115300,1.115160,1.115380,1.114790,1.115040
2016/06/03 00:00:00,1.115300,1.115870,1.114910,1.115540,1.115040,1.115600,1.114660,1.115270
2016/06/03 00:30:00,1.115540,1.115570,1.114340,1.114540,1.115270,1.115300,1.114050,1.114270
2016/06/03 01:00:00,1.114540,1.115180,1.114530,1.114740,1.114270,1.114900,1.114270,1.114470
2016/06/03 01:30:00,1.114740,1.115250,1.114680,1.115060,1.114470,1.114980,1.114410,1.114800
2016/06/03 02:00:00,1.115060,1.115550,1.114910,1.115240,1.114800,1.115290,1.114620,1.114980
2016/06/03 02:30:00,1.115240,1.115360,1.115090,1.115250,1.114980,1.115090,1.114820,1.114990
2016/06/03 03:00:00,1.115250,1.115500,1.115080,1.115490,1.114990,1.115260,1.114820,1.115250
2016/06/03 03:30:00,1.115490,1.115840,1.115340,1.115760,1.115250,1.115570,1.115090,1.115510
2016/06/03 04:00:00,1.115760,1.116010,1.115380,1.115740,1.115510,1.115750,1.115120,1.115480
2016/06/03 04:30:00,1.115740,1.116010,1.115660,1.115860,1.115480,1.115750,1.115390,1.115590
2016/06/03 05:00:00,1.115860,1.115920,1.115400,1.115460,1.115590,1.115650,1.115160,1.115200
2016/06/03 05:30:00,1.115460,1.115670,1.115130,1.115370,1.115200,1.115410,1.114870,1.115110
2016/06/03 06:00:00,1.115370,1.115970,1.114870,1.115650,1.115110,1.115710,1.114620,1.115410
2016/06/03 06:30:00,1.115650,1.115680,1.114960,1.115260,1.115410,1.115410,1.114710,1.115000
2016/06/03 07:00:00,1.115260,1.115810,1.114900,1.115510,1.115000,1.115560,1.114640,1.115260
2016/06/03 07:30:00,1.115510,1.115570,1.114760,1.115150,1.115260,1.115310,1.114520,1.114900
2016/06/03 08:00:00,1.115150,1.116030,1.115150,1.115550,1.114900,1.115770,1.114890,1.115300
2016/06/03 08:30:00,1.115550,1.115930,1.114920,1.115000,1.115300,1.115690,1.114660,1.114740
2016/06/03 09:00:00,1.115000,1.115100,1.113930,1.114360,1.114740,1.114840,1.113640,1.114100
2016/06/03 09:30:00,1.114360,1.114620,1.113950,1.114290,1.114100,1.114390,1.113700,1.114040
2016/06/03 10:00:00,1.114290,1.114650,1.113790,1.114090,1.114040,1.114390,1.113540,1.113840
2016/06/03 10:30:00,1.114090,1.114220,1.113880,1.114100,1.113840,1.113970,1.113640,1.113840
2016/06/03 11:00:00,1.114100,1.114650,1.113990,1.114620,1.113840,1.114400,1.113750,1.114360
2016/06/03 11:30:00,1.114620,1.114950,1.114110,1.114540,1.114360,1.114700,1.113870,1.114290
2016/06/03 12:00:00,1.114540,1.116270,1.114540,1.116020,1.114290,1.115950,1.114280,1.115430
2016/06/03 12:30:00,1.116020,1.129910,1.115980,1.128860,1.115430,1.129640,1.115390,1.128610
2016/06/03 13:00:00,1.128860,1.133470,1.128760,1.130730,1.128610,1.133210,1.128510,1.130480
2016/06/03 13:30:00,1.130730,1.132890,1.130550,1.132860,1.130480,1.132620,1.130280,1.132430
2016/06/03 14:00:00,1.132860,1.135120,1.132860,1.133670,1.132430,1.134870,1.132390,1.133440
2016/06/03 14:30:00,1.133670,1.133730,1.132300,1.132870,1.133440,1.133480,1.132050,1.132640
2016/06/03 15:00:00,1.132870,1.134530,1.132810,1.133900,1.132640,1.134280,1.132560,1.133650
2016/06/03 15:30:00,1.133900,1.134180,1.132700,1.132900,1.133650,1.133920,1.132440,1.132640
2016/06/03 16:00:00,1.132900,1.134010,1.132900,1.133790,1.132640,1.133780,1.132640,1.133520
2016/06/03 16:30:00,1.133790,1.134590,1.132480,1.132770,1.133520,1.134330,1.132220,1.132510
2016/06/03 17:00:00,1.132770,1.133850,1.132770,1.133810,1.132510,1.133580,1.132510,1.133550
2016/06/03 17:30:00,1.133810,1.134970,1.133330,1.134640,1.133550,1.134700,1.133070,1.134400
2016/06/03 18:00:00,1.134640,1.134680,1.133770,1.133870,1.134400,1.134420,1.133530,1.133600
2016/06/03 18:30:00,1.133870,1.134760,1.133770,1.134690,1.133600,1.134510,1.133530,1.134430
2016/06/03 19:00:00,1.134690,1.135280,1.134290,1.135250,1.134430,1.135020,1.134020,1.134980
2016/06/03 19:30:00,1.135250,1.135850,1.135000,1.135700,1.134980,1.135590,1.134730,1.135460
2016/06/03 20:00:00,1.135700,1.137070,1.135600,1.136770,1.135460,1.136770,1.135350,1.136490
2016/06/03 20:30:00,1.136770,1.137580,1.136000,1.137310,1.136490,1.137230,1.135700,1.136040
2016/06/05 19:00:00,1.137310,1.137310,1.134270,1.134540,1.136040,1.136040,1.133750,1.133930
2016/06/05 19:30:00,1.134540,1.135620,1.134240,1.135100,1.133930,1.135070,1.133730,1.134560
2016/06/05 20:00:00,1.135100,1.136240,1.135070,1.136240,1.134560,1.135150,1.134480,1.134770
2016/06/05 20:30:00,1.136240,1.137120,1.135750,1.136210,1.134770,1.135640,1.134770,1.134980
2016/06/05 21:00:00,1.136210,1.137550,1.135850,1.136850,1.134980,1.137000,1.134930,1.136180
2016/06/05 21:30:00,1.136850,1.136920,1.136570,1.136810,1.136180,1.136560,1.136050,1.136430
2016/06/05 22:00:00,1.136810,1.137130,1.135780,1.135820,1.136430,1.136770,1.135460,1.135520
2016/06/05 22:30:00,1.135820,1.136050,1.135430,1.135870,1.135520,1.135770,1.135120,1.135580
2016/06/05 23:00:00,1.135870,1.135870,1.134640,1.135020,1.135580,1.135590,1.134370,1.134740
2016/06/05 23:30:00,1.135020,1.135410,1.134700,1.135270,1.134740,1.135180,1.134420,1.134980
2016/06/06 00:00:00,1.135270,1.135570,1.134480,1.134780,1.134980,1.135300,1.134220,1.134510
2016/06/06 00:30:00,1.134780,1.134960,1.134460,1.134730,1.134510,1.134730,1.134200,1.134480
2016/06/06 01:00:00,1.134730,1.135120,1.134700,1.134740,1.134480,1.134870,1.134440,1.134490
2016/06/06 01:30:00,1.134740,1.135210,1.134670,1.134980,1.134490,1.134940,1.134400,1.134730
2016/06/06 02:00:00,1.134980,1.134980,1.134440,1.134540,1.134730,1.134730,1.134170,1.134290
2016/06/06 02:30:00,1.134540,1.134840,1.134250,1.134430,1.134290,1.134580,1.133990,1.134170
2016/06/06 03:00:00,1.134430,1.134670,1.134000,1.134130,1.134170,1.134390,1.133740,1.133860
2016/06/06 03:30:00,1.134130,1.134430,1.133820,1.134120,1.133860,1.134170,1.133550,1.133850
2016/06/06 04:00:00,1.134120,1.134330,1.133760,1.134230,1.133850,1.134060,1.133490,1.133960
2016/06/06 04:30:00,1.134230,1.134400,1.134120,1.134310,1.133960,1.134140,1.133850,1.134070
2016/06/06 05:00:00,1.134310,1.134560,1.134240,1.134550,1.134070,1.134310,1.133970,1.134290
2016/06/06 05:30:00,1.134550,1.134730,1.133890,1.134330,1.134290,1.134480,1.133620,1.133920
2016/06/06 06:00:00,1.134330,1.134780,1.134020,1.134080,1.133920,1.134520,1.133750,1.133820
2016/06/06 06:30:00,1.134080,1.134570,1.133790,1.134300,1.133820,1.134320,1.133540,1.134060
2016/06/06 07:00:00,1.134300,1.136470,1.133800,1.135910,1.134060,1.136220,1.133500,1.135650
2016/06/06 07:30:00,1.135910,1.136480,1.135110,1.135210,1.135650,1.136230,1.134870,1.134950
2016/06/06 08:00:00,1.135210,1.136380,1.135180,1.135520,1.134950,1.136120,1.134930,1.135270
2016/06/06 08:30:00,1.135520,1.136420,1.135320,1.135920,1.135270,1.136160,1.135060,1.135650
2016/06/06 09:00:00,1.135920,1.135920,1.135140,1.135510,1.135650,1.135670,1.134890,1.135240
2016/06/06 09:30:00,1.135510,1.135580,1.134410,1.134710,1.135240,1.135330,1.134150,1.134460
2016/06/06 10:00:00,1.134710,1.134790,1.133860,1.134150,1.134460,1.134530,1.133600,1.133900
2016/06/06 10:30:00,1.134150,1.134220,1.133210,1.133600,1.133900,1.133960,1.132950,1.133350
2016/06/06 11:00:00,1.133600,1.134860,1.133370,1.134600,1.133350,1.134610,1.133140,1.134350
2016/06/06 11:30:00,1.134600,1.135060,1.134390,1.134410,1.134350,1.134810,1.134150,1.134160
2016/06/06 12:00:00,1.134410,1.136230,1.134390,1.135720,1.134160,1.135990,1.134150,1.135490
2016/06/06 12:30:00,1.135720,1.136490,1.134600,1.135010,1.135490,1.136240,1.134350,1.134760
2016/06/06 13:00:00,1.135010,1.135670,1.134470,1.135310,1.134760,1.135420,1.134230,1.135070
2016/06/06 13:30:00,1.135310,1.136070,1.134730,1.135240,1.135070,1.135810,1.134490,1.134990
2016/06/06 14:00:00,1.135240,1.136220,1.135070,1.135860,1.134990,1.135970,1.134840,1.135630
2016/06/06 14:30:00,1.135860,1.137000,1.135550,1.136760,1.135630,1.136760,1.135300,1.136490
2016/06/06 15:00:00,1.136760,1.137280,1.136350,1.136390,1.136490,1.137020,1.136100,1.136160
2016/06/06 15:30:00,1.136390,1.136610,1.135360,1.135360,1.136160,1.136370,1.135110,1.135110
2016/06/06 16:00:00,1.135360,1.135800,1.135160,1.135510,1.135110,1.135540,1.134910,1.135240
2016/06/06 16:30:00,1.135510,1.138520,1.132760,1.137930,1.135240,1.138250,1.132420,1.137670
2016/06/06 17:00:00,1.137930,1.139420,1.136870,1.137260,1.137670,1.139160,1.136610,1.137000
2016/06/06 17:30:00,1.137260,1.137660,1.136340,1.137000,1.137000,1.137400,1.136060,1.136750
2016/06/06 18:00:00,1.137000,1.137120,1.136300,1.136640,1.136750,1.136870,1.136050,1.136380
2016/06/06 18:30:00,1.136640,1.137610,1.136470,1.137460,1.136380,1.137330,1.136210,1.137190
2016/06/06 19:00:00,1.137460,1.137480,1.136720,1.136860,1.137190,1.137220,1.136450,1.136590
2016/06/06 19:30:00,1.136860,1.136900,1.136140,1.136310,1.136590,1.136640,1.135880,1.136060
2016/06/06 20:00:00,1.136310,1.136610,1.135960,1.136060,1.136060,1.136360,1.135700,1.135790
2016/06/06 20:30:00,1.136060,1.136220,1.135640,1.135740,1.135790,1.135950,1.135180,1.135230
2016/06/06 21:00:00,1.135740,1.136050,1.135570,1.135690,1.135230,1.135760,1.134980,1.135280
2016/06/06 21:30:00,1.135690,1.136090,1.135520,1.136090,1.135280,1.135750,1.135190,1.135610
2016/06/06 22:00:00,1.136090,1.136140,1.135660,1.135980,1.135610,1.135870,1.135390,1.135700
2016/06/06 22:30:00,1.135980,1.135990,1.135550,1.135650,1.135700,1.135710,1.135290,1.135380
2016/06/06 23:00:00,1.135650,1.135890,1.135610,1.135880,1.135380,1.135620,1.135330,1.135610
2016/06/06 23:30:00,1.135880,1.136470,1.135730,1.136450,1.135610,1.136210,1.135470,1.136150
2016/06/07 00:00:00,1.136450,1.136800,1.136130,1.136250,1.136150,1.136540,1.135880,1.135990
2016/06/07 00:30:00,1.136250,1.136400,1.135670,1.135830,1.135990,1.136140,1.135420,1.135580
2016/06/07 01:00:00,1.135830,1.136100,1.135630,1.135650,1.135580,1.135850,1.135370,1.135380
2016/06/07 01:30:00,1.135650,1.135690,1.135190,1.135350,1.135380,1.135430,1.134920,1.135090
2016/06/07 02:00:00,1.135350,1.135690,1.135160,1.135190,1.135090,1.135430,1.134910,1.134930
2016/06/07 02:30:00,1.135190,1.135720,1.135180,1.135630,1.134930,1.135460,1.134920,1.135370
2016/06/07 03:00:00,1.135630,1.135680,1.135400,1.135490,1.135370,1.135430,1.135130,1.135230
2016/06/07 03:30:00,1.135490,1.135750,1.135480,1.135700,1.135230,1.135490,1.135220,1.135440
2016/06/07 04:00:00,1.135700,1.136920,1.135650,1.135770,1.135440,1.136660,1.135390,1.135510
2016/06/07 04:30:00,1.135770,1.136270,1.135320,1.135880,1.135510,1.136000,1.135080,1.135610
2016/06/07 05:00:00,1.135880,1.136010,1.135230,1.135710,1.135610,1.135760,1.134970,1.135450
2016/06/07 05:30:00,1.135710,1.136080,1.135240,1.135320,1.135450,1.135810,1.134970,1.135050
2016/06/07 06:00:00,1.135320,1.136590,1.135300,1.136030,1.135050,1.136340,1.135030,1.135780
2016/06/07 06:30:00,1.136030,1.136420,1.135590,1.135690,1.135780,1.136160,1.135330,1.135430
2016/06/07 07:00:00,1.135690,1.137390,1.135580,1.136850,1.135430,1.137140,1.135340,1.136580
2016/06/07 07:30:00,1.136850,1.137270,1.136660,1.136690,1.136580,1.137010,1.136400,1.136440
2016/06/07 08:00:00,1.136690,1.137130,1.136280,1.136830,1.136440,1.136870,1.136030,1.136570
2016/06/07 08:30:00,1.136830,1.137090,1.136420,1.136620,1.136570,1.136840,1.136160,1.136320
2016/06/07 09:00:00,1.136620,1.138180,1.136530,1.137310,1.136320,1.137940,1.136260,1.137040
2016/06/07 09:30:00,1.137310,1.137700,1.136730,1.137120,1.137040,1.137440,1.136470,1.136870
2016/06/07 10:00:00,1.137120,1.137210,1.136660,1.137170,1.136870,1.136950,1.136420,1.136920
2016/06/07 10:30:00,1.137170,1.137300,1.135950,1.136100,1.136920,1.137040,1.135690,1.135850
2016/06/07 11:00:00,1.136100,1.136240,1.134800,1.135020,1.135850,1.135980,1.134540,1.134770
2016/06/07 11:30:00,1.135020,1.135020,1.133990,1.134770,1.134770,1.134770,1.133730,1.134520
2016/06/07 12:00:00,1.134770,1.135170,1.134210,1.134820,1.134520,1.134930,1.133970,1.134550
2016/06/07 12:30:00,1.134820,1.136780,1.134400,1.136640,1.134550,1.136540,1.134130,1.136390
2016/06/07 13:00:00,1.136640,1.136830,1.135780,1.136830,1.136390,1.136580,1.135530,1.136580
2016/06/07 13:30:00,1.136830,1.136830,1.135460,1.135970,1.136580,1.136580,1.135210,1.135730
2016/06/07 14:00:00,1.135970,1.136570,1.134930,1.134970,1.135730,1.136310,1.134680,1.134730
2016/06/07 14:30:00,1.134970,1.135660,1.134220,1.135660,1.134730,1.135420,1.133960,1.135420
2016/06/07 15:00:00,1.135660,1.136030,1.134780,1.134800,1.135420,1.135770,1.134520,1.134560
2016/06/07 15:30:00,1.134800,1.135750,1.134680,1.135040,1.134560,1.135510,1.134420,1.134800
2016/06/07 16:00:00,1.135040,1.135650,1.134980,1.135050,1.134800,1.135400,1.134720,1.134800
2016/06/07 16:30:00,1.135050,1.135150,1.134450,1.134990,1.134800,1.134900,1.134190,1.134750
2016/06/07 17:00:00,1.134990,1.136020,1.134660,1.135780,1.134750,1.135760,1.134400,1.135510
2016/06/07 17:30:00,1.135780,1.136370,1.135550,1.136300,1.135510,1.136110,1.135310,1.136040
2016/06/07 18:00:00,1.136300,1.136700,1.136280,1.136430,1.136040,1.136440,1.136030,1.136160
2016/06/07 18:30:00,1.136430,1.136670,1.136030,1.136400,1.136160,1.136440,1.135790,1.136140
2016/06/07 19:00:00,1.136400,1.136440,1.135930,1.136130,1.136140,1.136170,1.135670,1.135880
2016/06/07 19:30:00,1.136130,1.136540,1.135720,1.135890,1.135880,1.136290,1.135460,1.135620
2016/06/07 20:00:00,1.135890,1.136070,1.135640,1.136040,1.135620,1.135810,1.135380,1.135770
2016/06/07 20:30:00,1.136040,1.136160,1.135510,1.136140,1.135770,1.135890,1.135250,1.135430
2016/06/07 21:00:00,1.136140,1.136310,1.135970,1.136000,1.135430,1.135960,1.135370,1.135700
2016/06/07 21:30:00,1.136000,1.136060,1.135590,1.135890,1.135700,1.135720,1.135310,1.135560
2016/06/07 22:00:00,1.135890,1.136120,1.135740,1.135890,1.135560,1.135800,1.135460,1.135610
2016/06/07 22:30:00,1.135890,1.135890,1.135620,1.135640,1.135610,1.135620,1.135350,1.135390
2016/06/07 23:00:00,1.135640,1.136050,1.135630,1.135790,1.135390,1.135790,1.135360,1.135530
2016/06/07 23:30:00,1.135790,1.136050,1.135610,1.135730,1.135530,1.135760,1.135360,1.135470
2016/06/08 00:00:00,1.135730,1.136380,1.135730,1.135840,1.135470,1.136140,1.135460,1.135570
2016/06/08 00:30:00,1.135840,1.136430,1.135580,1.136320,1.135570,1.136160,1.135340,1.136040
2016/06/08 01:00:00,1.136320,1.137140,1.136250,1.136470,1.136040,1.136890,1.135990,1.136220
2016/06/08 01:30:00,1.136470,1.137110,1.136470,1.137010,1.136220,1.136860,1.136220,1.136740
2016/06/08 02:00:00,1.137010,1.137170,1.136850,1.137160,1.136740,1.136910,1.136590,1.136900
2016/06/08 02:30:00,1.137160,1.137220,1.136920,1.136940,1.136900,1.136960,1.136660,1.136680
2016/06/08 03:00:00,1.136940,1.137030,1.136650,1.136830,1.136680,1.136770,1.136380,1.136570
2016/06/08 03:30:00,1.136830,1.136960,1.136230,1.136620,1.136570,1.136690,1.135970,1.136360
2016/06/08 04:00:00,1.136620,1.136930,1.136460,1.136870,1.136360,1.136660,1.136200,1.136600
2016/06/08 04:30:00,1.136870,1.137590,1.136780,1.137570,1.136600,1.137330,1.136510,1.137320
2016/06/08 05:00:00,1.137570,1.137820,1.137220,1.137530,1.137320,1.137580,1.136970,1.137270
2016/06/08 05:30:00,1.137530,1.137530,1.136570,1.136640,1.137270,1.137270,1.136320,1.136380
2016/06/08 06:00:00,1.136640,1.137040,1.136270,1.136690,1.136380,1.136790,1.136010,1.136430
2016/06/08 06:30:00,1.136690,1.137450,1.136330,1.137120,1.136430,1.137190,1.136090,1.136870
2016/06/08 07:00:00,1.137120,1.137870,1.137080,1.137590,1.136870,1.137610,1.136830,1.137320
2016/06/08 07:30:00,1.137590,1.137670,1.136880,1.136890,1.137320,1.137420,1.136620,1.136650
2016/06/08 08:00:00,1.136890,1.137560,1.136630,1.137170,1.136650,1.137290,1.136380,1.136910
2016/06/08 08:30:00,1.137170,1.137450,1.136650,1.137180,1.136910,1.137190,1.136400,1.136930
2016/06/08 09:00:00,1.137180,1.137530,1.136780,1.136920,1.136930,1.137260,1.136520,1.136660
2016/06/08 09:30:00,1.136920,1.137430,1.136790,1.137370,1.136660,1.137180,1.136540,1.137110
2016/06/08 10:00:00,1.137370,1.137440,1.136560,1.136970,1.137110,1.137180,1.136330,1.136720
2016/06/08 10:30:00,1.136970,1.137580,1.136850,1.137410,1.136720,1.137310,1.136590,1.137160
2016/06/08 11:00:00,1.137410,1.138300,1.137350,1.138020,1.137160,1.137950,1.137100,1.137770
2016/06/08 11:30:00,1.138020,1.138660,1.137820,1.138340,1.137770,1.138400,1.137570,1.138090
2016/06/08 12:00:00,1.138340,1.138920,1.137500,1.138580,1.138090,1.138670,1.137260,1.138350
2016/06/08 12:30:00,1.138580,1.139640,1.138530,1.139370,1.138350,1.139380,1.138270,1.139120
2016/06/08 13:00:00,1.139370,1.140070,1.138940,1.140060,1.139120,1.139820,1.138700,1.139810
2016/06/08 13:30:00,1.140060,1.140960,1.139730,1.140510,1.139810,1.140730,1.139480,1.140250
2016/06/08 14:00:00,1.140510,1.141200,1.139990,1.140290,1.140250,1.140960,1.139740,1.140040
2016/06/08 14:30:00,1.140290,1.140850,1.139340,1.139370,1.140040,1.140600,1.139100,1.139180
2016/06/08 15:00:00,1.139370,1.140110,1.138870,1.140090,1.139180,1.139860,1.138620,1.139840
2016/06/08 15:30:00,1.140090,1.140670,1.139870,1.140220,1.139840,1.140420,1.139610,1.139980
2016/06/08 16:00:00,1.140220,1.141010,1.139580,1.140310,1.139980,1.140760,1.139330,1.140070
2016/06/08 16:30:00,1.140310,1.140990,1.140030,1.140050,1.140070,1.140750,1.139800,1.139800
2016/06/08 17:00:00,1.140050,1.140850,1.139970,1.140330,1.139800,1.140600,1.139710,1.140070
2016/06/08 17:30:00,1.140330,1.140630,1.139920,1.140490,1.140070,1.140370,1.139700,1.140250
2016/06/08 18:00:00,1.140490,1.140570,1.139500,1.139710,1.140250,1.140310,1.139230,1.139450
2016/06/08 18:30:00,1.139710,1.140360,1.139610,1.139840,1.139450,1.140110,1.139370,1.139580
2016/06/08 19:00:00,1.139840,1.140100,1.139490,1.139750,1.139580,1.139840,1.139230,1.139480
2016/06/08 19:30:00,1.139750,1.139820,1.139290,1.139590,1.139480,1.139570,1.139020,1.139350
2016/06/08 20:00:00,1.139590,1.139790,1.139460,1.139710,1.139350,1.139540,1.139200,1.139450
2016/06/08 20:30:00,1.139710,1.140100,1.139370,1.139980,1.139450,1.139510,1.138740,1.138740
2016/06/08 21:00:00,1.139980,1.140040,1.139260,1.140000,1.138740,1.139730,1.138740,1.139700
2016/06/08 21:30:00,1.140000,1.140440,1.139670,1.139810,1.139700,1.140160,1.139330,1.139490
2016/06/08 22:00:00,1.139810,1.140560,1.139810,1.140200,1.139490,1.140330,1.139490,1.139920
2016/06/08 22:30:00,1.140200,1.140240,1.139940,1.140170,1.139920,1.139980,1.139670,1.139910
2016/06/08 23:00:00,1.140170,1.140180,1.139680,1.140120,1.139910,1.139920,1.139420,1.139850
2016/06/08 23:30:00,1.140120,1.140750,1.139870,1.140410,1.139850,1.140510,1.139600,1.140130
2016/06/09 00:00:00,1.140410,1.140920,1.140170,1.140200,1.140130,1.140660,1.139890,1.139930
2016/06/09 00:30:00,1.140200,1.140890,1.140050,1.140090,1.139930,1.140630,1.139770,1.139810
2016/06/09 01:00:00,1.140090,1.140360,1.139700,1.140270,1.139810,1.140100,1.139440,1.139980
2016/06/09 01:30:00,1.140270,1.141550,1.140070,1.141340,1.139980,1.141260,1.139810,1.141070
2016/06/09 02:00:00,1.141340,1.141630,1.141010,1.141580,1.141070,1.141360,1.140740,1.141310
2016/06/09 02:30:00,1.141580,1.141690,1.141300,1.141480,1.141310,1.141430,1.141040,1.141220
2016/06/09 03:00:00,1.141480,1.141570,1.141310,1.141330,1.141220,1.141310,1.141050,1.141070
2016/06/09 03:30:00,1.141330,1.141370,1.140440,1.140450,1.141070,1.141090,1.140190,1.140200
2016/06/09 04:00:00,1.140450,1.140840,1.140370,1.140560,1.140200,1.140580,1.140110,1.140300
2016/06/09 04:30:00,1.140560,1.140780,1.140400,1.140620,1.140300,1.140520,1.140150,1.140350
2016/06/09 05:00:00,1.140620,1.140650,1.139810,1.140130,1.140350,1.140400,1.139550,1.139880
2016/06/09 05:30:00,1.140130,1.140340,1.139820,1.139940,1.139880,1.140070,1.139560,1.139670
2016/06/09 06:00:00,1.139940,1.140200,1.139450,1.139460,1.139670,1.139940,1.139190,1.139200
2016/06/09 06:30:00,1.139460,1.140760,1.139340,1.139970,1.139200,1.140490,1.139090,1.139700
2016/06/09 07:00:00,1.139970,1.140470,1.139300,1.139400,1.139700,1.140210,1.139040,1.139130
2016/06/09 07:30:00,1.139400,1.139660,1.137740,1.138190,1.139130,1.139400,1.137480,1.137930
2016/06/09 08:00:00,1.138190,1.138530,1.135260,1.136230,1.137930,1.138270,1.135000,1.135980
2016/06/09 08:30:00,1.136230,1.137050,1.136200,1.136650,1.135980,1.136800,1.135960,1.136400
2016/06/09 09:00:00,1.136650,1.136700,1.135670,1.136120,1.136400,1.136460,1.135420,1.135870
2016/06/09 09:30:00,1.136120,1.136400,1.135690,1.136240,1.135870,1.136140,1.135430,1.135990
2016/06/09 10:00:00,1.136240,1.136240,1.134610,1.135060,1.135990,1.135990,1.134360,1.134810
2016/06/09 10:30:00,1.135060,1.135420,1.134260,1.134380,1.134810,1.135160,1.134010,1.134140
2016/06/09 11:00:00,1.134380,1.134760,1.133080,1.134140,1.134140,1.134520,1.132820,1.133890
2016/06/09 11:30:00,1.134140,1.134620,1.133750,1.134270,1.133890,1.134360,1.133510,1.134010
2016/06/09 12:00:00,1.134270,1.135380,1.134060,1.135110,1.134010,1.135150,1.133820,1.134780
2016/06/09 12:30:00,1.135110,1.135190,1.132720,1.132720,1.134780,1.134930,1.132440,1.132440
2016/06/09 13:00:00,1.132720,1.133010,1.131300,1.132460,1.132440,1.132700,1.131050,1.132210
2016/06/09 13:30:00,1.132460,1.133280,1.132140,1.132560,1.132210,1.133010,1.131880,1.132300
2016/06/09 14:00:00,1.132560,1.132640,1.130690,1.130740,1.132300,1.132400,1.130440,1.130490
2016/06/09 14:30:00,1.130740,1.132710,1.130740,1.132700,1.130490,1.132470,1.130490,1.132450
2016/06/09 15:00:00,1.132700,1.133820,1.132580,1.133110,1.132450,1.133570,1.132320,1.132860
2016/06/09 15:30:00,1.133110,1.133520,1.132500,1.132960,1.132860,1.133260,1.132260,1.132730
2016/06/09 16:00:00,1.132960,1.133010,1.131390,1.131710,1.132730,1.132770,1.131150,1.131450
2016/06/09 16:30:00,1.131710,1.132320,1.131450,1.132040,1.131450,1.132060,1.131190,1.131800
2016/06/09 17:00:00,1.132040,1.132380,1.131600,1.132160,1.131800,1.132130,1.131340,1.131900
2016/06/09 17:30:00,1.132160,1.132800,1.132140,1.132770,1.131900,1.132550,1.131890,1.132520
2016/06/09 18:00:00,1.132770,1.133260,1.132620,1.132840,1.132520,1.133010,1.132360,1.132580
2016/06/09 18:30:00,1.132840,1.133410,1.132720,1.133290,1.132580,1.133150,1.132460,1.133020
2016/06/09 19:00:00,1.133290,1.133460,1.133080,1.133190,1.133020,1.133200,1.132820,1.132930
2016/06/09 19:30:00,1.133190,1.133240,1.132190,1.132190,1.132930,1.132990,1.131940,1.131940
2016/06/09 20:00:00,1.132190,1.132350,1.131490,1.131600,1.131940,1.132090,1.131230,1.131360
2016/06/09 20:30:00,1.131600,1.132100,1.131420,1.131990,1.131360,1.131820,1.131160,1.131260
2016/06/09 21:00:00,1.131990,1.132130,1.131470,1.131610,1.131260,1.131630,1.131150,1.131270
2016/06/09 21:30:00,1.131610,1.132060,1.131410,1.131950,1.131270,1.131750,1.131100,1.131560
2016/06/09 22:00:00,1.131950,1.132170,1.131810,1.131980,1.131560,1.131870,1.131480,1.131720
2016/06/09 22:30:00,1.131980,1.131990,1.131490,1.131500,1.131720,1.131730,1.131240,1.131240
2016/06/09 23:00:00,1.131500,1.131670,1.131220,1.131290,1.131240,1.131420,1.130970,1.131020
2016/06/09 23:30:00,1.131290,1.131720,1.131080,1.131140,1.131020,1.131460,1.130840,1.130850
2016/06/10 00:00:00,1.131140,1.131320,1.129350,1.129880,1.130850,1.131050,1.129060,1.129610
2016/06/10 00:30:00,1.129880,1.130340,1.129670,1.129910,1.129610,1.130100,1.129410,1.129650
2016/06/10 01:00:00,1.129910,1.130440,1.129910,1.130230,1.129650,1.130180,1.129650,1.129960
2016/06/10 01:30:00,1.130230,1.130260,1.129830,1.130150,1.129960,1.130010,1.129580,1.129890
2016/06/10 02:00:00,1.130150,1.130190,1.129720,1.129900,1.129890,1.129930,1.129460,1.129640
2016/06/10 02:30:00,1.129900,1.129970,1.129650,1.129660,1.129640,1.129720,1.129390,1.129390
2016/06/10 03:00:00,1.129660,1.129980,1.129610,1.129820,1.129390,1.129720,1.129350,1.129550
2016/06/10 03:30:00,1.129820,1.130130,1.129680,1.130010,1.129550,1.129860,1.129420,1.129760
2016/06/10 04:00:00,1.130010,1.130020,1.129720,1.129890,1.129760,1.129760,1.129460,1.129620
2016/06/10 04:30:00,1.129890,1.129960,1.129120,1.129550,1.129620,1.129700,1.128840,1.129290
2016/06/10 05:00:00,1.129550,1.130080,1.129460,1.129940,1.129290,1.129830,1.129200,1.129680
2016/06/10 05:30:00,1.129940,1.130380,1.129490,1.130210,1.129680,1.130110,1.129230,1.129900
2016/06/10 06:00:00,1.130210,1.130520,1.129840,1.130320,1.129900,1.130270,1.129570,1.130060
2016/06/10 06:30:00,1.130320,1.130860,1.129590,1.130060,1.130060,1.130610,1.129340,1.129810
2016/06/10 07:00:00,1.130060,1.132290,1.129900,1.131730,1.129810,1.132020,1.129630,1.131490
2016/06/10 07:30:00,1.131730,1.132220,1.131290,1.131750,1.131490,1.131970,1.131030,1.131490
2016/06/10 08:00:00,1.131750,1.132250,1.130810,1.131300,1.131490,1.131990,1.130590,1.131040
2016/06/10 08:30:00,1.131300,1.131310,1.129980,1.130240,1.131040,1.131050,1.129710,1.129990
2016/06/10 09:00:00,1.130240,1.130510,1.129540,1.129850,1.129990,1.130270,1.129280,1.129610
2016/06/10 09:30:00,1.129850,1.130300,1.128320,1.128830,1.129610,1.130060,1.128070,1.128580
2016/06/10 10:00:00,1.128830,1.129450,1.128430,1.129440,1.128580,1.129190,1.128170,1.129190
2016/06/10 10:30:00,1.129440,1.130290,1.129350,1.129910,1.129190,1.130040,1.129090,1.129650
2016/06/10 11:00:00,1.129910,1.130610,1.129780,1.130570,1.129650,1.130390,1.129540,1.130320
2016/06/10 11:30:00,1.130570,1.131030,1.130070,1.130190,1.130320,1.130780,1.129820,1.129950
2016/06/10 12:00:00,1.130190,1.131330,1.130010,1.130630,1.129950,1.131080,1.129760,1.130380
2016/06/10 12:30:00,1.130630,1.131370,1.130310,1.130560,1.130380,1.131120,1.130070,1.130300
2016/06/10 13:00:00,1.130560,1.130570,1.129280,1.129290,1.130300,1.130310,1.129030,1.129040
2016/06/10 13:30:00,1.129290,1.129980,1.128210,1.129000,1.129040,1.129740,1.127960,1.128720
2016/06/10 14:00:00,1.129000,1.130430,1.128510,1.128710,1.128720,1.130190,1.128170,1.128460
2016/06/10 14:30:00,1.128710,1.130200,1.128620,1.129920,1.128460,1.129930,1.128350,1.129670
2016/06/10 15:00:00,1.129920,1.130600,1.128570,1.128930,1.129670,1.130370,1.128310,1.128670
2016/06/10 15:30:00,1.128930,1.128930,1.127380,1.128150,1.128670,1.128670,1.127110,1.127910
2016/06/10 16:00:00,1.128150,1.128620,1.128010,1.128110,1.127910,1.128350,1.127750,1.127860
2016/06/10 16:30:00,1.128110,1.128470,1.127650,1.127970,1.127860,1.128230,1.127400,1.127710
2016/06/10 17:00:00,1.127970,1.128040,1.127030,1.127130,1.127710,1.127790,1.126780,1.126900
2016/06/10 17:30:00,1.127130,1.127250,1.124660,1.126040,1.126900,1.127010,1.124400,1.125790
2016/06/10 18:00:00,1.126040,1.126360,1.125110,1.126030,1.125790,1.126100,1.124850,1.125770
2016/06/10 18:30:00,1.126030,1.126710,1.125320,1.126070,1.125770,1.126430,1.125060,1.125790
2016/06/10 19:00:00,1.126070,1.126710,1.125750,1.125960,1.125790,1.126450,1.125480,1.125690
2016/06/10 19:30:00,1.125960,1.126460,1.125420,1.125420,1.125690,1.126200,1.125190,1.125190
2016/06/10 20:00:00,1.125420,1.125970,1.125330,1.125850,1.125190,1.125690,1.125090,1.125580
2016/06/10 20:30:00,1.125850,1.126050,1.125180,1.125980,1.125580,1.125770,1.124530,1.124530
2016/06/12 19:00:00,1.125980,1.126910,1.125890,1.126300,1.124530,1.125820,1.124530,1.125610
2016/06/12 19:30:00,1.126300,1.126320,1.125550,1.125550,1.125610,1.125610,1.124780,1.124780
2016/06/12 20:00:00,1.125550,1.125580,1.124970,1.125060,1.124780,1.124880,1.124440,1.124500
2016/06/12 20:30:00,1.125060,1.125680,1.125020,1.125670,1.124500,1.124850,1.124400,1.124520
2016/06/12 21:00:00,1.125670,1.125810,1.124960,1.125010,1.124520,1.125060,1.124450,1.124550
2016/06/12 21:30:00,1.125010,1.125280,1.124950,1.125070,1.124550,1.124930,1.124550,1.124580
2016/06/12 22:00:00,1.125070,1.125530,1.124640,1.125220,1.124580,1.125180,1.124350,1.124960
2016/06/12 22:30:00,1.125220,1.125440,1.124740,1.125130,1.124960,1.125160,1.124450,1.124810
2016/06/12 23:00:00,1.125130,1.125150,1.124590,1.124930,1.124810,1.124870,1.124350,1.124670
2016/06/12 23:30:00,1.124930,1.125110,1.123520,1.123960,1.124670,1.124870,1.123290,1.123710
2016/06/13 00:00:00,1.123960,1.125190,1.123930,1.125170,1.123710,1.124920,1.123680,1.124900
2016/06/13 00:30:00,1.125170,1.125320,1.124580,1.124790,1.124900,1.125050,1.124310,1.124520
2016/06/13 01:00:00,1.124790,1.124980,1.123370,1.123660,1.124520,1.124710,1.123090,1.123390
2016/06/13 01:30:00,1.123660,1.124360,1.123550,1.124320,1.123390,1.124100,1.123270,1.124020
2016/06/13 02:00:00,1.124320,1.124820,1.124020,1.124630,1.124020,1.124570,1.123750,1.124380
2016/06/13 02:30:00,1.124630,1.124980,1.124580,1.124670,1.124380,1.124720,1.124320,1.124400
2016/06/13 03:00:00,1.124670,1.124890,1.124380,1.124890,1.124400,1.124620,1.124120,1.124620
2016/06/13 03:30:00,1.124890,1.125680,1.124810,1.125410,1.124620,1.125430,1.124550,1.125140
2016/06/13 04:00:00,1.125410,1.125530,1.125060,1.125080,1.125140,1.125280,1.124800,1.124830
2016/06/13 04:30:00,1.125080,1.125200,1.124870,1.125200,1.124830,1.124980,1.124590,1.124960
2016/06/13 05:00:00,1.125200,1.125700,1.124870,1.125440,1.124960,1.125430,1.124600,1.125180
2016/06/13 05:30:00,1.125440,1.125690,1.124860,1.125200,1.125180,1.125430,1.124600,1.124950
2016/06/13 06:00:00,1.125200,1.126370,1.125190,1.126150,1.124950,1.126110,1.124930,1.125880
2016/06/13 06:30:00,1.126150,1.126780,1.125910,1.126320,1.125880,1.126520,1.125660,1.126060
2016/06/13 07:00:00,1.126320,1.127260,1.125710,1.126110,1.126060,1.127000,1.125450,1.125850
2016/06/13 07:30:00,1.126110,1.127160,1.125490,1.127120,1.125850,1.126900,1.125230,1.126870
2016/06/13 08:00:00,1.127120,1.127600,1.126730,1.126860,1.126870,1.127340,1.126470,1.126620
2016/06/13 08:30:00,1.126860,1.127510,1.126340,1.127280,1.126620,1.127260,1.126070,1.127020
2016/06/13 09:00:00,1.127280,1.127570,1.127020,1.127190,1.127020,1.127310,1.126750,1.126930
2016/06/13 09:30:00,1.127190,1.127330,1.125840,1.126080,1.126930,1.127070,1.125580,1.125820
2016/06/13 10:00:00,1.126080,1.126750,1.125940,1.126660,1.125820,1.126500,1.125680,1.126400
2016/06/13 10:30:00,1.126660,1.127520,1.126580,1.127090,1.126400,1.127260,1.126330,1.126820
2016/06/13 11:00:00,1.127090,1.127930,1.126790,1.127090,1.126820,1.127680,1.126540,1.126840
2016/06/13 11:30:00,1.127090,1.127970,1.126820,1.127090,1.126840,1.127710,1.126560,1.126840
2016/06/13 12:00:00,1.127090,1.127420,1.126060,1.126130,1.126840,1.127160,1.125800,1.125870
2016/06/13 12:30:00,1.126130,1.126910,1.125160,1.125230,1.125870,1.126660,1.124920,1.124980
2016/06/13 13:00:00,1.125230,1.125310,1.123900,1.125090,1.124980,1.125070,1.123640,1.124840
2016/06/13 13:30:00,1.125090,1.127050,1.124950,1.127050,1.124840,1.126800,1.124690,1.126800
2016/06/13 14:00:00,1.127050,1.129570,1.126890,1.128790,1.126800,1.129310,1.126630,1.128540
2016/06/13 14:30:00,1.128790,1.130450,1.128660,1.130160,1.128540,1.130190,1.128400,1.129910
2016/06/13 15:00:00,1.130160,1.130410,1.129090,1.129520,1.129910,1.130170,1.128830,1.129270
2016/06/13 15:30:00,1.129520,1.129840,1.128150,1.128180,1.129270,1.129600,1.127880,1.127930
2016/06/13 16:00:00,1.128180,1.129040,1.127830,1.127940,1.127930,1.128780,1.127570,1.127680
2016/06/13 16:30:00,1.127940,1.129100,1.127940,1.128530,1.127680,1.128840,1.127680,1.128280
2016/06/13 17:00:00,1.128530,1.129170,1.128380,1.129100,1.128280,1.128920,1.128130,1.128850
2016/06/13 17:30:00,1.129100,1.129380,1.128810,1.129360,1.128850,1.129120,1.128560,1.129100
2016/06/13 18:00:00,1.129360,1.129890,1.129300,1.129670,1.129100,1.129620,1.129050,1.129420
2016/06/13 18:30:00,1.129670,1.129950,1.129300,1.129560,1.129420,1.129690,1.129050,1.129300
2016/06/13 19:00:00,1.129560,1.129620,1.129050,1.129350,1.129300,1.129360,1.128790,1.129090
2016/06/13 19:30:00,1.129350,1.129790,1.129040,1.129750,1.129090,1.129520,1.128780,1.129500
2016/06/13 20:00:00,1.129750,1.130010,1.129390,1.129400,1.129500,1.129760,1.129120,1.129140
2016/06/13 20:30:00,1.129400,1.129790,1.129060,1.129580,1.129140,1.129300,1.128800,1.128880
2016/06/13 21:00:00,1.129580,1.129690,1.128990,1.129260,1.128880,1.129310,1.128680,1.128930
2016/06/13 21:30:00,1.129260,1.129320,1.128810,1.128990,1.128930,1.128990,1.128450,1.128600
2016/06/13 22:00:00,1.128990,1.129170,1.128820,1.129090,1.128600,1.128890,1.128580,1.128800
2016/06/13 22:30:00,1.129090,1.129430,1.128920,1.129240,1.128800,1.129130,1.128650,1.128960
2016/06/13 23:00:00,1.129240,1.129640,1.129230,1.129390,1.128960,1.129370,1.128950,1.129110
2016/06/13 23:30:00,1.129390,1.129510,1.128890,1.128930,1.129110,1.129240,1.128620,1.128640
2016/06/14 00:00:00,1.128930,1.129340,1.128660,1.129070,1.128640,1.129080,1.128400,1.128800
2016/06/14 00:30:00,1.129070,1.129690,1.128960,1.129670,1.128800,1.129420,1.128700,1.129400
2016/06/14 01:00:00,1.129670,1.129990,1.129520,1.129730,1.129400,1.129720,1.129260,1.129470
2016/06/14 01:30:00,1.129730,1.129890,1.129460,1.129610,1.129470,1.129640,1.129230,1.129360
2016/06/14 02:00:00,1.129610,1.129750,1.129480,1.129590,1.129360,1.129500,1.129220,1.129330
2016/06/14 02:30:00,1.129590,1.129880,1.129190,1.129880,1.129330,1.129620,1.128950,1.129620
2016/06/14 03:00:00,1.129880,1.129900,1.129560,1.129680,1.129620,1.129640,1.129300,1.129420
2016/06/14 03:30:00,1.129680,1.129740,1.129310,1.129490,1.129420,1.129490,1.129050,1.129240
2016/06/14 04:00:00,1.129490,1.129610,1.129130,1.129410,1.129240,1.129360,1.128880,1.129140
2016/06/14 04:30:00,1.129410,1.129520,1.128690,1.128910,1.129140,1.129260,1.128440,1.128660
2016/06/14 05:00:00,1.128910,1.129220,1.128390,1.128610,1.128660,1.128950,1.128140,1.128350
2016/06/14 05:30:00,1.128610,1.128810,1.128360,1.128480,1.128350,1.128550,1.128100,1.128220
2016/06/14 06:00:00,1.128480,1.129080,1.127520,1.128050,1.128220,1.128820,1.127250,1.127780
2016/06/14 06:30:00,1.128050,1.128420,1.126130,1.126280,1.127780,1.128160,1.125890,1.126010
2016/06/14 07:00:00,1.126280,1.126500,1.124860,1.125530,1.126010,1.126250,1.124580,1.125280
2016/06/14 07:30:00,1.125530,1.126260,1.125120,1.125230,1.125280,1.125990,1.124870,1.124990
2016/06/14 08:00:00,1.125230,1.125730,1.124600,1.124650,1.124990,1.125470,1.124350,1.124380
2016/06/14 08:30:00,1.124650,1.124670,1.123000,1.123700,1.124380,1.124420,1.122740,1.123430
2016/06/14 09:00:00,1.123700,1.123770,1.121240,1.121970,1.123430,1.123520,1.120980,1.121710
2016/06/14 09:30:00,1.121970,1.122130,1.120990,1.121430,1.121710,1.121870,1.120730,1.121170
2016/06/14 10:00:00,1.121430,1.123010,1.121250,1.122740,1.121170,1.122760,1.121000,1.122480
2016/06/14 10:30:00,1.122740,1.122860,1.121770,1.122360,1.122480,1.122610,1.121520,1.122100
2016/06/14 11:00:00,1.122360,1.123400,1.122340,1.122830,1.122100,1.123150,1.122090,1.122570
2016/06/14 11:30:00,1.122830,1.123160,1.122100,1.122600,1.122570,1.122910,1.121860,1.122370
2016/06/14 12:00:00,1.122600,1.123710,1.122380,1.123110,1.122370,1.123460,1.122120,1.122680
2016/06/14 12:30:00,1.123110,1.124130,1.121900,1.123540,1.122680,1.123870,1.121650,1.123290
2016/06/14 13:00:00,1.123540,1.124260,1.122330,1.122550,1.123290,1.124020,1.122070,1.122300
2016/06/14 13:30:00,1.122550,1.122620,1.120470,1.120660,1.122300,1.122360,1.120220,1.120410
2016/06/14 14:00:00,1.120660,1.120670,1.119220,1.119950,1.120410,1.120420,1.118950,1.119690
2016/06/14 14:30:00,1.119950,1.121260,1.119030,1.121210,1.119690,1.121010,1.118770,1.120950
2016/06/14 15:00:00,1.121210,1.121400,1.119990,1.120450,1.120950,1.121150,1.119770,1.120200
2016/06/14 15:30:00,1.120450,1.121950,1.120450,1.120580,1.120200,1.121710,1.120200,1.120320
2016/06/14 16:00:00,1.120580,1.121260,1.120360,1.120660,1.120320,1.121000,1.120110,1.120420
2016/06/14 16:30:00,1.120660,1.121610,1.120500,1.121390,1.120420,1.121370,1.120250,1.121140
2016/06/14 17:00:00,1.121390,1.122070,1.121140,1.121430,1.121140,1.121820,1.120880,1.121180
2016/06/14 17:30:00,1.121430,1.121590,1.120730,1.121550,1.121180,1.121330,1.120480,1.121290
2016/06/14 18:00:00,1.121550,1.121760,1.120910,1.120980,1.121290,1.121510,1.120660,1.120710
2016/06/14 18:30:00,1.120980,1.121060,1.120350,1.120560,1.120710,1.120800,1.120100,1.120310
2016/06/14 19:00:00,1.120560,1.121330,1.120120,1.120990,1.120310,1.121070,1.119850,1.120750
2016/06/14 19:30:00,1.120990,1.121060,1.120100,1.120630,1.120750,1.120790,1.119870,1.120380
2016/06/14 20:00:00,1.120630,1.121000,1.120510,1.120910,1.120380,1.120750,1.120260,1.120650
2016/06/14 20:30:00,1.120910,1.121310,1.120490,1.121130,1.120650,1.120860,1.120100,1.120230
2016/06/14 21:00:00,1.121130,1.121790,1.120620,1.121190,1.120230,1.121130,1.120180,1.120760
2016/06/14 21:30:00,1.121190,1.121420,1.120500,1.120890,1.120760,1.121030,1.120200,1.120510
2016/06/14 22:00:00,1.120890,1.121160,1.120800,1.121060,1.120510,1.120900,1.120460,1.120800
2016/06/14 22:30:00,1.121060,1.121190,1.120860,1.121080,1.120800,1.120910,1.120590,1.120810
2016/06/14 23:00:00,1.121080,1.121570,1.121060,1.121370,1.120810,1.121310,1.120810,1.121110
2016/06/14 23:30:00,1.121370,1.121450,1.121050,1.121190,1.121110,1.121170,1.120790,1.120920
2016/06/15 00:00:00,1.121190,1.121400,1.120950,1.121050,1.120920,1.121130,1.120690,1.120780
2016/06/15 00:30:00,1.121050,1.121290,1.120030,1.120220,1.120780,1.121040,1.119760,1.119960
2016/06/15 01:00:00,1.120220,1.120670,1.119340,1.119350,1.119960,1.120420,1.119070,1.119080
2016/06/15 01:30:00,1.119350,1.120070,1.119120,1.120070,1.119080,1.119820,1.118860,1.119820
2016/06/15 02:00:00,1.120070,1.120640,1.120050,1.120510,1.119820,1.120400,1.119790,1.120250
2016/06/15 02:30:00,1.120510,1.120520,1.120250,1.120330,1.120250,1.120260,1.119990,1.120060
2016/06/15 03:00:00,1.120330,1.120590,1.120130,1.120440,1.120060,1.120330,1.119870,1.120190
2016/06/15 03:30:00,1.120440,1.121010,1.120380,1.121000,1.120190,1.120760,1.120130,1.120740
2016/06/15 04:00:00,1.121000,1.121050,1.120570,1.120820,1.120740,1.120790,1.120310,1.120560
2016/06/15 04:30:00,1.120820,1.121160,1.120770,1.121020,1.120560,1.120910,1.120510,1.120760
2016/06/15 05:00:00,1.121020,1.121040,1.120230,1.120900,1.120760,1.120770,1.119970,1.120640
2016/06/15 05:30:00,1.120900,1.121180,1.120590,1.120820,1.120640,1.120920,1.120330,1.120560
2016/06/15 06:00:00,1.120820,1.122430,1.119930,1.121840,1.120560,1.122150,1.119680,1.121600
2016/06/15 06:30:00,1.121840,1.123080,1.121740,1.122870,1.121600,1.122830,1.121490,1.122620
2016/06/15 07:00:00,1.122870,1.123010,1.121190,1.121390,1.122620,1.122750,1.120940,1.121130
2016/06/15 07:30:00,1.121390,1.122400,1.121030,1.122160,1.121130,1.122150,1.120770,1.121890
2016/06/15 08:00:00,1.122160,1.122160,1.121490,1.121520,1.121890,1.121890,1.121240,1.121260
2016/06/15 08:30:00,1.121520,1.122760,1.121460,1.122070,1.121260,1.122510,1.121200,1.121820
2016/06/15 09:00:00,1.122070,1.123670,1.121970,1.123150,1.121820,1.123420,1.121720,1.122900
2016/06/15 09:30:00,1.123150,1.123280,1.122390,1.122540,1.122900,1.123020,1.122140,1.122290
2016/06/15 10:00:00,1.122540,1.122880,1.121900,1.121900,1.122290,1.122630,1.121640,1.121640
2016/06/15 10:30:00,1.121900,1.123070,1.121860,1.122550,1.121640,1.122810,1.121610,1.122300
2016/06/15 11:00:00,1.122550,1.123390,1.122520,1.123290,1.122300,1.123140,1.122260,1.123020
2016/06/15 11:30:00,1.123290,1.123490,1.122560,1.122760,1.123020,1.123230,1.122330,1.122500
2016/06/15 12:00:00,1.122760,1.123570,1.122500,1.123330,1.122500,1.123310,1.122250,1.122940
2016/06/15 12:30:00,1.123330,1.123920,1.122600,1.122700,1.122940,1.123660,1.122340,1.122450
2016/06/15 13:00:00,1.122700,1.123010,1.121560,1.121830,1.122450,1.122760,1.121310,1.121570
2016/06/15 13:30:00,1.121830,1.123230,1.121060,1.122790,1.121570,1.122980,1.120820,1.122550
2016/06/15 14:00:00,1.122790,1.124410,1.122740,1.123990,1.122550,1.124150,1.122480,1.123730
2016/06/15 14:30:00,1.123990,1.124370,1.122610,1.123600,1.123730,1.124120,1.122360,1.123350
2016/06/15 15:00:00,1.123600,1.125020,1.123440,1.124900,1.123350,1.124770,1.123190,1.124660
2016/06/15 15:30:00,1.124900,1.125310,1.123850,1.123900,1.124660,1.125070,1.123600,1.123660
2016/06/15 16:00:00,1.123900,1.124910,1.123850,1.124020,1.123660,1.124650,1.123590,1.123770
2016/06/15 16:30:00,1.124020,1.124410,1.123460,1.123880,1.123770,1.124150,1.123210,1.123620
2016/06/15 17:00:00,1.123880,1.124350,1.123870,1.124110,1.123620,1.124090,1.123620,1.123870
2016/06/15 17:30:00,1.124110,1.129080,1.123940,1.128050,1.123870,1.127830,1.123690,1.126710
2016/06/15 18:00:00,1.128050,1.130040,1.125950,1.128640,1.126710,1.129760,1.125630,1.128370
2016/06/15 18:30:00,1.128640,1.129500,1.126150,1.126640,1.128370,1.129240,1.125860,1.126380
2016/06/15 19:00:00,1.126640,1.127220,1.124950,1.126600,1.126380,1.126950,1.124670,1.126340
2016/06/15 19:30:00,1.126600,1.126770,1.125140,1.125400,1.126340,1.126520,1.124880,1.125150
2016/06/15 20:00:00,1.125400,1.126540,1.125390,1.126300,1.125150,1.126290,1.125140,1.126060
2016/06/15 20:30:00,1.126300,1.126540,1.126020,1.126270,1.126060,1.126280,1.125740,1.125860
2016/06/15 21:00:00,1.126270,1.126930,1.126080,1.126730,1.125860,1.126630,1.125760,1.126440
2016/06/15 21:30:00,1.126730,1.126940,1.125790,1.126380,1.126440,1.126670,1.125470,1.126120
2016/06/15 22:00:00,1.126380,1.126730,1.126230,1.126720,1.126120,1.126460,1.125950,1.126450
2016/06/15 22:30:00,1.126720,1.126740,1.126350,1.126410,1.126450,1.126470,1.126080,1.126160
2016/06/15 23:00:00,1.126410,1.126440,1.126110,1.126350,1.126160,1.126200,1.125850,1.126080
2016/06/15 23:30:00,1.126350,1.126430,1.125980,1.126250,1.126080,1.126180,1.125710,1.125980
2016/06/16 00:00:00,1.126250,1.127230,1.126200,1.127170,1.125980,1.126970,1.125930,1.126920
2016/06/16 00:30:00,1.127170,1.127690,1.126910,1.126990,1.126920,1.127440,1.126650,1.126730
2016/06/16 01:00:00,1.126990,1.127520,1.126880,1.127070,1.126730,1.127270,1.126600,1.126800
2016/06/16 01:30:00,1.127070,1.127180,1.125970,1.126050,1.126800,1.126920,1.125710,1.125780
2016/06/16 02:00:00,1.126050,1.126650,1.125970,1.126440,1.125780,1.126380,1.125710,1.126170
2016/06/16 02:30:00,1.126440,1.128690,1.126180,1.126620,1.126170,1.128430,1.125890,1.126350
2016/06/16 03:00:00,1.126620,1.127190,1.126600,1.126950,1.126350,1.126910,1.126330,1.126680
2016/06/16 03:30:00,1.126950,1.127190,1.126070,1.126540,1.126680,1.126920,1.125800,1.126290
2016/06/16 04:00:00,1.126540,1.126860,1.126290,1.126850,1.126290,1.126590,1.126010,1.126590
2016/06/16 04:30:00,1.126850,1.127920,1.126840,1.127820,1.126590,1.127650,1.126580,1.127560
2016/06/16 05:00:00,1.127820,1.128610,1.127670,1.128160,1.127560,1.128340,1.127390,1.127900
2016/06/16 05:30:00,1.128160,1.128500,1.127320,1.127870,1.127900,1.128230,1.127070,1.127620
2016/06/16 06:00:00,1.127870,1.128900,1.127740,1.127850,1.127620,1.128630,1.127470,1.127590
2016/06/16 06:30:00,1.127850,1.129630,1.127800,1.128850,1.127590,1.129370,1.127550,1.128610
2016/06/16 07:00:00,1.128850,1.129240,1.126320,1.127070,1.128610,1.128970,1.126070,1.126810
2016/06/16 07:30:00,1.127070,1.128090,1.126640,1.127430,1.126810,1.127840,1.126380,1.127190
2016/06/16 08:00:00,1.127430,1.127590,1.125980,1.126940,1.127190,1.127330,1.125720,1.126660
2016/06/16 08:30:00,1.126940,1.127280,1.125990,1.126240,1.126660,1.126990,1.125750,1.125980
2016/06/16 09:00:00,1.126240,1.126610,1.125200,1.125680,1.125980,1.126350,1.124930,1.125430
2016/06/16 09:30:00,1.125680,1.126030,1.124150,1.124170,1.125430,1.125770,1.123890,1.123900
2016/06/16 10:00:00,1.124170,1.124270,1.121130,1.121920,1.123900,1.124020,1.120860,1.121650
2016/06/16 10:30:00,1.121920,1.122070,1.120620,1.121320,1.121650,1.121820,1.120360,1.121090
2016/06/16 11:00:00,1.121320,1.121710,1.117590,1.118300,1.121090,1.121470,1.117340,1.118040
2016/06/16 11:30:00,1.118300,1.119810,1.117780,1.117780,1.118040,1.119560,1.117520,1.117530
2016/06/16 12:00:00,1.117780,1.118150,1.116400,1.117880,1.117530,1.117870,1.116150,1.117630
2016/06/16 12:30:00,1.117880,1.118950,1.116920,1.117210,1.117630,1.118690,1.116670,1.116950
2016/06/16 13:00:00,1.117210,1.117510,1.115170,1.116050,1.116950,1.117250,1.114940,1.115790
2016/06/16 13:30:00,1.116050,1.116490,1.114000,1.115370,1.115790,1.116240,1.113720,1.115110
2016/06/16 14:00:00,1.115370,1.115910,1.113450,1.113800,1.115110,1.115660,1.113200,1.113540
2016/06/16 14:30:00,1.113800,1.115620,1.113220,1.114870,1.113540,1.115350,1.112970,1.114600
2016/06/16 15:00:00,1.114870,1.115460,1.113860,1.114580,1.114600,1.115200,1.113610,1.114340
2016/06/16 15:30:00,1.114580,1.116320,1.113940,1.115840,1.114340,1.116090,1.113690,1.115580
2016/06/16 16:00:00,1.115840,1.119800,1.115650,1.119520,1.115580,1.119540,1.115400,1.119250
2016/06/16 16:30:00,1.119520,1.124530,1.118610,1.120780,1.119250,1.124260,1.118360,1.120530
2016/06/16 17:00:00,1.120780,1.124410,1.120690,1.123560,1.120530,1.124210,1.120440,1.123290
2016/06/16 17:30:00,1.123560,1.124500,1.121950,1.122070,1.123290,1.124260,1.121690,1.121810
2016/06/16 18:00:00,1.122070,1.125270,1.122020,1.123550,1.121810,1.125000,1.121770,1.123270
2016/06/16 18:30:00,1.123550,1.124430,1.123250,1.123990,1.123270,1.124170,1.122980,1.123720
2016/06/16 19:00:00,1.123990,1.124310,1.122910,1.123100,1.123720,1.124030,1.122630,1.122830
2016/06/16 19:30:00,1.123100,1.124440,1.122860,1.124170,1.122830,1.124170,1.122590,1.123930
2016/06/16 20:00:00,1.124170,1.124260,1.123390,1.123530,1.123930,1.124000,1.123120,1.123270
2016/06/16 20:30:00,1.123530,1.123930,1.122440,1.122690,1.123270,1.123670,1.122150,1.122260
2016/06/16 21:00:00,1.122690,1.123060,1.122460,1.122620,1.122260,1.122720,1.122130,1.122310
2016/06/16 21:30:00,1.122620,1.123260,1.122560,1.123250,1.122310,1.122950,1.122280,1.122950
2016/06/16 22:00:00,1.123250,1.123280,1.122820,1.123090,1.122950,1.123010,1.122520,1.122800
2016/06/16 22:30:00,1.123090,1.123600,1.123080,1.123300,1.122800,1.123320,1.122780,1.123030
2016/06/16 23:00:00,1.123300,1.123870,1.123240,1.123680,1.123030,1.123600,1.122970,1.123430
2016/06/16 23:30:00,1.123680,1.127300,1.123540,1.127300,1.123430,1.127020,1.123290,1.127020
2016/06/17 00:00:00,1.127300,1.127330,1.125500,1.126070,1.127020,1.127070,1.125220,1.125800
2016/06/17 00:30:00,1.126070,1.127110,1.125510,1.126950,1.125800,1.126850,1.125250,1.126690
2016/06/17 01:00:00,1.126950,1.127300,1.125730,1.125880,1.126690,1.127040,1.125450,1.125600
2016/06/17 01:30:00,1.125880,1.126200,1.125550,1.125710,1.125600,1.125930,1.125290,1.125440
2016/06/17 02:00:00,1.125710,1.126780,1.125690,1.126760,1.125440,1.126530,1.125440,1.126490
2016/06/17 02:30:00,1.126760,1.126780,1.126250,1.126520,1.126490,1.126510,1.126000,1.126280
2016/06/17 03:00:00,1.126520,1.126600,1.125950,1.126370,1.126280,1.126350,1.125680,1.126110
2016/06/17 03:30:00,1.126370,1.126860,1.125870,1.125960,1.126110,1.126590,1.125610,1.125700
2016/06/17 04:00:00,1.125960,1.126110,1.125370,1.125480,1.125700,1.125850,1.125110,1.125210
2016/06/17 04:30:00,1.125480,1.126020,1.124890,1.124890,1.125210,1.125760,1.124620,1.124630
2016/06/17 05:00:00,1.124890,1.125450,1.124610,1.125100,1.124630,1.125170,1.124350,1.124820
2016/06/17 05:30:00,1.125100,1.125340,1.124610,1.124690,1.124820,1.125080,1.124350,1.124440
2016/06/17 06:00:00,1.124690,1.125700,1.124130,1.124140,1.124440,1.125450,1.123880,1.123890
2016/06/17 06:30:00,1.124140,1.124230,1.123000,1.123810,1.123890,1.123970,1.122730,1.123540
2016/06/17 07:00:00,1.123810,1.125360,1.122420,1.125360,1.123540,1.125140,1.122150,1.125140
2016/06/17 07:30:00,1.125360,1.126520,1.124390,1.124980,1.125140,1.126240,1.124100,1.124710
2016/06/17 08:00:00,1.124980,1.125930,1.124280,1.125930,1.124710,1.125690,1.124020,1.125690
2016/06/17 08:30:00,1.125930,1.126100,1.125090,1.125830,1.125690,1.125860,1.124840,1.125570
2016/06/17 09:00:00,1.125830,1.125830,1.124320,1.125060,1.125570,1.125580,1.124060,1.124810
2016/06/17 09:30:00,1.125060,1.125530,1.124680,1.125460,1.124810,1.125280,1.124420,1.125200
2016/06/17 10:00:00,1.125460,1.126110,1.125100,1.125940,1.125200,1.125840,1.124850,1.125680
2016/06/17 10:30:00,1.125940,1.126390,1.125490,1.126310,1.125680,1.126140,1.125230,1.126050
2016/06/17 11:00:00,1.126310,1.126500,1.125450,1.125870,1.126050,1.126240,1.125180,1.125630
2016/06/17 11:30:00,1.125870,1.126930,1.125410,1.125450,1.125630,1.126700,1.125170,1.125200
2016/06/17 12:00:00,1.125450,1.126030,1.125110,1.125930,1.125200,1.125780,1.124860,1.125600
2016/06/17 12:30:00,1.125930,1.125980,1.124640,1.124680,1.125600,1.125710,1.124390,1.124410
2016/06/17 13:00:00,1.124680,1.127220,1.124490,1.127050,1.124410,1.126960,1.124230,1.126780
2016/06/17 13:30:00,1.127050,1.128180,1.126580,1.127260,1.126780,1.127930,1.126340,1.127000
2016/06/17 14:00:00,1.127260,1.129770,1.127180,1.129160,1.127000,1.129510,1.126940,1.128910
2016/06/17 14:30:00,1.129160,1.129270,1.124330,1.124660,1.128910,1.129010,1.124070,1.124420
2016/06/17 15:00:00,1.124660,1.125980,1.124360,1.125080,1.124420,1.125740,1.124110,1.124830
2016/06/17 15:30:00,1.125080,1.125680,1.124600,1.125590,1.124830,1.125420,1.124350,1.125350
2016/06/17 16:00:00,1.125590,1.127210,1.125580,1.127100,1.125350,1.126950,1.125350,1.126870
2016/06/17 16:30:00,1.127100,1.127450,1.126780,1.126800,1.126870,1.127200,1.126560,1.126560
2016/06/17 17:00:00,1.126800,1.128540,1.126800,1.128270,1.126560,1.128300,1.126560,1.128020
2016/06/17 17:30:00,1.128270,1.128590,1.127700,1.127860,1.128020,1.128330,1.127440,1.127620
2016/06/17 18:00:00,1.127860,1.128880,1.127800,1.128580,1.127620,1.128630,1.127550,1.128330
2016/06/17 18:30:00,1.128580,1.128900,1.127030,1.127370,1.128330,1.128650,1.126760,1.127100
2016/06/17 19:00:00,1.127370,1.128420,1.127240,1.127610,1.127100,1.128170,1.126970,1.127360
2016/06/17 19:30:00,1.127610,1.128490,1.127610,1.128020,1.127360,1.128230,1.127360,1.127760
2016/06/17 20:00:00,1.128020,1.128140,1.127710,1.127980,1.127760,1.127870,1.127460,1.127710
2016/06/17 20:30:00,1.127980,1.128300,1.127560,1.128300,1.127710,1.127860,1.126950,1.127260
2016/06/19 19:00:00,1.128300,1.130970,1.128300,1.130000,1.127260,1.129730,1.127260,1.129110
2016/06/19 19:30:00,1.130000,1.134800,1.130000,1.132290,1.129110,1.133900,1.129100,1.131890
2016/06/19 20:00:00,1.132290,1.133070,1.132270,1.133070,1.131890,1.132680,1.131760,1.132650
2016/06/19 20:30:00,1.133070,1.134220,1.133050,1.133860,1.132650,1.133480,1.132610,1.133060
2016/06/19 21:00:00,1.133860,1.134290,1.132890,1.132890,1.133060,1.133500,1.132380,1.132490
2016/06/19 21:30:00,1.132890,1.133190,1.131780,1.131890,1.132490,1.132600,1.131500,1.131580
2016/06/19 22:00:00,1.131890,1.132480,1.131010,1.131740,1.131580,1.132130,1.130700,1.131510
2016/06/19 22:30:00,1.131740,1.132560,1.131510,1.132460,1.131510,1.132260,1.131240,1.132190
2016/06/19 23:00:00,1.132460,1.133720,1.132440,1.133660,1.132190,1.133440,1.132180,1.133400
2016/06/19 23:30:00,1.133660,1.136020,1.133370,1.134850,1.133400,1.135670,1.133120,1.134570
2016/06/20 00:00:00,1.134850,1.135780,1.134100,1.135660,1.134570,1.135520,1.133820,1.135390
2016/06/20 00:30:00,1.135660,1.135850,1.135280,1.135290,1.135390,1.135590,1.135000,1.135020
2016/06/20 01:00:00,1.135290,1.135680,1.134940,1.135400,1.135020,1.135410,1.134670,1.135160
2016/06/20 01:30:00,1.135400,1.135560,1.135040,1.135290,1.135160,1.135310,1.134780,1.135030
2016/06/20 02:00:00,1.135290,1.135860,1.135270,1.135780,1.135030,1.135610,1.135020,1.135530
2016/06/20 02:30:00,1.135780,1.136300,1.135620,1.135890,1.135530,1.136030,1.135360,1.135640
2016/06/20 03:00:00,1.135890,1.136810,1.135890,1.136660,1.135640,1.136550,1.135630,1.136400
2016/06/20 03:30:00,1.136660,1.137930,1.136540,1.137550,1.136400,1.137670,1.136270,1.137290
2016/06/20 04:00:00,1.137550,1.137750,1.137490,1.137650,1.137290,1.137500,1.137230,1.137380
2016/06/20 04:30:00,1.137650,1.138390,1.137510,1.137950,1.137380,1.138140,1.137250,1.137690
2016/06/20 05:00:00,1.137950,1.138010,1.137040,1.137240,1.137690,1.137750,1.136780,1.136980
2016/06/20 05:30:00,1.137240,1.137270,1.135180,1.135180,1.136980,1.137010,1.134900,1.134900
2016/06/20 06:00:00,1.135180,1.136070,1.134560,1.134690,1.134900,1.135820,1.134300,1.134420
2016/06/20 06:30:00,1.134690,1.135030,1.133720,1.133990,1.134420,1.134770,1.133450,1.133720
2016/06/20 07:00:00,1.133990,1.135530,1.133830,1.135180,1.133720,1.135250,1.133590,1.134920
2016/06/20 07:30:00,1.135180,1.135830,1.133880,1.134190,1.134920,1.135570,1.133630,1.133920
2016/06/20 08:00:00,1.134190,1.135360,1.133730,1.134550,1.133920,1.135100,1.133480,1.134270
2016/06/20 08:30:00,1.134550,1.135140,1.133450,1.134890,1.134270,1.134900,1.133170,1.134640
2016/06/20 09:00:00,1.134890,1.135150,1.133290,1.133900,1.134640,1.134870,1.133040,1.133630
2016/06/20 09:30:00,1.133900,1.134000,1.133100,1.133570,1.133630,1.133740,1.132830,1.133310
2016/06/20 10:00:00,1.133570,1.133950,1.132440,1.133660,1.133310,1.133700,1.132180,1.133390
2016/06/20 10:30:00,1.133660,1.134170,1.132350,1.132850,1.133390,1.133910,1.132080,1.132590
2016/06/20 11:00:00,1.132850,1.133190,1.132320,1.132970,1.132590,1.132930,1.132070,1.132710
2016/06/20 11:30:00,1.132970,1.133660,1.132530,1.132950,1.132710,1.133410,1.132270,1.132720
2016/06/20 12:00:00,1.132950,1.134910,1.132640,1.134770,1.132720,1.134660,1.132390,1.134520
2016/06/20 12:30:00,1.134770,1.134920,1.133490,1.134370,1.134520,1.134670,1.133240,1.134140
2016/06/20 13:00:00,1.134370,1.135880,1.134360,1.134660,1.134140,1.135640,1.134120,1.134420
2016/06/20 13:30:00,1.134660,1.134840,1.133890,1.134490,1.134420,1.134570,1.133630,1.134240
2016/06/20 14:00:00,1.134490,1.135180,1.133980,1.134130,1.134240,1.134920,1.133720,1.133890
2016/06/20 14:30:00,1.134130,1.134500,1.133670,1.133850,1.133890,1.134240,1.133410,1.133600
2016/06/20 15:00:00,1.133850,1.133940,1.131370,1.132080,1.133600,1.133700,1.131120,1.131820
2016/06/20 15:30:00,1.132080,1.132080,1.130750,1.131900,1.131820,1.131830,1.130500,1.131650
2016/06/20 16:00:00,1.131900,1.132340,1.130540,1.131120,1.131650,1.132090,1.130300,1.130870
2016/06/20 16:30:00,1.131120,1.131920,1.130910,1.131600,1.130870,1.131660,1.130660,1.131340
2016/06/20 17:00:00,1.131600,1.131800,1.130670,1.131650,1.131340,1.131540,1.130410,1.131380
2016/06/20 17:30:00,1.131650,1.132240,1.130720,1.131030,1.131380,1.131980,1.130470,1.130760
2016/06/20 18:00:00,1.131030,1.131560,1.130350,1.131280,1.130760,1.131290,1.130090,1.131010
2016/06/20 18:30:00,1.131280,1.131990,1.131220,1.131700,1.131010,1.131740,1.130960,1.131420
2016/06/20 19:00:00,1.131700,1.131700,1.130850,1.130880,1.131420,1.131420,1.130580,1.130600
2016/06/20 19:30:00,1.130880,1.130990,1.130570,1.130770,1.130600,1.130730,1.130300,1.130500
2016/06/20 20:00:00,1.130770,1.131030,1.130510,1.130570,1.130500,1.130780,1.130250,1.130320
2016/06/20 20:30:00,1.130570,1.132330,1.130570,1.131870,1.130320,1.132070,1.130320,1.131240
2016/06/20 21:00:00,1.131870,1.132010,1.130870,1.131940,1.131240,1.131720,1.130530,1.131630
2016/06/20 21:30:00,1.131940,1.131940,1.131180,1.131310,1.131630,1.131630,1.130730,1.130980
2016/06/20 22:00:00,1.131310,1.131850,1.131200,1.131820,1.130980,1.131580,1.130800,1.131530
2016/06/20 22:30:00,1.131820,1.131860,1.131510,1.131610,1.131530,1.131590,1.131250,1.131340
2016/06/20 23:00:00,1.131610,1.132300,1.131570,1.132060,1.131340,1.132030,1.131320,1.131790
2016/06/20 23:30:00,1.132060,1.132390,1.131930,1.132310,1.131790,1.132130,1.131680,1.132060
2016/06/21 00:00:00,1.132310,1.133090,1.132310,1.132360,1.132060,1.132830,1.132060,1.132100
2016/06/21 00:30:00,1.132360,1.133450,1.132270,1.133320,1.132100,1.133170,1.132000,1.133050
2016/06/21 01:00:00,1.133320,1.134180,1.133170,1.133880,1.133050,1.133910,1.132910,1.133610
2016/06/21 01:30:00,1.133880,1.134480,1.133700,1.133920,1.133610,1.134210,1.133440,1.133670
2016/06/21 02:00:00,1.133920,1.134390,1.133540,1.133660,1.133670,1.134140,1.133290,1.133410
2016/06/21 02:30:00,1.133660,1.133970,1.133410,1.133530,1.133410,1.133720,1.133190,1.133280
2016/06/21 03:00:00,1.133530,1.133820,1.133430,1.133720,1.133280,1.133580,1.133190,1.133460
2016/06/21 03:30:00,1.133720,1.133750,1.132660,1.133100,1.133460,1.133490,1.132410,1.132840
2016/06/21 04:00:00,1.133100,1.133390,1.133070,1.133180,1.132840,1.133140,1.132820,1.132920
2016/06/21 04:30:00,1.133180,1.133600,1.133040,1.133500,1.132920,1.133340,1.132780,1.133220
2016/06/21 05:00:00,1.133500,1.133910,1.133400,1.133600,1.133220,1.133640,1.133150,1.133340
2016/06/21 05:30:00,1.133600,1.133850,1.133020,1.133140,1.133340,1.133590,1.132770,1.132880
2016/06/21 06:00:00,1.133140,1.133620,1.133120,1.133370,1.132880,1.133360,1.132850,1.133120
2016/06/21 06:30:00,1.133370,1.134430,1.133270,1.134150,1.133120,1.134160,1.133020,1.133880
2016/06/21 07:00:00,1.134150,1.135120,1.134140,1.134900,1.133880,1.134850,1.133880,1.134660
2016/06/21 07:30:00,1.134900,1.135020,1.133600,1.134140,1.134660,1.134760,1.133330,1.133890
2016/06/21 08:00:00,1.134140,1.134770,1.133310,1.133420,1.133890,1.134510,1.133080,1.133170
2016/06/21 08:30:00,1.133420,1.134520,1.133030,1.133700,1.133170,1.134240,1.132780,1.133400
2016/06/21 09:00:00,1.133700,1.134050,1.133330,1.133410,1.133400,1.133790,1.133080,1.133170
2016/06/21 09:30:00,1.133410,1.134460,1.133220,1.134110,1.133170,1.134200,1.132960,1.133860
2016/06/21 10:00:00,1.134110,1.134810,1.134030,1.134240,1.133860,1.134550,1.133780,1.133990
2016/06/21 10:30:00,1.134240,1.134350,1.132140,1.132570,1.133990,1.134100,1.131890,1.132320
2016/06/21 11:00:00,1.132570,1.132590,1.131440,1.131970,1.132320,1.132350,1.131190,1.131720
2016/06/21 11:30:00,1.131970,1.133190,1.131170,1.131220,1.131720,1.132950,1.130910,1.130970
2016/06/21 12:00:00,1.131220,1.132110,1.130880,1.131730,1.130970,1.131870,1.130630,1.131480
2016/06/21 12:30:00,1.131730,1.131760,1.128400,1.128600,1.131480,1.131500,1.128180,1.128340
2016/06/21 13:00:00,1.128600,1.130240,1.126470,1.128390,1.128340,1.129980,1.126160,1.128160
2016/06/21 13:30:00,1.128390,1.128620,1.124440,1.124980,1.128160,1.128370,1.124190,1.124740
2016/06/21 14:00:00,1.124980,1.126400,1.124540,1.125470,1.124740,1.126140,1.124280,1.125220
2016/06/21 14:30:00,1.125470,1.128320,1.125450,1.126980,1.125220,1.128090,1.125210,1.126730
2016/06/21 15:00:00,1.126980,1.128150,1.126250,1.126260,1.126730,1.127900,1.125990,1.125990
2016/06/21 15:30:00,1.126260,1.126790,1.125420,1.126250,1.125990,1.126540,1.125160,1.126010
2016/06/21 16:00:00,1.126250,1.126510,1.125280,1.125390,1.126010,1.126250,1.125020,1.125140
2016/06/21 16:30:00,1.125390,1.126080,1.124930,1.126040,1.125140,1.125830,1.124690,1.125770
2016/06/21 17:00:00,1.126040,1.126500,1.125650,1.126420,1.125770,1.126240,1.125390,1.126190
2016/06/21 17:30:00,1.126420,1.126860,1.126090,1.126500,1.126190,1.126600,1.125830,1.126260
2016/06/21 18:00:00,1.126500,1.126760,1.125710,1.125790,1.126260,1.126520,1.125460,1.125540
2016/06/21 18:30:00,1.125790,1.126320,1.125490,1.125910,1.125540,1.126050,1.125240,1.125650
2016/06/21 19:00:00,1.125910,1.126160,1.125340,1.125650,1.125650,1.125900,1.125090,1.125390
2016/06/21 19:30:00,1.125650,1.125990,1.125290,1.125300,1.125390,1.125730,1.125040,1.125040
2016/06/21 20:00:00,1.125300,1.125830,1.124760,1.125710,1.125040,1.125560,1.124500,1.125450
2016/06/21 20:30:00,1.125710,1.126100,1.124320,1.124350,1.125450,1.125820,1.123870,1.124060
2016/06/21 21:00:00,1.124350,1.125810,1.124260,1.125020,1.124060,1.125320,1.123910,1.124660
2016/06/21 21:30:00,1.125020,1.125880,1.124800,1.125110,1.124660,1.125300,1.124470,1.124820
2016/06/21 22:00:00,1.125110,1.126020,1.124960,1.125510,1.124820,1.125750,1.124670,1.125280
2016/06/21 22:30:00,1.125510,1.125980,1.125360,1.125920,1.125280,1.125680,1.125100,1.125650
2016/06/21 23:00:00,1.125920,1.125940,1.124860,1.124930,1.125650,1.125660,1.124570,1.124680
2016/06/21 23:30:00,1.124930,1.125280,1.124930,1.125140,1.124680,1.125010,1.124670,1.124850
2016/06/22 00:00:00,1.125140,1.125260,1.124750,1.124970,1.124850,1.125000,1.124480,1.124730
2016/06/22 00:30:00,1.124970,1.125110,1.123800,1.124420,1.124730,1.124840,1.123540,1.124150
2016/06/22 01:00:00,1.124420,1.124880,1.124290,1.124580,1.124150,1.124600,1.124030,1.124320
2016/06/22 01:30:00,1.124580,1.125200,1.124370,1.124900,1.124320,1.124950,1.124110,1.124640
2016/06/22 02:00:00,1.124900,1.125600,1.124880,1.125430,1.124640,1.125330,1.124630,1.125170
2016/06/22 02:30:00,1.125430,1.126600,1.125370,1.126550,1.125170,1.126340,1.125100,1.126300
2016/06/22 03:00:00,1.126550,1.127140,1.126540,1.126760,1.126300,1.126880,1.126280,1.126530
2016/06/22 03:30:00,1.126760,1.127060,1.126470,1.126900,1.126530,1.126800,1.126220,1.126670
2016/06/22 04:00:00,1.126900,1.126960,1.126700,1.126840,1.126670,1.126710,1.126440,1.126560
2016/06/22 04:30:00,1.126840,1.126900,1.126550,1.126580,1.126560,1.126640,1.126290,1.126320
2016/06/22 05:00:00,1.126580,1.126680,1.125800,1.125880,1.126320,1.126430,1.125530,1.125620
2016/06/22 05:30:00,1.125880,1.126060,1.125690,1.125830,1.125620,1.125800,1.125430,1.125560
2016/06/22 06:00:00,1.125830,1.126720,1.125550,1.126140,1.125560,1.126480,1.125310,1.125880
2016/06/22 06:30:00,1.126140,1.127610,1.125490,1.127270,1.125880,1.127340,1.125250,1.127040
2016/06/22 07:00:00,1.127270,1.127730,1.126500,1.127500,1.127040,1.127470,1.126230,1.127230
2016/06/22 07:30:00,1.127500,1.127740,1.126390,1.127520,1.127230,1.127490,1.126130,1.127270
2016/06/22 08:00:00,1.127520,1.127950,1.127330,1.127510,1.127270,1.127700,1.127090,1.127250
2016/06/22 08:30:00,1.127510,1.127930,1.127190,1.127410,1.127250,1.127680,1.126940,1.127160
2016/06/22 09:00:00,1.127410,1.127520,1.126700,1.127290,1.127160,1.127260,1.126430,1.127030
2016/06/22 09:30:00,1.127290,1.129400,1.127020,1.128940,1.127030,1.129130,1.126750,1.128700
2016/06/22 10:00:00,1.128940,1.129830,1.128740,1.129380,1.128700,1.129560,1.128490,1.129120
2016/06/22 10:30:00,1.129380,1.130110,1.128940,1.129240,1.129120,1.129870,1.128700,1.128970
2016/06/22 11:00:00,1.129240,1.130170,1.128870,1.129190,1.128970,1.129930,1.128610,1.128940
2016/06/22 11:30:00,1.129190,1.129260,1.128240,1.128330,1.128940,1.129010,1.127990,1.128080
2016/06/22 12:00:00,1.128330,1.129300,1.127850,1.128640,1.128080,1.129030,1.127590,1.128380
2016/06/22 12:30:00,1.128640,1.131480,1.128630,1.131480,1.128380,1.131230,1.128380,1.131230
2016/06/22 13:00:00,1.131480,1.132340,1.130630,1.130820,1.131230,1.132090,1.130400,1.130570
2016/06/22 13:30:00,1.130820,1.132150,1.129940,1.131770,1.130570,1.131910,1.129700,1.131480
2016/06/22 14:00:00,1.131770,1.133900,1.131050,1.131340,1.131480,1.133660,1.130810,1.131080
2016/06/22 14:30:00,1.131340,1.131420,1.128080,1.128310,1.131080,1.131160,1.127840,1.128070
2016/06/22 15:00:00,1.128310,1.129260,1.127840,1.128390,1.128070,1.129020,1.127580,1.128130
2016/06/22 15:30:00,1.128390,1.128890,1.127060,1.128790,1.128130,1.128630,1.126800,1.128540
2016/06/22 16:00:00,1.128790,1.130990,1.128630,1.130990,1.128540,1.130720,1.128380,1.130720
2016/06/22 16:30:00,1.130990,1.132090,1.130380,1.130430,1.130720,1.131850,1.130120,1.130170
2016/06/22 17:00:00,1.130430,1.131470,1.129710,1.131000,1.130170,1.131200,1.129460,1.130740
2016/06/22 17:30:00,1.131000,1.131200,1.128920,1.129900,1.130740,1.130940,1.128660,1.129650
2016/06/22 18:00:00,1.129900,1.130630,1.129100,1.130590,1.129650,1.130370,1.128840,1.130330
2016/06/22 18:30:00,1.130590,1.131140,1.129790,1.130940,1.130330,1.130890,1.129530,1.130710
2016/06/22 19:00:00,1.130940,1.131210,1.130400,1.130520,1.130710,1.130940,1.130130,1.130250
2016/06/22 19:30:00,1.130520,1.130940,1.130060,1.130280,1.130250,1.130680,1.129820,1.130010
2016/06/22 20:00:00,1.130280,1.130340,1.129530,1.129600,1.130010,1.130070,1.129270,1.129320
2016/06/22 20:30:00,1.129600,1.130530,1.129580,1.129790,1.129320,1.130250,1.129250,1.129250
2016/06/22 21:00:00,1.129790,1.133590,1.129770,1.133580,1.129250,1.133300,1.129250,1.133300
2016/06/22 21:30:00,1.133580,1.134940,1.132510,1.133490,1.133300,1.134660,1.131850,1.133060
2016/06/22 22:00:00,1.133490,1.134340,1.132310,1.133100,1.133060,1.134060,1.131900,1.132820
2016/06/22 22:30:00,1.133100,1.133530,1.132910,1.133300,1.132820,1.133250,1.132630,1.133030
2016/06/22 23:00:00,1.133300,1.133980,1.133220,1.133550,1.133030,1.133730,1.132950,1.133280
2016/06/22 23:30:00,1.133550,1.133560,1.132660,1.132730,1.133280,1.133300,1.132400,1.132470
2016/06/23 00:00:00,1.132730,1.132950,1.132000,1.132220,1.132470,1.132690,1.131750,1.131960
2016/06/23 00:30:00,1.132220,1.133690,1.132220,1.133240,1.131960,1.133430,1.131960,1.132990
2016/06/23 01:00:00,1.133240,1.133330,1.132700,1.133290,1.132990,1.133080,1.132420,1.133050
2016/06/23 01:30:00,1.133290,1.134320,1.132890,1.132890,1.133050,1.134040,1.132630,1.132630
2016/06/23 02:00:00,1.132890,1.134260,1.132890,1.133630,1.132630,1.134010,1.132630,1.133380
2016/06/23 02:30:00,1.133630,1.134410,1.133540,1.134150,1.133380,1.134140,1.133280,1.133870
2016/06/23 03:00:00,1.134150,1.134660,1.133970,1.134370,1.133870,1.134380,1.133710,1.134110
2016/06/23 03:30:00,1.134370,1.135110,1.134310,1.134650,1.134110,1.134850,1.134050,1.134390
2016/06/23 04:00:00,1.134650,1.134700,1.134100,1.134360,1.134390,1.134440,1.133830,1.134100
2016/06/23 04:30:00,1.134360,1.134360,1.133500,1.133800,1.134100,1.134100,1.133240,1.133530
2016/06/23 05:00:00,1.133800,1.134180,1.133640,1.133860,1.133530,1.133910,1.133390,1.133590
2016/06/23 05:30:00,1.133860,1.134980,1.133860,1.134860,1.133590,1.134720,1.133590,1.134590
2016/06/23 06:00:00,1.134860,1.135070,1.133400,1.134590,1.134590,1.134810,1.133120,1.134320
2016/06/23 06:30:00,1.134590,1.134750,1.133560,1.134240,1.134320,1.134490,1.133310,1.133960
2016/06/23 07:00:00,1.134240,1.134410,1.133460,1.133590,1.133960,1.134150,1.133210,1.133340
2016/06/23 07:30:00,1.133590,1.134000,1.131940,1.132080,1.133340,1.133720,1.131660,1.131800
2016/06/23 08:00:00,1.132080,1.133690,1.131810,1.133440,1.131800,1.133420,1.131550,1.133180
2016/06/23 08:30:00,1.133440,1.135610,1.133110,1.135550,1.133180,1.135350,1.132860,1.135290
2016/06/23 09:00:00,1.135550,1.140160,1.134680,1.138050,1.135290,1.139880,1.134410,1.137790
2016/06/23 09:30:00,1.138050,1.139120,1.137020,1.138700,1.137790,1.138850,1.136770,1.138430
2016/06/23 10:00:00,1.138700,1.140410,1.138370,1.139180,1.138430,1.140170,1.138110,1.138930
2016/06/23 10:30:00,1.139180,1.142310,1.139120,1.139920,1.138930,1.142020,1.138850,1.139640
2016/06/23 11:00:00,1.139920,1.141120,1.137750,1.139540,1.139640,1.140840,1.137450,1.139240
2016/06/23 11:30:00,1.139540,1.139670,1.138290,1.139100,1.139240,1.139410,1.138030,1.138820
2016/06/23 12:00:00,1.139100,1.140220,1.138700,1.140120,1.138820,1.139960,1.138430,1.139680
2016/06/23 12:30:00,1.140120,1.140700,1.138550,1.139270,1.139680,1.140420,1.138290,1.138970
2016/06/23 13:00:00,1.139270,1.139400,1.138290,1.139310,1.138970,1.139140,1.138010,1.139040
2016/06/23 13:30:00,1.139310,1.139370,1.136420,1.138260,1.139040,1.139110,1.136140,1.137870
2016/06/23 14:00:00,1.138260,1.139400,1.136980,1.137020,1.137870,1.139130,1.136720,1.136770
2016/06/23 14:30:00,1.137020,1.137380,1.134860,1.135080,1.136770,1.137130,1.134570,1.134790
2016/06/23 15:00:00,1.135080,1.136210,1.134200,1.136170,1.134790,1.135940,1.133930,1.135920
2016/06/23 15:30:00,1.136170,1.138450,1.136170,1.137130,1.135920,1.138190,1.135920,1.136880
2016/06/23 16:00:00,1.137130,1.137540,1.135070,1.135310,1.136880,1.137290,1.134820,1.135050
2016/06/23 16:30:00,1.135310,1.135950,1.134880,1.135480,1.135050,1.135690,1.134620,1.135220
2016/06/23 17:00:00,1.135480,1.136770,1.135250,1.135880,1.135220,1.136510,1.134980,1.135610
2016/06/23 17:30:00,1.135880,1.136350,1.135360,1.136030,1.135610,1.136080,1.135080,1.135770
2016/06/23 18:00:00,1.136030,1.136090,1.134820,1.135670,1.135770,1.135820,1.134550,1.135420
2016/06/23 18:30:00,1.135670,1.136020,1.135080,1.135530,1.135420,1.135740,1.134830,1.135260
2016/06/23 19:00:00,1.135530,1.135710,1.134340,1.134920,1.135260,1.135420,1.134070,1.134650
2016/06/23 19:30:00,1.134920,1.139490,1.134450,1.138360,1.134650,1.139220,1.134170,1.138070
2016/06/23 20:00:00,1.138360,1.140000,1.136510,1.138820,1.138070,1.139720,1.136240,1.138490
2016/06/23 20:30:00,1.138820,1.139630,1.137510,1.139160,1.138490,1.139340,1.137180,1.138380
2016/06/23 21:00:00,1.139160,1.142920,1.138320,1.139290,1.138380,1.142510,1.137150,1.138720
2016/06/23 21:30:00,1.139290,1.142980,1.137810,1.142570,1.138720,1.142680,1.137530,1.142300
2016/06/23 22:00:00,1.142570,1.142570,1.139940,1.140430,1.142300,1.142300,1.139570,1.140030
2016/06/23 22:30:00,1.140430,1.140510,1.136740,1.137690,1.140030,1.140190,1.136400,1.137390
2016/06/23 23:00:00,1.137690,1.137700,1.127180,1.134630,1.137390,1.137390,1.126760,1.134130
2016/06/23 23:30:00,1.134630,1.135890,1.129730,1.133540,1.134130,1.135490,1.129300,1.133150
2016/06/24 00:00:00,1.133540,1.133910,1.131080,1.131500,1.133150,1.133610,1.130770,1.131200
2016/06/24 00:30:00,1.131500,1.133670,1.127180,1.127930,1.131200,1.133260,1.126880,1.127600
2016/06/24 01:00:00,1.127930,1.129550,1.118240,1.126940,1.127600,1.129110,1.117720,1.126610
2016/06/24 01:30:00,1.126940,1.129930,1.125280,1.126490,1.126610,1.129460,1.124880,1.126160
2016/06/24 02:00:00,1.126490,1.127570,1.113370,1.115830,1.126160,1.127240,1.112930,1.115410
2016/06/24 02:30:00,1.115830,1.120870,1.102660,1.103750,1.115410,1.120410,1.102180,1.103180
2016/06/24 03:00:00,1.103750,1.107210,1.099970,1.100340,1.103180,1.106610,1.099660,1.099910
2016/06/24 03:30:00,1.100340,1.103840,1.091410,1.097920,1.099910,1.103440,1.091040,1.097340
2016/06/24 04:00:00,1.097920,1.104460,1.096830,1.100210,1.097340,1.103940,1.096430,1.099880
2016/06/24 04:30:00,1.100210,1.105450,1.094790,1.095090,1.099880,1.105040,1.094440,1.094690
2016/06/24 05:00:00,1.095090,1.098670,1.093770,1.098370,1.094690,1.098310,1.093410,1.098030
2016/06/24 05:30:00,1.098370,1.102620,1.097980,1.102370,1.098030,1.102270,1.097700,1.101870
2016/06/24 06:00:00,1.102370,1.108740,1.100460,1.101930,1.101870,1.108410,1.099950,1.101470
2016/06/24 06:30:00,1.101930,1.109000,1.100970,1.103530,1.101470,1.108700,1.100610,1.103200
2016/06/24 07:00:00,1.103530,1.107780,1.103100,1.107120,1.103200,1.107390,1.102780,1.106870
2016/06/24 07:30:00,1.107120,1.119140,1.106890,1.115810,1.106870,1.118750,1.106640,1.115560
2016/06/24 08:00:00,1.115810,1.116790,1.111480,1.115230,1.115560,1.116430,1.111180,1.114910
2016/06/24 08:30:00,1.115230,1.118200,1.112800,1.112940,1.114910,1.117900,1.112520,1.112600
2016/06/24 09:00:00,1.112940,1.114290,1.111220,1.113040,1.112600,1.113990,1.110930,1.112750
2016/06/24 09:30:00,1.113040,1.113550,1.110750,1.111770,1.112750,1.113250,1.110460,1.111450
2016/06/24 10:00:00,1.111770,1.112360,1.106240,1.107540,1.111450,1.112060,1.106000,1.107240
2016/06/24 10:30:00,1.107540,1.107650,1.105100,1.105300,1.107240,1.107380,1.104840,1.105040
2016/06/24 11:00:00,1.105300,1.107620,1.105220,1.106380,1.105040,1.107370,1.104950,1.106130
2016/06/24 11:30:00,1.106380,1.106600,1.104480,1.105140,1.106130,1.106370,1.104190,1.104840
2016/06/24 12:00:00,1.105140,1.108600,1.104210,1.108560,1.104840,1.108320,1.103930,1.108180
2016/06/24 12:30:00,1.108560,1.109590,1.104470,1.105310,1.108180,1.109320,1.104180,1.105020
2016/06/24 13:00:00,1.105310,1.106840,1.103670,1.104790,1.105020,1.106530,1.103380,1.104500
2016/06/24 13:30:00,1.104790,1.110700,1.104420,1.106080,1.104500,1.110400,1.104130,1.105810
2016/06/24 14:00:00,1.106080,1.111240,1.104990,1.109640,1.105810,1.110920,1.104700,1.109370
2016/06/24 14:30:00,1.109640,1.113600,1.109640,1.111790,1.109370,1.113310,1.109370,1.111520
2016/06/24 15:00:00,1.111790,1.113210,1.108890,1.112320,1.111520,1.112930,1.108610,1.111980
2016/06/24 15:30:00,1.112320,1.113580,1.110710,1.112300,1.111980,1.113300,1.110450,1.112010
2016/06/24 16:00:00,1.112300,1.114670,1.110120,1.111750,1.112010,1.114410,1.109820,1.111460
2016/06/24 16:30:00,1.111750,1.117800,1.111420,1.116710,1.111460,1.117500,1.111130,1.116400
2016/06/24 17:00:00,1.116710,1.117300,1.114850,1.117010,1.116400,1.117010,1.114550,1.116730
2016/06/24 17:30:00,1.117010,1.118170,1.115480,1.116290,1.116730,1.117870,1.115170,1.116000
2016/06/24 18:00:00,1.116290,1.116940,1.113670,1.113670,1.116000,1.116610,1.113390,1.113390
2016/06/24 18:30:00,1.113670,1.114310,1.111620,1.112310,1.113390,1.114020,1.111340,1.112010
2016/06/24 19:00:00,1.112310,1.113650,1.111710,1.111990,1.112010,1.113360,1.111420,1.111720
2016/06/24 19:30:00,1.111990,1.113430,1.108780,1.108810,1.111720,1.113100,1.108510,1.108530
2016/06/24 20:00:00,1.108810,1.111700,1.108700,1.110710,1.108530,1.111350,1.108420,1.110410
2016/06/24 20:30:00,1.110710,1.113150,1.108740,1.112620,1.110410,1.111350,1.108180,1.108180
2016/06/26 19:00:00,1.112620,1.112620,1.102350,1.102630,1.108180,1.108180,1.101750,1.102090
2016/06/26 19:30:00,1.102630,1.104640,1.100930,1.101770,1.102090,1.103620,1.100360,1.100970
2016/06/26 20:00:00,1.101770,1.104200,1.101220,1.102650,1.100970,1.103040,1.100640,1.102110
2016/06/26 20:30:00,1.102650,1.103830,1.100380,1.101610,1.102110,1.102710,1.099880,1.100970
2016/06/26 21:00:00,1.101610,1.105200,1.101190,1.104910,1.100970,1.104730,1.100300,1.104310
2016/06/26 21:30:00,1.104910,1.105620,1.103140,1.104350,1.104310,1.105220,1.102870,1.103860
2016/06/26 22:00:00,1.104350,1.107110,1.103770,1.105880,1.103860,1.106760,1.102940,1.105460
2016/06/26 22:30:00,1.105880,1.107630,1.105880,1.107420,1.105460,1.107310,1.105440,1.107080
2016/06/26 23:00:00,1.107420,1.107640,1.104430,1.104510,1.107080,1.107340,1.104110,1.104190
2016/06/26 23:30:00,1.104510,1.104790,1.101650,1.104130,1.104190,1.104510,1.101370,1.103830
2016/06/27 00:00:00,1.104130,1.105110,1.103070,1.103210,1.103830,1.104840,1.102760,1.102940
2016/06/27 00:30:00,1.103210,1.103290,1.100620,1.101390,1.102940,1.103010,1.100300,1.101080
2016/06/27 01:00:00,1.101390,1.101670,1.100020,1.101310,1.101080,1.101360,1.099740,1.101040
2016/06/27 01:30:00,1.101310,1.101380,1.099530,1.100100,1.101040,1.101070,1.099250,1.099820
2016/06/27 02:00:00,1.100100,1.101240,1.098570,1.099140,1.099820,1.100950,1.098300,1.098870
2016/06/27 02:30:00,1.099140,1.100640,1.098800,1.100250,1.098870,1.100370,1.098510,1.099970
2016/06/27 03:00:00,1.100250,1.102320,1.100230,1.101610,1.099970,1.102030,1.099950,1.101330
2016/06/27 03:30:00,1.101610,1.103200,1.101610,1.103050,1.101330,1.102910,1.101320,1.102740
2016/06/27 04:00:00,1.103050,1.103470,1.101920,1.101920,1.102740,1.103170,1.101640,1.101640
2016/06/27 04:30:00,1.101920,1.102140,1.100120,1.101560,1.101640,1.101830,1.099830,1.101250
2016/06/27 05:00:00,1.101560,1.103200,1.101550,1.102760,1.101250,1.102920,1.101240,1.102460
2016/06/27 05:30:00,1.102760,1.104210,1.102040,1.104080,1.102460,1.103950,1.101750,1.103800
2016/06/27 06:00:00,1.104080,1.105650,1.101610,1.104930,1.103800,1.105340,1.101350,1.104640
2016/06/27 06:30:00,1.104930,1.106130,1.103920,1.104300,1.104640,1.105830,1.103660,1.104010
2016/06/27 07:00:00,1.104300,1.106510,1.104240,1.105130,1.104010,1.106220,1.103960,1.104860
2016/06/27 07:30:00,1.105130,1.106920,1.104660,1.106610,1.104860,1.106650,1.104380,1.106350
2016/06/27 08:00:00,1.106610,1.108530,1.105870,1.105960,1.106350,1.108250,1.105620,1.105690
2016/06/27 08:30:00,1.105960,1.106170,1.103490,1.105250,1.105690,1.105920,1.103240,1.105000
2016/06/27 09:00:00,1.105250,1.105260,1.101990,1.102010,1.105000,1.105010,1.101750,1.101760
2016/06/27 09:30:00,1.102010,1.104350,1.102000,1.103510,1.101760,1.104070,1.101750,1.103230
2016/06/27 10:00:00,1.103510,1.103660,1.101840,1.102000,1.103230,1.103380,1.101560,1.101750
2016/06/27 10:30:00,1.102000,1.102690,1.100450,1.101530,1.101750,1.102430,1.100190,1.101250
2016/06/27 11:00:00,1.101530,1.102210,1.100250,1.100460,1.101250,1.101950,1.100000,1.100240
2016/06/27 11:30:00,1.100460,1.100700,1.098300,1.099430,1.100240,1.100460,1.098040,1.099180
2016/06/27 12:00:00,1.099430,1.100640,1.097340,1.097510,1.099180,1.100400,1.097070,1.097260
2016/06/27 12:30:00,1.097510,1.099680,1.097220,1.099350,1.097260,1.099420,1.096960,1.099090
2016/06/27 13:00:00,1.099350,1.102260,1.098910,1.101200,1.099090,1.101990,1.098660,1.100940
2016/06/27 13:30:00,1.101200,1.102110,1.099080,1.101620,1.100940,1.101840,1.098820,1.101330
2016/06/27 14:00:00,1.101620,1.103010,1.099890,1.099970,1.101330,1.102760,1.099630,1.099730
2016/06/27 14:30:00,1.099970,1.100540,1.097370,1.097450,1.099730,1.100280,1.097120,1.097200
2016/06/27 15:00:00,1.097450,1.100170,1.097340,1.100100,1.097200,1.099900,1.097090,1.099830
2016/06/27 15:30:00,1.100100,1.102480,1.099350,1.102350,1.099830,1.102220,1.099080,1.102090
2016/06/27 16:00:00,1.102350,1.103450,1.101850,1.102710,1.102090,1.103200,1.101560,1.102450
2016/06/27 16:30:00,1.102710,1.104580,1.102060,1.103970,1.102450,1.104300,1.101800,1.103690
2016/06/27 17:00:00,1.103970,1.104170,1.102460,1.102700,1.103690,1.103910,1.102200,1.102450
2016/06/27 17:30:00,1.102700,1.102700,1.100240,1.100730,1.102450,1.102450,1.099960,1.100470
2016/06/27 18:00:00,1.100730,1.102130,1.099710,1.101900,1.100470,1.101870,1.099450,1.101630
2016/06/27 18:30:00,1.101900,1.102470,1.100270,1.100450,1.101630,1.102200,1.099980,1.100170
2016/06/27 19:00:00,1.100450,1.102190,1.100120,1.101820,1.100170,1.101940,1.099830,1.101560
2016/06/27 19:30:00,1.101820,1.101950,1.100610,1.101920,1.101560,1.101730,1.100360,1.101630
2016/06/27 20:00:00,1.101920,1.102520,1.101610,1.101960,1.101630,1.102250,1.101340,1.101720
2016/06/27 20:30:00,1.101960,1.102910,1.101560,1.102910,1.101720,1.102410,1.101310,1.102290
2016/06/27 21:00:00,1.102910,1.103130,1.102180,1.102180,1.102290,1.102740,1.101860,1.101860
2016/06/27 21:30:00,1.102180,1.102590,1.101920,1.102230,1.101860,1.102150,1.101640,1.101970
2016/06/27 22:00:00,1.102230,1.102660,1.101690,1.101790,1.101970,1.102380,1.101420,1.101520
2016/06/27 22:30:00,1.101790,1.102130,1.101170,1.101180,1.101520,1.101860,1.100910,1.100920
2016/06/27 23:00:00,1.101180,1.101990,1.101180,1.101890,1.100920,1.101710,1.100920,1.101630
2016/06/27 23:30:00,1.101890,1.102010,1.101460,1.101490,1.101630,1.101760,1.101180,1.101240
2016/06/28 00:00:00,1.101490,1.102490,1.101430,1.102430,1.101240,1.102230,1.101160,1.102160
2016/06/28 00:30:00,1.102430,1.102700,1.101900,1.102090,1.102160,1.102450,1.101620,1.101830
2016/06/28 01:00:00,1.102090,1.103680,1.101900,1.103460,1.101830,1.103410,1.101630,1.103200
2016/06/28 01:30:00,1.103460,1.105510,1.102990,1.104490,1.103200,1.105250,1.102720,1.104210
2016/06/28 02:00:00,1.104490,1.105080,1.104120,1.104760,1.104210,1.104800,1.103840,1.104520
2016/06/28 02:30:00,1.104760,1.106060,1.104550,1.105230,1.104520,1.105800,1.104290,1.104960
2016/06/28 03:00:00,1.105230,1.105260,1.104450,1.105090,1.104960,1.104980,1.104170,1.104810
2016/06/28 03:30:00,1.105090,1.105860,1.105060,1.105790,1.104810,1.105600,1.104790,1.105530
2016/06/28 04:00:00,1.105790,1.106560,1.105580,1.106170,1.105530,1.106300,1.105320,1.105910
2016/06/28 04:30:00,1.106170,1.106390,1.105740,1.106340,1.105910,1.106120,1.105500,1.106080
2016/06/28 05:00:00,1.106340,1.106530,1.105500,1.105690,1.106080,1.106260,1.105220,1.105440
2016/06/28 05:30:00,1.105690,1.106330,1.105430,1.106300,1.105440,1.106070,1.105160,1.106020
2016/06/28 06:00:00,1.106300,1.106830,1.104900,1.106650,1.106020,1.106560,1.104630,1.106400
2016/06/28 06:30:00,1.106650,1.107670,1.106110,1.107240,1.106400,1.107420,1.105860,1.106970
2016/06/28 07:00:00,1.107240,1.107270,1.105530,1.106030,1.106970,1.107010,1.105250,1.105770
2016/06/28 07:30:00,1.106030,1.107860,1.105980,1.107050,1.105770,1.107600,1.105710,1.106790
2016/06/28 08:00:00,1.107050,1.108080,1.107000,1.107240,1.106790,1.107830,1.106750,1.106990
2016/06/28 08:30:00,1.107240,1.107850,1.105460,1.105480,1.106990,1.107590,1.105180,1.105210
2016/06/28 09:00:00,1.105480,1.106480,1.105470,1.106440,1.105210,1.106220,1.105210,1.106190
2016/06/28 09:30:00,1.106440,1.109510,1.106410,1.109430,1.106190,1.109240,1.106170,1.109180
2016/06/28 10:00:00,1.109430,1.111310,1.108860,1.108860,1.109180,1.111040,1.108600,1.108600
2016/06/28 10:30:00,1.108860,1.109810,1.108700,1.109070,1.108600,1.109560,1.108440,1.108820
2016/06/28 11:00:00,1.109070,1.109390,1.108430,1.108870,1.108820,1.109130,1.108190,1.108610
2016/06/28 11:30:00,1.108870,1.108870,1.107180,1.107200,1.108610,1.108620,1.106920,1.106950
2016/06/28 12:00:00,1.107200,1.108330,1.106480,1.108110,1.106950,1.108080,1.106250,1.107830
2016/06/28 12:30:00,1.108110,1.108610,1.107260,1.107300,1.107830,1.108350,1.107000,1.107020
2016/06/28 13:00:00,1.107300,1.107360,1.105360,1.106250,1.107020,1.107100,1.105110,1.105980
2016/06/28 13:30:00,1.106250,1.106740,1.105590,1.106040,1.105980,1.106500,1.105360,1.105670
2016/06/28 14:00:00,1.106040,1.107400,1.105430,1.106200,1.105670,1.107120,1.105170,1.105960
2016/06/28 14:30:00,1.106200,1.106870,1.104960,1.105270,1.105960,1.106620,1.104720,1.105020
2016/06/28 15:00:00,1.105270,1.106110,1.104460,1.104970,1.105020,1.105860,1.104200,1.104710
2016/06/28 15:30:00,1.104970,1.105640,1.103750,1.105390,1.104710,1.105370,1.103500,1.105130
2016/06/28 16:00:00,1.105390,1.106390,1.104620,1.106240,1.105130,1.106130,1.104390,1.106010
2016/06/28 16:30:00,1.106240,1.106800,1.104600,1.105370,1.106010,1.106540,1.104340,1.105110
2016/06/28 17:00:00,1.105370,1.105780,1.104800,1.105660,1.105110,1.105530,1.104550,1.105410
2016/06/28 17:30:00,1.105660,1.105680,1.104160,1.104200,1.105410,1.105420,1.103900,1.103950
2016/06/28 18:00:00,1.104200,1.104480,1.103620,1.104250,1.103950,1.104230,1.103360,1.103990
2016/06/28 18:30:00,1.104250,1.105710,1.103850,1.104820,1.103990,1.105450,1.103570,1.104550
2016/06/28 19:00:00,1.104820,1.106640,1.104760,1.106540,1.104550,1.106390,1.104500,1.106300
2016/06/28 19:30:00,1.106540,1.108110,1.106230,1.107960,1.106300,1.107860,1.105990,1.107690
2016/06/28 20:00:00,1.107960,1.109200,1.107920,1.108680,1.107690,1.108940,1.107640,1.108410
2016/06/28 20:30:00,1.108680,1.108690,1.106550,1.106800,1.108410,1.108420,1.106210,1.106240
2016/06/28 21:00:00,1.106800,1.107060,1.106300,1.106910,1.106240,1.106690,1.106030,1.106440
2016/06/28 21:30:00,1.106910,1.108520,1.106480,1.107940,1.106440,1.108060,1.106220,1.107630
2016/06/28 22:00:00,1.107940,1.108120,1.107150,1.107670,1.107630,1.107740,1.106880,1.107330
2016/06/28 22:30:00,1.107670,1.107690,1.107330,1.107390,1.107330,1.107420,1.107030,1.107130
2016/06/28 23:00:00,1.107390,1.107720,1.107390,1.107690,1.107130,1.107460,1.107130,1.107420
2016/06/28 23:30:00,1.107690,1.107790,1.107340,1.107670,1.107420,1.107540,1.107050,1.107420
2016/06/29 00:00:00,1.107670,1.107800,1.106790,1.106840,1.107420,1.107550,1.106540,1.106580
2016/06/29 00:30:00,1.106840,1.107470,1.106070,1.106390,1.106580,1.107200,1.105790,1.106120
2016/06/29 01:00:00,1.106390,1.106870,1.105060,1.105230,1.106120,1.106620,1.104800,1.104970
2016/06/29 01:30:00,1.105230,1.105900,1.105220,1.105330,1.104970,1.105630,1.104950,1.105070
2016/06/29 02:00:00,1.105330,1.106120,1.105070,1.106090,1.105070,1.105860,1.104820,1.105830
2016/06/29 02:30:00,1.106090,1.106680,1.105820,1.106670,1.105830,1.106410,1.105560,1.106410
2016/06/29 03:00:00,1.106670,1.107070,1.106370,1.106520,1.106410,1.106780,1.106120,1.106250
2016/06/29 03:30:00,1.106520,1.107060,1.106440,1.106870,1.106250,1.106810,1.106160,1.106600
2016/06/29 04:00:00,1.106870,1.106990,1.106420,1.106540,1.106600,1.106730,1.106160,1.106280
2016/06/29 04:30:00,1.106540,1.106960,1.106520,1.106890,1.106280,1.106690,1.106250,1.106650
2016/06/29 05:00:00,1.106890,1.107080,1.106510,1.106920,1.106650,1.106830,1.106250,1.106660
2016/06/29 05:30:00,1.106920,1.107040,1.105620,1.105770,1.106660,1.106780,1.105350,1.105490
2016/06/29 06:00:00,1.105770,1.106740,1.105410,1.106310,1.105490,1.106480,1.105140,1.106050
2016/06/29 06:30:00,1.106310,1.108130,1.106270,1.107130,1.106050,1.107920,1.106010,1.106870
2016/06/29 07:00:00,1.107130,1.110460,1.106340,1.110160,1.106870,1.110200,1.106090,1.109900
2016/06/29 07:30:00,1.110160,1.110240,1.107160,1.107360,1.109900,1.109990,1.106900,1.107110
2016/06/29 08:00:00,1.107360,1.107920,1.106160,1.106180,1.107110,1.107660,1.105910,1.105930
2016/06/29 08:30:00,1.106180,1.107650,1.106100,1.106280,1.105930,1.107400,1.105850,1.106050
2016/06/29 09:00:00,1.106280,1.106930,1.105650,1.106080,1.106050,1.106670,1.105390,1.105830
2016/06/29 09:30:00,1.106080,1.106840,1.105310,1.106600,1.105830,1.106580,1.105050,1.106330
2016/06/29 10:00:00,1.106600,1.109820,1.106520,1.109100,1.106330,1.109550,1.106270,1.108850
2016/06/29 10:30:00,1.109100,1.109470,1.108390,1.109020,1.108850,1.109220,1.108130,1.108780
2016/06/29 11:00:00,1.109020,1.109760,1.107550,1.108760,1.108780,1.109500,1.107290,1.108510
2016/06/29 11:30:00,1.108760,1.109040,1.107120,1.108760,1.108510,1.108790,1.106880,1.108510
2016/06/29 12:00:00,1.108760,1.110030,1.108130,1.109390,1.108510,1.109770,1.107880,1.108780
2016/06/29 12:30:00,1.109390,1.111310,1.108270,1.108310,1.108780,1.111050,1.108010,1.108060
2016/06/29 13:00:00,1.108310,1.111930,1.107540,1.110570,1.108060,1.111660,1.107280,1.110320
2016/06/29 13:30:00,1.110570,1.112120,1.109980,1.112010,1.110320,1.111860,1.109730,1.111750
2016/06/29 14:00:00,1.112010,1.113190,1.110300,1.110300,1.111750,1.112940,1.110040,1.110040
2016/06/29 14:30:00,1.110300,1.111330,1.109150,1.110510,1.110040,1.111080,1.108890,1.110270
2016/06/29 15:00:00,1.110510,1.112550,1.110200,1.111350,1.110270,1.112290,1.109930,1.111090
2016/06/29 15:30:00,1.111350,1.112130,1.110250,1.111820,1.111090,1.111860,1.110000,1.111560
2016/06/29 16:00:00,1.111820,1.111830,1.110060,1.110480,1.111560,1.111570,1.109810,1.110230
2016/06/29 16:30:00,1.110480,1.110800,1.109490,1.109910,1.110230,1.110560,1.109230,1.109660
2016/06/29 17:00:00,1.109910,1.110500,1.109330,1.109840,1.109660,1.110250,1.109060,1.109580
2016/06/29 17:30:00,1.109840,1.111600,1.109820,1.111530,1.109580,1.111360,1.109560,1.111270
2016/06/29 18:00:00,1.111530,1.111580,1.110750,1.110910,1.111270,1.111320,1.110490,1.110660
2016/06/29 18:30:00,1.110910,1.111260,1.110540,1.110820,1.110660,1.111010,1.110290,1.110570
2016/06/29 19:00:00,1.110820,1.111170,1.110170,1.110590,1.110570,1.110920,1.109920,1.110330
2016/06/29 19:30:00,1.110590,1.110980,1.109880,1.110380,1.110330,1.110720,1.109610,1.110130
2016/06/29 20:00:00,1.110380,1.112550,1.110180,1.112460,1.110130,1.112270,1.109910,1.112180
2016/06/29 20:30:00,1.112460,1.112830,1.111880,1.112730,1.112180,1.112430,1.111620,1.112190
2016/06/29 21:00:00,1.112730,1.112780,1.111460,1.112170,1.112190,1.112500,1.111160,1.111910
2016/06/29 21:30:00,1.112170,1.112860,1.112020,1.112850,1.111910,1.112590,1.111730,1.112540
2016/06/29 22:00:00,1.112850,1.112900,1.112390,1.112700,1.112540,1.112610,1.112110,1.112460
2016/06/29 22:30:00,1.112700,1.112710,1.112210,1.112470,1.112460,1.112460,1.111960,1.112220
2016/06/29 23:00:00,1.112470,1.112900,1.112090,1.112660,1.112220,1.112620,1.111820,1.112390
2016/06/29 23:30:00,1.112660,1.112720,1.112150,1.112370,1.112390,1.112450,1.111890,1.112090
2016/06/30 00:00:00,1.112370,1.112540,1.111410,1.111570,1.112090,1.112250,1.111150,1.111300
2016/06/30 00:30:00,1.111570,1.111870,1.111020,1.111090,1.111300,1.111610,1.110750,1.110830
2016/06/30 01:00:00,1.111090,1.111410,1.110640,1.111230,1.110830,1.111140,1.110380,1.110950
2016/06/30 01:30:00,1.111230,1.111230,1.110690,1.110990,1.110950,1.110950,1.110440,1.110730
2016/06/30 02:00:00,1.110990,1.112120,1.110960,1.111770,1.110730,1.111860,1.110700,1.111510
2016/06/30 02:30:00,1.111770,1.111770,1.110710,1.110960,1.111510,1.111510,1.110460,1.110690
2016/06/30 03:00:00,1.110960,1.111200,1.110600,1.110620,1.110690,1.110950,1.110330,1.110360
2016/06/30 03:30:00,1.110620,1.110800,1.110030,1.110450,1.110360,1.110540,1.109760,1.110190
2016/06/30 04:00:00,1.110450,1.110600,1.110140,1.110600,1.110190,1.110360,1.109890,1.110350
2016/06/30 04:30:00,1.110600,1.110960,1.110190,1.110320,1.110350,1.110710,1.109930,1.110060
2016/06/30 05:00:00,1.110320,1.110360,1.109380,1.109490,1.110060,1.110090,1.109120,1.109230
2016/06/30 05:30:00,1.109490,1.109870,1.108700,1.108750,1.109230,1.109610,1.108440,1.108480
2016/06/30 06:00:00,1.108750,1.110430,1.108640,1.109720,1.108480,1.110190,1.108360,1.109460
2016/06/30 06:30:00,1.109720,1.111500,1.109700,1.110880,1.109460,1.111240,1.109430,1.110620
2016/06/30 07:00:00,1.110880,1.111100,1.108790,1.110130,1.110620,1.110830,1.108540,1.109860
2016/06/30 07:30:00,1.110130,1.112120,1.109590,1.111710,1.109860,1.111860,1.109320,1.111450
2016/06/30 08:00:00,1.111710,1.113690,1.111290,1.112120,1.111450,1.113380,1.111040,1.111870
2016/06/30 08:30:00,1.112120,1.112400,1.111160,1.112250,1.111870,1.112120,1.110890,1.111970
2016/06/30 09:00:00,1.112250,1.113180,1.111160,1.112690,1.111970,1.112920,1.110910,1.112440
2016/06/30 09:30:00,1.112690,1.113920,1.112000,1.112820,1.112440,1.113670,1.111730,1.112560
2016/06/30 10:00:00,1.112820,1.114190,1.112780,1.114050,1.112560,1.113950,1.112530,1.113800
2016/06/30 10:30:00,1.114050,1.115590,1.114010,1.114610,1.113800,1.115320,1.113750,1.114360
2016/06/30 11:00:00,1.114610,1.115560,1.113900,1.114390,1.114360,1.115310,1.113640,1.114140
2016/06/30 11:30:00,1.114390,1.114430,1.109990,1.110590,1.114140,1.114170,1.109720,1.110340
2016/06/30 12:00:00,1.110590,1.111460,1.109190,1.110030,1.110340,1.111210,1.108980,1.109650
2016/06/30 12:30:00,1.110030,1.111970,1.107810,1.111420,1.109650,1.111710,1.107540,1.111170
2016/06/30 13:00:00,1.111420,1.111520,1.109390,1.110500,1.111170,1.111280,1.109140,1.110250
2016/06/30 13:30:00,1.110500,1.112070,1.109150,1.111750,1.110250,1.111800,1.108880,1.111490
2016/06/30 14:00:00,1.111750,1.112210,1.109580,1.110020,1.111490,1.111970,1.109320,1.109760
2016/06/30 14:30:00,1.110020,1.112560,1.109130,1.111930,1.109760,1.112290,1.108870,1.111670
2016/06/30 15:00:00,1.111930,1.112170,1.108510,1.110670,1.111670,1.111890,1.108260,1.110410
2016/06/30 15:30:00,1.110670,1.111720,1.103340,1.103550,1.110410,1.111440,1.103040,1.103290
2016/06/30 16:00:00,1.103550,1.108520,1.102540,1.106110,1.103290,1.108230,1.102280,1.105830
2016/06/30 16:30:00,1.106110,1.107990,1.105780,1.107420,1.105830,1.107740,1.105540,1.107150
2016/06/30 17:00:00,1.107420,1.107960,1.104760,1.105330,1.107150,1.107690,1.104500,1.105080
2016/06/30 17:30:00,1.105330,1.105580,1.103660,1.105210,1.105080,1.105340,1.103420,1.104950
2016/06/30 18:00:00,1.105210,1.107120,1.105000,1.106690,1.104950,1.106880,1.104740,1.106430
2016/06/30 18:30:00,1.106690,1.108340,1.106650,1.108170,1.106430,1.108070,1.106390,1.107900
2016/06/30 19:00:00,1.108170,1.109440,1.107790,1.109150,1.107900,1.109200,1.107520,1.108900
2016/06/30 19:30:00,1.109150,1.110090,1.108720,1.109540,1.108900,1.109810,1.108460,1.109290
2016/06/30 20:00:00,1.109540,1.110720,1.109510,1.110370,1.109290,1.110440,1.109250,1.110130
2016/06/30 20:30:00,1.110370,1.111050,1.108920,1.110950,1.110130,1.110530,1.108630,1.110530
2016/06/30 21:00:00,1.110950,1.110950,1.110110,1.110660,1.110530,1.110650,1.109740,1.110240
2016/06/30 21:30:00,1.110660,1.110660,1.109740,1.110480,1.110240,1.110310,1.109410,1.110180
2016/06/30 22:00:00,1.110480,1.110990,1.109930,1.110420,1.110180,1.110740,1.109650,1.110120
2016/06/30 22:30:00,1.110420,1.110500,1.109600,1.110120,1.110120,1.110200,1.109320,1.109850
2016/06/30 23:00:00,1.110120,1.110950,1.109950,1.110660,1.109850,1.110690,1.109690,1.110380
2016/06/30 23:30:00,1.110660,1.110910,1.110410,1.110410,1.110380,1.110620,1.110140,1.110140
