StartDate,AskOpen,AskHigh,AskLow,AskClose,BidOpen,BidHigh,BidLow,BidClose
2017/01/02 22:00:00,1.052550,1.052550,1.034170,1.040760,1.051450,1.051450,1.033910,1.040370
2017/01/03 22:00:00,1.040760,1.050150,1.039080,1.049330,1.040370,1.049880,1.038860,1.048530
2017/01/04 22:00:00,1.049330,1.061660,1.048220,1.060960,1.048530,1.061410,1.047960,1.060390
2017/01/05 22:00:00,1.060960,1.062520,1.052620,1.053830,1.060390,1.062090,1.052390,1.053080
2017/01/07 22:00:00,1.053830,1.053830,1.053110,1.053300,1.053080,1.053080,1.052560,1.052800
2017/01/08 22:00:00,1.053300,1.058470,1.051210,1.057780,1.052800,1.058210,1.050950,1.057050
2017/01/09 22:00:00,1.057780,1.062870,1.055200,1.055580,1.057050,1.062610,1.054960,1.055240
2017/01/10 22:00:00,1.055580,1.062460,1.045520,1.058470,1.055240,1.062180,1.045280,1.058040
2017/01/11 22:00:00,1.058470,1.068610,1.057280,1.061470,1.058040,1.068350,1.057030,1.061040
2017/01/12 22:00:00,1.061470,1.067730,1.059730,1.065120,1.061040,1.067450,1.059500,1.063880
2017/01/14 22:00:00,1.065120,1.065120,1.059480,1.060790,1.063880,1.063880,1.058930,1.060210
2017/01/15 22:00:00,1.060790,1.063720,1.058040,1.060640,1.060210,1.063450,1.057790,1.059440
2017/01/16 22:00:00,1.060640,1.072070,1.059920,1.071520,1.059440,1.071850,1.059380,1.071140
2017/01/17 22:00:00,1.071520,1.071730,1.062980,1.063240,1.071140,1.071430,1.062720,1.062770
2017/01/18 22:00:00,1.063240,1.067800,1.059020,1.066640,1.062770,1.067560,1.058800,1.066150
2017/01/19 22:00:00,1.066640,1.071090,1.062640,1.070820,1.066150,1.070850,1.062400,1.069730
2017/01/21 22:00:00,1.070820,1.071520,1.070390,1.070500,1.069730,1.071120,1.069730,1.070100
2017/01/22 22:00:00,1.070500,1.077080,1.069750,1.076690,1.070100,1.076810,1.069290,1.076150
2017/01/23 22:00:00,1.076690,1.077630,1.072140,1.073380,1.076150,1.077400,1.071910,1.072880
2017/01/24 22:00:00,1.073380,1.077120,1.071260,1.075090,1.072880,1.076870,1.071020,1.074480
2017/01/25 22:00:00,1.075090,1.076690,1.065890,1.068430,1.074480,1.076460,1.065650,1.067880
2017/01/26 22:00:00,1.068430,1.072630,1.065950,1.070210,1.067880,1.072370,1.065700,1.068930
2017/01/28 22:00:00,1.070210,1.073420,1.070210,1.072590,1.068930,1.073100,1.068930,1.072010
2017/01/29 22:00:00,1.072590,1.074180,1.062140,1.069960,1.072010,1.073920,1.061910,1.069010
2017/01/30 22:00:00,1.069960,1.081370,1.068570,1.079940,1.069010,1.081120,1.068330,1.079600
2017/01/31 22:00:00,1.079940,1.080880,1.073400,1.076990,1.079600,1.080650,1.072810,1.076660
2017/02/01 22:00:00,1.076990,1.083010,1.075700,1.076070,1.076660,1.082770,1.075470,1.075670
2017/02/02 22:00:00,1.076070,1.079900,1.071350,1.079220,1.075670,1.079660,1.070760,1.078380
2017/02/04 22:00:00,1.079220,1.080610,1.079200,1.079200,1.078380,1.080040,1.078380,1.078840
2017/02/05 22:00:00,1.079200,1.079550,1.070680,1.075260,1.078840,1.079000,1.070430,1.074790
2017/02/06 22:00:00,1.075260,1.075300,1.065720,1.068540,1.074790,1.074910,1.065490,1.068230
2017/02/07 22:00:00,1.068540,1.071550,1.064190,1.070040,1.068230,1.071300,1.063930,1.069680
2017/02/08 22:00:00,1.070040,1.071070,1.065210,1.066300,1.069680,1.070850,1.064880,1.064960
2017/02/09 22:00:00,1.066300,1.066900,1.060890,1.064800,1.064960,1.066650,1.060640,1.063420
2017/02/11 22:00:00,1.064800,1.064800,1.062720,1.063060,1.063420,1.063420,1.061700,1.062480
2017/02/12 22:00:00,1.063060,1.066010,1.059320,1.060320,1.062480,1.065740,1.058970,1.059040
2017/02/13 22:00:00,1.060320,1.063490,1.056230,1.058630,1.059040,1.063230,1.055970,1.057160
2017/02/14 22:00:00,1.058630,1.061110,1.052270,1.060200,1.057160,1.060800,1.052010,1.059730
2017/02/15 22:00:00,1.060200,1.068070,1.059260,1.067580,1.059730,1.067820,1.058760,1.067330
2017/02/16 22:00:00,1.067580,1.067830,1.060670,1.061430,1.067330,1.067550,1.060300,1.060720
2017/02/18 22:00:00,1.061430,1.061680,1.060990,1.061140,1.060720,1.060780,1.060190,1.060420
2017/02/19 22:00:00,1.061140,1.063450,1.060410,1.061480,1.060420,1.063180,1.060150,1.060790
2017/02/20 22:00:00,1.061480,1.061960,1.052700,1.054340,1.060790,1.061410,1.052430,1.052860
2017/02/21 22:00:00,1.054340,1.057580,1.049480,1.056030,1.052860,1.057290,1.049250,1.055600
2017/02/22 22:00:00,1.056030,1.059670,1.053880,1.058480,1.055600,1.059430,1.053620,1.057990
2017/02/23 22:00:00,1.058480,1.061980,1.055810,1.056450,1.057990,1.061670,1.055510,1.055860
2017/02/25 22:00:00,1.056450,1.057290,1.056340,1.056780,1.055860,1.056660,1.055200,1.055870
2017/02/26 22:00:00,1.056780,1.063260,1.055270,1.058880,1.055870,1.062950,1.055010,1.058490
2017/02/27 22:00:00,1.058880,1.063110,1.056940,1.057970,1.058490,1.062900,1.056380,1.057510
2017/02/28 22:00:00,1.057970,1.059090,1.051550,1.054950,1.057510,1.058820,1.051300,1.054510
2017/03/01 22:00:00,1.054950,1.055350,1.049610,1.050830,1.054510,1.055050,1.049370,1.050410
2017/03/02 22:00:00,1.050830,1.062560,1.050360,1.062480,1.050410,1.062270,1.049600,1.062030
2017/03/04 22:00:00,1.062480,1.062480,1.060520,1.061310,1.062030,1.062030,1.059780,1.060890
2017/03/05 22:00:00,1.061310,1.064200,1.057570,1.058400,1.060890,1.063900,1.057320,1.058050
2017/03/06 22:00:00,1.058400,1.060410,1.055940,1.056790,1.058050,1.060150,1.055690,1.056310
2017/03/07 22:00:00,1.056790,1.057550,1.053600,1.054430,1.056310,1.057310,1.053270,1.054030
2017/03/08 22:00:00,1.054430,1.061710,1.052630,1.057980,1.054030,1.061430,1.052400,1.057490
2017/03/09 22:00:00,1.057980,1.070040,1.057400,1.067970,1.057490,1.069800,1.057020,1.066950
2017/03/11 22:00:00,1.067970,1.069060,1.067660,1.068260,1.066950,1.068110,1.066820,1.067340
2017/03/12 21:00:00,1.068260,1.071570,1.065340,1.065410,1.067340,1.071330,1.064950,1.064950
2017/03/13 21:00:00,1.065410,1.066410,1.060110,1.060750,1.064950,1.066130,1.059860,1.060300
2017/03/14 21:00:00,1.060750,1.074180,1.060500,1.073520,1.060300,1.073900,1.060230,1.073090
2017/03/15 21:00:00,1.073520,1.077170,1.070690,1.076720,1.073090,1.076920,1.070450,1.076260
2017/03/16 21:00:00,1.076720,1.078380,1.072880,1.074200,1.076260,1.078130,1.072630,1.073690
2017/03/18 21:00:00,1.074200,1.074360,1.073430,1.073560,1.073690,1.073870,1.072800,1.073140
2017/03/19 21:00:00,1.073560,1.077880,1.072630,1.074270,1.073140,1.077610,1.072390,1.073820
2017/03/20 21:00:00,1.074270,1.082070,1.072040,1.081320,1.073820,1.081820,1.071780,1.080850
2017/03/21 21:00:00,1.081320,1.082610,1.077710,1.080020,1.080850,1.082350,1.077470,1.079580
2017/03/22 21:00:00,1.080020,1.080650,1.076920,1.078710,1.079580,1.080390,1.076690,1.078250
2017/03/23 21:00:00,1.078710,1.081940,1.076150,1.080180,1.078250,1.081690,1.075900,1.079510
2017/03/25 21:00:00,1.080180,1.085660,1.080180,1.084430,1.079510,1.084470,1.079510,1.083210
2017/03/26 21:00:00,1.084430,1.090770,1.082960,1.086400,1.083210,1.090470,1.081970,1.086160
2017/03/27 21:00:00,1.086400,1.087390,1.080000,1.081640,1.086160,1.087150,1.079750,1.081170
2017/03/28 21:00:00,1.081640,1.082790,1.074110,1.076730,1.081170,1.082540,1.073850,1.076330
2017/03/29 21:00:00,1.076730,1.077150,1.067300,1.067680,1.076330,1.076850,1.067060,1.067230
2017/03/30 21:00:00,1.067680,1.070310,1.065290,1.066120,1.067230,1.070070,1.065010,1.065570
2017/04/01 21:00:00,1.066120,1.066940,1.066120,1.066710,1.065570,1.066320,1.065300,1.065800
2017/04/02 21:00:00,1.066710,1.068250,1.064370,1.067090,1.065800,1.068000,1.064120,1.066810
2017/04/03 21:00:00,1.067090,1.067880,1.063700,1.067470,1.066810,1.067610,1.063350,1.067020
2017/04/04 21:00:00,1.067470,1.069030,1.063720,1.066470,1.067020,1.068800,1.063140,1.066050
2017/04/05 21:00:00,1.066470,1.068550,1.063020,1.064620,1.066050,1.068300,1.062780,1.064200
2017/04/06 21:00:00,1.064620,1.067140,1.058180,1.059320,1.064200,1.066590,1.057930,1.058810
2017/04/08 21:00:00,1.059320,1.059550,1.058520,1.059080,1.058810,1.058810,1.057880,1.058420
2017/04/09 21:00:00,1.059080,1.060800,1.057110,1.059810,1.058420,1.060560,1.056830,1.059400
2017/04/10 21:00:00,1.059810,1.063130,1.057990,1.060570,1.059400,1.062890,1.057740,1.060290
2017/04/11 21:00:00,1.060570,1.067640,1.059010,1.066760,1.060290,1.067390,1.058750,1.066340
2017/04/12 21:00:00,1.066760,1.067890,1.061050,1.061500,1.066340,1.067660,1.060790,1.061040
2017/04/13 21:00:00,1.061500,1.063170,1.060730,1.061560,1.061040,1.062850,1.060130,1.060130
2017/04/15 21:00:00,1.061560,1.062660,1.061560,1.062560,1.060130,1.061800,1.060130,1.061150
2017/04/16 21:00:00,1.062560,1.067190,1.060460,1.064630,1.061150,1.066920,1.060150,1.064150
2017/04/17 21:00:00,1.064630,1.073740,1.063840,1.073210,1.064150,1.073490,1.063610,1.072830
2017/04/18 21:00:00,1.073210,1.073900,1.070110,1.071360,1.072830,1.073570,1.069890,1.070960
2017/04/19 21:00:00,1.071360,1.077880,1.071060,1.071840,1.070960,1.077640,1.070770,1.071430
2017/04/20 21:00:00,1.071840,1.073950,1.068340,1.072750,1.071430,1.073700,1.068110,1.072350
2017/04/22 21:00:00,1.072750,1.094240,1.072750,1.092470,1.072350,1.093280,1.072350,1.091740
2017/04/23 21:00:00,1.092470,1.092470,1.082200,1.086800,1.091740,1.091740,1.081970,1.086400
2017/04/24 21:00:00,1.086800,1.095150,1.085260,1.092790,1.086400,1.094890,1.085020,1.092490
2017/04/25 21:00:00,1.092790,1.095210,1.085690,1.090680,1.092490,1.094980,1.085420,1.090280
2017/04/26 21:00:00,1.090680,1.093450,1.085290,1.087320,1.090280,1.093170,1.085050,1.086900
2017/04/27 21:00:00,1.087320,1.094880,1.085850,1.090080,1.086900,1.094620,1.085590,1.089660
2017/04/29 21:00:00,1.090080,1.092190,1.090080,1.091840,1.089660,1.091710,1.089660,1.090930
2017/04/30 21:00:00,1.091840,1.092520,1.088540,1.090260,1.090930,1.092280,1.088280,1.089720
2017/05/01 21:00:00,1.090260,1.093470,1.088950,1.093460,1.089720,1.093210,1.088670,1.093040
2017/05/02 21:00:00,1.093460,1.093810,1.088420,1.088680,1.093040,1.093580,1.088160,1.088230
2017/05/03 21:00:00,1.088680,1.098850,1.087620,1.098540,1.088230,1.098620,1.087370,1.098140
2017/05/04 21:00:00,1.098540,1.100270,1.095350,1.100190,1.098140,1.099790,1.094430,1.099700
2017/05/06 21:00:00,1.100190,1.102540,1.100190,1.102370,1.099700,1.102130,1.099700,1.101530
2017/05/07 21:00:00,1.102370,1.102500,1.091760,1.092660,1.101530,1.102010,1.091500,1.092120
2017/05/08 21:00:00,1.092660,1.093470,1.086470,1.087570,1.092120,1.093220,1.086220,1.087170
2017/05/09 21:00:00,1.087570,1.089950,1.085440,1.086910,1.087170,1.089700,1.085180,1.086460
2017/05/10 21:00:00,1.086910,1.089440,1.084030,1.086370,1.086460,1.089190,1.083800,1.085970
2017/05/11 21:00:00,1.086370,1.093600,1.085710,1.093540,1.085970,1.093310,1.085420,1.093030
2017/05/13 21:00:00,1.093540,1.093650,1.092940,1.093220,1.093030,1.093030,1.092090,1.092810
2017/05/14 21:00:00,1.093220,1.099080,1.092400,1.097740,1.092810,1.098830,1.092150,1.097350
2017/05/15 21:00:00,1.097740,1.109850,1.097620,1.108590,1.097350,1.109620,1.097230,1.108110
2017/05/16 21:00:00,1.108590,1.116350,1.108130,1.116160,1.108110,1.116110,1.107830,1.115730
2017/05/17 21:00:00,1.116160,1.117330,1.107720,1.110470,1.115730,1.117080,1.107430,1.110010
2017/05/18 21:00:00,1.110470,1.121310,1.109840,1.120930,1.110010,1.121070,1.109490,1.120610
2017/05/20 21:00:00,1.120930,1.121130,1.118770,1.120020,1.120610,1.120610,1.118190,1.119340
2017/05/21 21:00:00,1.120020,1.126480,1.116280,1.124050,1.119340,1.126240,1.116030,1.123580
2017/05/22 21:00:00,1.124050,1.127040,1.117620,1.118430,1.123580,1.126690,1.117400,1.117990
2017/05/23 21:00:00,1.118430,1.122130,1.116960,1.121980,1.117990,1.121890,1.116730,1.121560
2017/05/24 21:00:00,1.121980,1.125180,1.119480,1.121220,1.121560,1.124910,1.119240,1.120800
2017/05/25 21:00:00,1.121220,1.123580,1.116190,1.118140,1.120800,1.123350,1.115910,1.117780
2017/05/27 21:00:00,1.118140,1.118140,1.117490,1.117940,1.117780,1.117780,1.116710,1.116750
2017/05/28 21:00:00,1.117940,1.119120,1.116320,1.116660,1.116750,1.118880,1.116070,1.116160
2017/05/29 21:00:00,1.116660,1.120700,1.111060,1.118880,1.116160,1.120420,1.110810,1.118360
2017/05/30 21:00:00,1.118880,1.125360,1.116570,1.124400,1.118360,1.125110,1.116320,1.124120
2017/05/31 21:00:00,1.124400,1.125800,1.120330,1.121390,1.124120,1.125560,1.119910,1.120970
2017/06/01 21:00:00,1.121390,1.128710,1.120620,1.128290,1.120970,1.128400,1.120390,1.127920
2017/06/03 21:00:00,1.128290,1.128780,1.127420,1.127900,1.127920,1.128220,1.126730,1.127000
2017/06/04 21:00:00,1.127900,1.128720,1.123550,1.125540,1.127000,1.128240,1.123290,1.125250
2017/06/05 21:00:00,1.125540,1.128550,1.124170,1.127890,1.125250,1.128340,1.123930,1.127480
2017/06/06 21:00:00,1.127890,1.128380,1.120530,1.125850,1.127480,1.128160,1.120300,1.125510
2017/06/07 21:00:00,1.125850,1.127180,1.119590,1.121520,1.125510,1.126810,1.119340,1.121120
2017/06/08 21:00:00,1.121520,1.124030,1.116760,1.119890,1.121120,1.123550,1.116520,1.119410
2017/06/10 21:00:00,1.119890,1.121800,1.119890,1.121180,1.119410,1.121100,1.118850,1.120580
2017/06/11 21:00:00,1.121180,1.123340,1.119320,1.120610,1.120580,1.123120,1.119070,1.120200
2017/06/12 21:00:00,1.120610,1.122620,1.118650,1.121200,1.120200,1.122380,1.118410,1.120760
2017/06/13 21:00:00,1.121200,1.129710,1.119430,1.122090,1.120760,1.129470,1.119190,1.121650
2017/06/14 21:00:00,1.122090,1.122990,1.113330,1.114890,1.121650,1.122750,1.113100,1.114380
2017/06/15 21:00:00,1.114890,1.120300,1.113960,1.119900,1.114380,1.120060,1.113730,1.119450
2017/06/17 21:00:00,1.119900,1.121760,1.119900,1.121180,1.119450,1.121110,1.119450,1.120430
2017/06/18 21:00:00,1.121180,1.121660,1.114430,1.114970,1.120430,1.121180,1.114200,1.114600
2017/06/19 21:00:00,1.114970,1.116620,1.112010,1.113570,1.114600,1.116380,1.111780,1.113170
2017/06/20 21:00:00,1.113570,1.117120,1.112860,1.117110,1.113170,1.116790,1.112620,1.116710
2017/06/21 21:00:00,1.117110,1.117920,1.114060,1.115380,1.116710,1.117680,1.113820,1.114990
2017/06/22 21:00:00,1.115380,1.121020,1.114650,1.119460,1.114990,1.120780,1.114410,1.119110
2017/06/24 21:00:00,1.119460,1.120550,1.119460,1.120250,1.119110,1.119940,1.118680,1.119290
2017/06/25 21:00:00,1.120250,1.122120,1.117300,1.118300,1.119290,1.121880,1.117070,1.118050
2017/06/26 21:00:00,1.118300,1.135080,1.118020,1.134080,1.118050,1.134830,1.117790,1.133660
2017/06/27 21:00:00,1.134080,1.139250,1.129270,1.137820,1.133660,1.138980,1.128970,1.137470
2017/06/28 21:00:00,1.137820,1.144670,1.137590,1.144140,1.137470,1.144450,1.137210,1.143760
2017/06/29 21:00:00,1.144140,1.144670,1.139330,1.142540,1.143760,1.144430,1.139100,1.141620
2017/07/01 21:00:00,1.142540,1.142790,1.141800,1.142250,1.141620,1.142140,1.141230,1.141640
2017/07/02 21:00:00,1.142250,1.142960,1.135620,1.136570,1.141640,1.142560,1.135390,1.136190
2017/07/03 21:00:00,1.136570,1.137830,1.133730,1.134980,1.136190,1.137580,1.133510,1.134530
2017/07/04 21:00:00,1.134980,1.136990,1.131370,1.135290,1.134530,1.136760,1.131120,1.134890
2017/07/05 21:00:00,1.135290,1.142680,1.133110,1.142540,1.134890,1.142360,1.132870,1.142160
2017/07/06 21:00:00,1.142540,1.144120,1.138080,1.140270,1.142160,1.143890,1.137840,1.139920
2017/07/08 21:00:00,1.140270,1.140390,1.139600,1.140070,1.139920,1.139920,1.138770,1.139460
2017/07/09 21:00:00,1.140070,1.141940,1.138290,1.140080,1.139460,1.141720,1.138050,1.139820
2017/07/10 21:00:00,1.140080,1.148090,1.138400,1.146840,1.139820,1.147860,1.138160,1.146470
2017/07/11 21:00:00,1.146840,1.149090,1.139290,1.141320,1.146470,1.148850,1.139050,1.140970
2017/07/12 21:00:00,1.141320,1.145720,1.137150,1.139880,1.140970,1.145480,1.136940,1.139520
2017/07/13 21:00:00,1.139880,1.147320,1.139280,1.147020,1.139520,1.147070,1.139030,1.146420
2017/07/15 21:00:00,1.147020,1.147820,1.146860,1.147610,1.146420,1.147230,1.145970,1.147210
2017/07/16 21:00:00,1.147610,1.148850,1.143600,1.148030,1.147210,1.148590,1.143360,1.147680
2017/07/17 21:00:00,1.148030,1.158460,1.147280,1.155490,1.147680,1.158210,1.147030,1.155140
2017/07/18 21:00:00,1.155490,1.156030,1.151110,1.151710,1.155140,1.155520,1.150890,1.151340
2017/07/19 21:00:00,1.151710,1.166020,1.148040,1.163250,1.151340,1.165750,1.147810,1.162860
2017/07/20 21:00:00,1.163250,1.168430,1.162050,1.166580,1.162860,1.168170,1.161810,1.166220
2017/07/22 21:00:00,1.166580,1.167380,1.166410,1.166920,1.166220,1.166630,1.165390,1.165880
2017/07/23 21:00:00,1.166920,1.168550,1.162710,1.164240,1.165880,1.168310,1.162450,1.163780
2017/07/24 21:00:00,1.164240,1.171360,1.163200,1.164850,1.163780,1.171110,1.162930,1.164420
2017/07/25 21:00:00,1.164850,1.174200,1.161390,1.173760,1.164420,1.173880,1.161150,1.173240
2017/07/26 21:00:00,1.173760,1.177820,1.165140,1.167970,1.173240,1.177570,1.164900,1.167400
2017/07/27 21:00:00,1.167970,1.176530,1.167240,1.175130,1.167400,1.176300,1.167000,1.174810
2017/07/29 21:00:00,1.175130,1.175830,1.174090,1.175230,1.174810,1.175040,1.173430,1.174470
2017/07/30 21:00:00,1.175230,1.184730,1.172440,1.184280,1.174470,1.184440,1.172210,1.184030
2017/07/31 21:00:00,1.184280,1.184640,1.178640,1.180330,1.184030,1.184330,1.178390,1.180090
2017/08/01 21:00:00,1.180330,1.191210,1.179500,1.185830,1.180090,1.190920,1.179240,1.185460
2017/08/02 21:00:00,1.185830,1.189440,1.183170,1.187010,1.185460,1.189190,1.182940,1.186670
2017/08/03 21:00:00,1.187010,1.189050,1.172950,1.177570,1.186670,1.188820,1.172700,1.177200
2017/08/05 21:00:00,1.177510,1.178650,1.177280,1.177620,1.177260,1.177920,1.176830,1.177070
2017/08/06 21:00:00,1.177620,1.181490,1.177190,1.179630,1.177070,1.181360,1.176980,1.179340
2017/08/07 21:00:00,1.179630,1.182460,1.171590,1.175430,1.179340,1.182350,1.171450,1.175190
2017/08/08 21:00:00,1.175430,1.176460,1.168970,1.175870,1.175190,1.176340,1.168820,1.175650
2017/08/09 21:00:00,1.175870,1.178590,1.170480,1.177400,1.175650,1.178500,1.170360,1.177200
2017/08/10 21:00:00,1.177400,1.184850,1.174900,1.182270,1.177200,1.184710,1.174820,1.182050
2017/08/12 21:00:00,1.182270,1.183080,1.181590,1.182420,1.182050,1.182490,1.181070,1.181440
2017/08/13 21:00:00,1.182420,1.183910,1.177040,1.178140,1.181440,1.183810,1.176930,1.177830
2017/08/14 21:00:00,1.178140,1.179320,1.168780,1.173580,1.177830,1.179210,1.168660,1.173340
2017/08/15 21:00:00,1.173580,1.177940,1.168160,1.176790,1.173340,1.177840,1.168030,1.176510
2017/08/16 21:00:00,1.176790,1.179050,1.166280,1.172520,1.176510,1.178940,1.166160,1.172360
2017/08/17 21:00:00,1.172520,1.177540,1.170920,1.176070,1.172360,1.177400,1.170790,1.175820
2017/08/19 21:00:00,1.176070,1.176820,1.175950,1.176350,1.175820,1.176280,1.175060,1.175700
2017/08/20 21:00:00,1.176350,1.182880,1.173170,1.181530,1.175700,1.182760,1.173040,1.181180
2017/08/21 21:00:00,1.181530,1.182510,1.174570,1.176290,1.181180,1.182380,1.174460,1.175930
2017/08/22 21:00:00,1.176290,1.182400,1.174090,1.180720,1.175930,1.182270,1.173910,1.180590
2017/08/23 21:00:00,1.180720,1.181870,1.178480,1.179970,1.180590,1.181730,1.178360,1.179800
2017/08/24 21:00:00,1.179970,1.194250,1.177380,1.192340,1.179800,1.194120,1.177270,1.191910
2017/08/26 21:00:00,1.192340,1.196840,1.192340,1.195040,1.191910,1.196320,1.191910,1.194260
2017/08/27 21:00:00,1.195040,1.198440,1.191770,1.197940,1.194260,1.198340,1.191640,1.197800
2017/08/28 21:00:00,1.197940,1.207100,1.194670,1.197310,1.197800,1.206990,1.194560,1.197150
2017/08/29 21:00:00,1.197310,1.198490,1.188130,1.188480,1.197150,1.198370,1.188010,1.188300
2017/08/30 21:00:00,1.188480,1.191350,1.182360,1.191040,1.188300,1.191250,1.182250,1.190870
2017/08/31 21:00:00,1.191040,1.198040,1.185030,1.186340,1.190870,1.197930,1.184860,1.186080
2017/09/02 21:00:00,1.186340,1.189260,1.185450,1.188560,1.186080,1.189020,1.185240,1.188380
2017/09/03 21:00:00,1.188560,1.192270,1.187530,1.190190,1.188380,1.192160,1.187190,1.189220
2017/09/04 21:00:00,1.190190,1.194140,1.186880,1.191640,1.189220,1.194030,1.186770,1.191070
2017/09/05 21:00:00,1.191640,1.195080,1.190360,1.191770,1.191070,1.195000,1.190250,1.191620
2017/09/06 21:00:00,1.191770,1.206020,1.191470,1.202740,1.191620,1.205910,1.191320,1.202210
2017/09/07 21:00:00,1.202740,1.209310,1.201510,1.204150,1.202210,1.209190,1.201410,1.203440
2017/09/09 21:00:00,1.204150,1.204150,1.201360,1.202260,1.203440,1.203440,1.201050,1.201440
2017/09/10 21:00:00,1.202260,1.203010,1.194830,1.195350,1.201440,1.202910,1.194740,1.195090
2017/09/11 21:00:00,1.195350,1.197880,1.192680,1.196750,1.195090,1.197770,1.192570,1.196600
2017/09/12 21:00:00,1.196750,1.199560,1.187360,1.188630,1.196600,1.199440,1.187260,1.188470
2017/09/13 21:00:00,1.188630,1.192290,1.183790,1.191910,1.188470,1.192180,1.183670,1.191760
2017/09/14 21:00:00,1.191910,1.198820,1.190160,1.194720,1.191760,1.198680,1.190050,1.194000
2017/09/16 21:00:00,1.194720,1.194720,1.192180,1.192190,1.194000,1.194000,1.191850,1.192040
2017/09/17 21:00:00,1.192190,1.197000,1.191530,1.195490,1.192040,1.196880,1.191410,1.194820
2017/09/18 21:00:00,1.195490,1.200740,1.195070,1.199500,1.194820,1.200610,1.194820,1.199390
2017/09/19 21:00:00,1.199500,1.203690,1.186190,1.189520,1.199390,1.203380,1.186070,1.188990
2017/09/20 21:00:00,1.189520,1.195440,1.186630,1.194210,1.188990,1.195330,1.186530,1.194100
2017/09/21 21:00:00,1.194210,1.200520,1.193770,1.194830,1.194100,1.200420,1.193630,1.194690
2017/09/23 21:00:00,1.194830,1.194830,1.189760,1.189980,1.194690,1.194690,1.189590,1.189850
2017/09/24 21:00:00,1.189980,1.193720,1.183250,1.184930,1.189850,1.193600,1.183160,1.184770
2017/09/25 21:00:00,1.184930,1.186220,1.175770,1.179430,1.184770,1.186110,1.175700,1.179130
2017/09/26 21:00:00,1.179430,1.179600,1.171750,1.174550,1.179130,1.179480,1.171660,1.174390
2017/09/27 21:00:00,1.174550,1.180480,1.172180,1.178680,1.174390,1.180360,1.172070,1.178520
2017/09/28 21:00:00,1.178680,1.183310,1.177310,1.181910,1.178520,1.183200,1.177200,1.181140
2017/09/30 21:00:00,1.181910,1.181910,1.177670,1.179510,1.181140,1.181140,1.177540,1.178790
2017/10/01 21:00:00,1.179510,1.181640,1.173070,1.173380,1.178790,1.181460,1.172970,1.173150
2017/10/02 21:00:00,1.173380,1.177430,1.169640,1.174530,1.173150,1.177320,1.169560,1.174350
2017/10/03 21:00:00,1.174530,1.178910,1.173620,1.176180,1.174350,1.178740,1.173450,1.175790
2017/10/04 21:00:00,1.176180,1.177960,1.169970,1.171230,1.175790,1.177840,1.169860,1.171020
2017/10/05 21:00:00,1.171230,1.173940,1.166990,1.173730,1.171020,1.173860,1.166860,1.173300
2017/10/07 21:00:00,1.173730,1.173960,1.171970,1.173160,1.173300,1.173740,1.171510,1.172720
2017/10/08 21:00:00,1.173160,1.175650,1.172010,1.174140,1.172720,1.175570,1.171900,1.173950
2017/10/09 21:00:00,1.174140,1.182610,1.174000,1.180920,1.173950,1.182510,1.173850,1.180710
2017/10/10 21:00:00,1.180920,1.186980,1.179580,1.186120,1.180710,1.186870,1.179470,1.185750
2017/10/11 21:00:00,1.186120,1.188040,1.182760,1.183110,1.185750,1.187980,1.182650,1.182910
2017/10/12 21:00:00,1.183110,1.187550,1.180590,1.182550,1.182910,1.187460,1.180480,1.181710
2017/10/14 21:00:00,1.182550,1.182550,1.181480,1.181570,1.181710,1.181710,1.180990,1.180990
2017/10/15 21:00:00,1.181570,1.182030,1.178090,1.179710,1.180990,1.181920,1.178000,1.179500
2017/10/16 21:00:00,1.179710,1.180100,1.173670,1.176730,1.179500,1.179960,1.173560,1.176540
2017/10/17 21:00:00,1.176730,1.180600,1.173070,1.178830,1.176540,1.180490,1.172970,1.178700
2017/10/18 21:00:00,1.178830,1.185860,1.176860,1.185440,1.178700,1.185760,1.176750,1.185040
2017/10/19 21:00:00,1.185440,1.185860,1.176300,1.178270,1.185040,1.185750,1.176200,1.177680
2017/10/21 21:00:00,1.178270,1.178270,1.176020,1.176600,1.177680,1.177680,1.175640,1.176360
2017/10/22 21:00:00,1.176600,1.177790,1.172530,1.175000,1.176360,1.177690,1.172440,1.174880
2017/10/23 21:00:00,1.175000,1.179350,1.174340,1.176270,1.174880,1.179240,1.174230,1.176130
2017/10/24 21:00:00,1.176270,1.181830,1.175370,1.181370,1.176130,1.181730,1.175260,1.181230
2017/10/25 21:00:00,1.181370,1.183740,1.164100,1.165100,1.181230,1.183640,1.163990,1.164950
2017/10/26 21:00:00,1.165100,1.165810,1.157440,1.161320,1.164950,1.165640,1.157370,1.160500
2017/10/28 21:00:00,1.161320,1.161910,1.160480,1.161450,1.160500,1.161420,1.159950,1.160870
2017/10/29 21:00:00,1.161450,1.165850,1.159450,1.165140,1.160870,1.165740,1.159320,1.165010
2017/10/30 21:00:00,1.165140,1.166210,1.162550,1.164700,1.165010,1.166100,1.162440,1.164560
2017/10/31 21:00:00,1.164700,1.165780,1.160680,1.162020,1.164560,1.165700,1.160580,1.161720
2017/11/01 21:00:00,1.162020,1.168780,1.161400,1.165910,1.161720,1.168690,1.161270,1.165780
2017/11/02 21:00:00,1.165910,1.169680,1.159970,1.161160,1.165780,1.169130,1.159870,1.160680
2017/11/04 21:00:00,1.161160,1.162110,1.161160,1.161860,1.160680,1.161940,1.160680,1.161350
2017/11/05 22:00:00,1.161860,1.162470,1.158080,1.161170,1.161350,1.162350,1.157980,1.160770
2017/11/06 22:00:00,1.161170,1.161740,1.155430,1.158750,1.160770,1.161500,1.155340,1.158510
2017/11/07 22:00:00,1.158750,1.161180,1.157950,1.159690,1.158510,1.161070,1.157870,1.159400
2017/11/08 22:00:00,1.159690,1.165540,1.158620,1.164250,1.159400,1.165450,1.158510,1.164110
2017/11/09 22:00:00,1.164250,1.167850,1.162330,1.166700,1.164110,1.167740,1.162240,1.166220
2017/11/11 22:00:00,1.166700,1.167120,1.165710,1.166080,1.166220,1.166700,1.165010,1.165550
2017/11/12 22:00:00,1.166080,1.167580,1.163810,1.166780,1.165550,1.167480,1.163690,1.166630
2017/11/13 22:00:00,1.166780,1.180580,1.166210,1.179850,1.166630,1.180460,1.166090,1.179710
2017/11/14 22:00:00,1.179850,1.186150,1.178540,1.179230,1.179710,1.186060,1.178420,1.178990
2017/11/15 22:00:00,1.179230,1.180160,1.175720,1.177120,1.178990,1.180050,1.175610,1.176850
2017/11/16 22:00:00,1.177120,1.182240,1.176600,1.179530,1.176850,1.182130,1.176480,1.178690
2017/11/18 22:00:00,1.179530,1.179530,1.178980,1.178980,1.178690,1.178690,1.178360,1.178450
2017/11/19 22:00:00,1.178980,1.180930,1.172300,1.173310,1.178450,1.180820,1.172160,1.173170
2017/11/20 22:00:00,1.173310,1.175830,1.171330,1.173870,1.173170,1.175720,1.171240,1.173730
2017/11/21 22:00:00,1.173870,1.182760,1.173350,1.182350,1.173730,1.182650,1.173170,1.182200
2017/11/22 22:00:00,1.182350,1.185670,1.181380,1.185270,1.182200,1.185550,1.181260,1.184780
2017/11/23 22:00:00,1.185270,1.194490,1.183740,1.193730,1.184780,1.194380,1.183630,1.192850
2017/11/25 22:00:00,1.193730,1.194510,1.192950,1.193010,1.192850,1.193890,1.192160,1.192300
2017/11/26 22:00:00,1.193010,1.196180,1.189620,1.189900,1.192300,1.196070,1.189510,1.189760
2017/11/27 22:00:00,1.189900,1.192050,1.182760,1.184330,1.189760,1.191950,1.182650,1.183700
2017/11/28 22:00:00,1.184330,1.188350,1.181760,1.184780,1.183700,1.188240,1.181640,1.184640
2017/11/29 22:00:00,1.184780,1.193210,1.180950,1.190450,1.184640,1.193120,1.180830,1.190320
2017/11/30 22:00:00,1.190450,1.194100,1.185140,1.190250,1.190320,1.193990,1.185030,1.189420
2017/12/02 22:00:00,1.190250,1.190250,1.185160,1.186510,1.189420,1.189420,1.184940,1.186000
2017/12/03 22:00:00,1.186510,1.187920,1.182980,1.186720,1.186000,1.187810,1.182870,1.186410
2017/12/04 22:00:00,1.186720,1.187730,1.180100,1.182690,1.186410,1.187630,1.180030,1.182470
2017/12/05 22:00:00,1.182690,1.184870,1.178120,1.179660,1.182470,1.184760,1.178010,1.179510
2017/12/06 22:00:00,1.179660,1.181530,1.177250,1.177350,1.179510,1.181420,1.177130,1.177210
2017/12/07 22:00:00,1.177350,1.177770,1.173060,1.177770,1.177210,1.177610,1.172960,1.176890
2017/12/09 22:00:00,1.177770,1.177770,1.176540,1.176760,1.176890,1.176890,1.176100,1.176200
2017/12/10 22:00:00,1.176760,1.181230,1.176450,1.176940,1.176200,1.181120,1.176140,1.176800
2017/12/11 22:00:00,1.176940,1.179340,1.171810,1.174260,1.176800,1.179220,1.171710,1.174130
2017/12/12 22:00:00,1.174260,1.183230,1.173000,1.182660,1.174130,1.183100,1.172900,1.182530
2017/12/13 22:00:00,1.182660,1.186320,1.177130,1.177890,1.182530,1.186230,1.177020,1.177750
2017/12/14 22:00:00,1.177890,1.181290,1.175070,1.175480,1.177750,1.181180,1.174500,1.174600
2017/12/16 22:00:00,1.175480,1.175670,1.174040,1.174720,1.174600,1.175250,1.173690,1.174140
2017/12/17 22:00:00,1.174720,1.183480,1.173900,1.178280,1.174140,1.183390,1.173640,1.178140
2017/12/18 22:00:00,1.178280,1.184940,1.177700,1.184090,1.178140,1.184820,1.177600,1.183800
2017/12/19 22:00:00,1.184090,1.190230,1.182950,1.187230,1.183800,1.190130,1.182840,1.187080
2017/12/20 22:00:00,1.187230,1.189010,1.184980,1.187570,1.187080,1.188900,1.184880,1.187370
2017/12/21 22:00:00,1.187570,1.187630,1.181760,1.186720,1.187370,1.187510,1.181650,1.185840
2017/12/25 22:00:00,1.186720,1.187960,1.184720,1.185920,1.185840,1.187830,1.184610,1.185760
2017/12/26 22:00:00,1.185920,1.191090,1.185570,1.188900,1.185760,1.190990,1.185460,1.188580
2017/12/27 22:00:00,1.188900,1.195970,1.188900,1.194310,1.188580,1.195860,1.188560,1.194190
2017/12/28 22:00:00,1.194310,1.202610,1.193740,1.200970,1.194190,1.202500,1.193570,1.200440
2017/12/31 22:00:00,1.200970,1.201490,1.199990,1.201490,1.200440,1.201160,1.199230,1.201000
