StartDate,AskOpen,AskHigh,AskLow,AskClose,BidOpen,BidHigh,BidLow,BidClose
2017/01/02 22:00:00,1.053060,1.053060,1.045840,1.048620,1.051630,1.051630,1.045600,1.048350
2017/01/03 04:00:00,1.048620,1.049150,1.040140,1.040310,1.048350,1.048890,1.039900,1.040070
2017/01/03 10:00:00,1.040310,1.041780,1.034170,1.038570,1.040070,1.041530,1.033910,1.038310
2017/01/03 16:00:00,1.038570,1.043490,1.037990,1.040760,1.038310,1.043240,1.037730,1.040370
2017/01/03 22:00:00,1.040760,1.042560,1.039080,1.040660,1.040370,1.042270,1.038860,1.040410
2017/01/04 04:00:00,1.040660,1.044700,1.040070,1.043970,1.040410,1.044440,1.039800,1.043690
2017/01/04 10:00:00,1.043970,1.048210,1.042470,1.047720,1.043690,1.048000,1.042220,1.047480
2017/01/04 16:00:00,1.047720,1.050150,1.045310,1.049330,1.047480,1.049880,1.045060,1.048530
2017/01/04 22:00:00,1.049330,1.054250,1.048220,1.052170,1.048530,1.053970,1.047960,1.051920
2017/01/05 04:00:00,1.052170,1.057650,1.050290,1.050620,1.051920,1.057380,1.050040,1.050350
2017/01/05 10:00:00,1.050620,1.061040,1.048370,1.060370,1.050350,1.060790,1.048130,1.060130
2017/01/05 16:00:00,1.060370,1.061660,1.058680,1.060960,1.060130,1.061410,1.058460,1.060390
2017/01/05 22:00:00,1.060960,1.061460,1.057710,1.059000,1.060390,1.061190,1.057440,1.058740
2017/01/06 04:00:00,1.059000,1.061010,1.057580,1.060220,1.058740,1.060750,1.057300,1.059940
2017/01/06 10:00:00,1.060220,1.062520,1.053670,1.057410,1.059940,1.062090,1.053430,1.057160
2017/01/06 16:00:00,1.057410,1.058400,1.052620,1.053830,1.057160,1.058140,1.052390,1.053080
2017/01/08 16:00:00,1.053830,1.053830,1.053110,1.053300,1.053080,1.053080,1.052560,1.052800
2017/01/08 22:00:00,1.053300,1.054590,1.052340,1.053110,1.052800,1.054330,1.052080,1.052850
2017/01/09 04:00:00,1.053110,1.055750,1.051810,1.052560,1.052850,1.055490,1.051530,1.052300
2017/01/09 10:00:00,1.052560,1.056530,1.051210,1.055640,1.052300,1.056260,1.050950,1.055380
2017/01/09 16:00:00,1.055640,1.058470,1.055570,1.057780,1.055380,1.058210,1.055300,1.057050
2017/01/09 22:00:00,1.057780,1.062870,1.057570,1.061720,1.057050,1.062610,1.056940,1.061460
2017/01/10 04:00:00,1.061720,1.062160,1.058830,1.059780,1.061460,1.061930,1.058590,1.059530
2017/01/10 10:00:00,1.059780,1.060630,1.055990,1.059480,1.059530,1.060390,1.055740,1.059220
2017/01/10 16:00:00,1.059480,1.059930,1.055200,1.055580,1.059220,1.059690,1.054960,1.055240
2017/01/10 22:00:00,1.055580,1.056740,1.053740,1.054680,1.055240,1.056480,1.053500,1.054420
2017/01/11 04:00:00,1.054680,1.056830,1.053140,1.053660,1.054420,1.056560,1.052900,1.053400
2017/01/11 10:00:00,1.053660,1.053740,1.045520,1.047530,1.053400,1.053490,1.045280,1.047290
2017/01/11 16:00:00,1.047530,1.062460,1.045930,1.058470,1.047290,1.062180,1.045700,1.058040
2017/01/11 22:00:00,1.058470,1.061540,1.057280,1.061270,1.058040,1.061270,1.057030,1.061010
2017/01/12 04:00:00,1.061270,1.066600,1.059610,1.064230,1.061010,1.066350,1.059360,1.063980
2017/01/12 10:00:00,1.064230,1.068610,1.062080,1.065390,1.063980,1.068350,1.061840,1.065140
2017/01/12 16:00:00,1.065390,1.067010,1.061190,1.061470,1.065140,1.066780,1.060950,1.061040
2017/01/12 22:00:00,1.061470,1.062190,1.060480,1.060910,1.061040,1.061850,1.060240,1.060650
2017/01/13 04:00:00,1.060910,1.065240,1.060680,1.064550,1.060650,1.065000,1.060420,1.064300
2017/01/13 10:00:00,1.064550,1.067730,1.059730,1.062420,1.064300,1.067450,1.059500,1.062170
2017/01/13 16:00:00,1.062420,1.065420,1.061310,1.065120,1.062170,1.065160,1.061070,1.063880
2017/01/15 16:00:00,1.065120,1.065120,1.059480,1.060790,1.063880,1.063880,1.058930,1.060210
2017/01/15 22:00:00,1.060790,1.063720,1.060740,1.061220,1.060210,1.063450,1.059980,1.060970
2017/01/16 04:00:00,1.061220,1.063120,1.058110,1.059130,1.060970,1.062850,1.057840,1.058890
2017/01/16 10:00:00,1.059130,1.060990,1.058040,1.060730,1.058890,1.060770,1.057790,1.060490
2017/01/16 16:00:00,1.060730,1.060980,1.059200,1.060640,1.060490,1.060740,1.058970,1.059440
2017/01/16 22:00:00,1.060640,1.063190,1.059920,1.062580,1.059440,1.062910,1.059380,1.062340
2017/01/17 04:00:00,1.062580,1.068310,1.062380,1.068070,1.062340,1.068070,1.062140,1.067690
2017/01/17 10:00:00,1.068070,1.072070,1.065900,1.069590,1.067690,1.071850,1.065650,1.069340
2017/01/17 16:00:00,1.069590,1.071610,1.069070,1.071520,1.069340,1.071270,1.068840,1.071140
2017/01/17 22:00:00,1.071520,1.071730,1.068950,1.069910,1.071140,1.071430,1.068720,1.069660
2017/01/18 04:00:00,1.069910,1.070600,1.067710,1.069720,1.069660,1.070370,1.067460,1.069430
2017/01/18 10:00:00,1.069720,1.070430,1.065680,1.069640,1.069430,1.070190,1.065400,1.069390
2017/01/18 16:00:00,1.069640,1.069750,1.062980,1.063240,1.069390,1.069510,1.062720,1.062770
2017/01/18 22:00:00,1.063240,1.064670,1.062310,1.064000,1.062770,1.064430,1.062080,1.063760
2017/01/19 04:00:00,1.064000,1.067180,1.063370,1.066200,1.063760,1.066950,1.063120,1.065960
2017/01/19 10:00:00,1.066200,1.067800,1.059020,1.061040,1.065960,1.067560,1.058800,1.060780
2017/01/19 16:00:00,1.061040,1.067090,1.061040,1.066640,1.060780,1.066830,1.060780,1.066150
2017/01/19 22:00:00,1.066640,1.069490,1.065360,1.068640,1.066150,1.069260,1.065110,1.068400
2017/01/20 04:00:00,1.068640,1.069330,1.064350,1.064750,1.068400,1.069100,1.064110,1.064540
2017/01/20 10:00:00,1.064750,1.068470,1.062640,1.068000,1.064540,1.068220,1.062400,1.067780
2017/01/20 16:00:00,1.068000,1.071090,1.066490,1.070820,1.067780,1.070850,1.066210,1.069730
2017/01/22 16:00:00,1.070820,1.071520,1.070390,1.070500,1.069730,1.071120,1.069730,1.070100
2017/01/22 22:00:00,1.070500,1.075110,1.069750,1.074520,1.070100,1.074870,1.069290,1.074270
2017/01/23 04:00:00,1.074520,1.075610,1.072420,1.072720,1.074270,1.075370,1.072170,1.072470
2017/01/23 10:00:00,1.072720,1.075360,1.070740,1.074900,1.072470,1.075120,1.070500,1.074660
2017/01/23 16:00:00,1.074900,1.077080,1.072110,1.076690,1.074660,1.076810,1.071880,1.076150
2017/01/23 22:00:00,1.076690,1.077410,1.074650,1.076120,1.076150,1.077220,1.074410,1.075880
2017/01/24 04:00:00,1.076120,1.076400,1.073490,1.074150,1.075880,1.076160,1.073250,1.073940
2017/01/24 10:00:00,1.074150,1.077630,1.072680,1.075360,1.073940,1.077400,1.072430,1.075120
2017/01/24 16:00:00,1.075360,1.076240,1.072140,1.073380,1.075120,1.076000,1.071910,1.072880
2017/01/24 22:00:00,1.073380,1.073930,1.072310,1.073290,1.072880,1.073670,1.072070,1.073040
2017/01/25 04:00:00,1.073290,1.075620,1.071260,1.075100,1.073040,1.075360,1.071020,1.074860
2017/01/25 10:00:00,1.075100,1.077120,1.072110,1.074220,1.074860,1.076870,1.071880,1.073970
2017/01/25 16:00:00,1.074220,1.075570,1.072130,1.075090,1.073970,1.075290,1.071890,1.074480
2017/01/25 22:00:00,1.075090,1.076690,1.074660,1.075810,1.074480,1.076460,1.074380,1.075580
2017/01/26 04:00:00,1.075810,1.076190,1.071750,1.072240,1.075580,1.075960,1.071480,1.072000
2017/01/26 10:00:00,1.072240,1.073460,1.067090,1.067250,1.072000,1.073230,1.066860,1.067020
2017/01/26 16:00:00,1.067250,1.070540,1.065890,1.068430,1.067020,1.070300,1.065650,1.067880
2017/01/26 22:00:00,1.068430,1.069150,1.067360,1.067650,1.067880,1.068750,1.067120,1.067410
2017/01/27 04:00:00,1.067650,1.069970,1.065950,1.069430,1.067410,1.069740,1.065700,1.069180
2017/01/27 10:00:00,1.069430,1.072630,1.067190,1.070720,1.069180,1.072370,1.066950,1.070490
2017/01/27 16:00:00,1.070720,1.071000,1.068020,1.070210,1.070490,1.070760,1.067780,1.068930
2017/01/29 16:00:00,1.070210,1.073420,1.070210,1.072590,1.068930,1.073100,1.068930,1.072010
2017/01/29 22:00:00,1.072590,1.074180,1.070930,1.073330,1.072010,1.073920,1.070670,1.073100
2017/01/30 04:00:00,1.073330,1.073670,1.068840,1.069670,1.073100,1.073430,1.068590,1.069450
2017/01/30 10:00:00,1.069670,1.070110,1.062140,1.068900,1.069450,1.069880,1.061910,1.068660
2017/01/30 16:00:00,1.068900,1.071070,1.067920,1.069960,1.068660,1.070830,1.067680,1.069010
2017/01/30 22:00:00,1.069960,1.071390,1.069230,1.069910,1.069010,1.071170,1.068980,1.069660
2017/01/31 04:00:00,1.069910,1.072630,1.068570,1.071400,1.069660,1.072400,1.068330,1.071070
2017/01/31 10:00:00,1.071400,1.081190,1.070070,1.081090,1.071070,1.080950,1.069820,1.080850
2017/01/31 16:00:00,1.081090,1.081370,1.077330,1.079940,1.080850,1.081120,1.077110,1.079600
2017/01/31 22:00:00,1.079940,1.080620,1.078920,1.079370,1.079600,1.080370,1.078690,1.079130
2017/02/01 04:00:00,1.079370,1.080060,1.077590,1.078590,1.079130,1.079840,1.077340,1.078350
2017/02/01 10:00:00,1.078590,1.080880,1.073770,1.075930,1.078350,1.080650,1.073530,1.075690
2017/02/01 16:00:00,1.075930,1.079060,1.073400,1.076990,1.075690,1.078820,1.072810,1.076660
2017/02/01 22:00:00,1.076990,1.079470,1.076380,1.079010,1.076660,1.079200,1.076060,1.078770
2017/02/02 04:00:00,1.079010,1.081980,1.077920,1.081640,1.078770,1.081730,1.077670,1.081410
2017/02/02 10:00:00,1.081640,1.083010,1.079540,1.080700,1.081410,1.082770,1.079290,1.080480
2017/02/02 16:00:00,1.080700,1.081370,1.075700,1.076070,1.080480,1.081140,1.075470,1.075670
2017/02/02 22:00:00,1.076070,1.077310,1.074670,1.075660,1.075670,1.077070,1.074420,1.075410
2017/02/03 04:00:00,1.075660,1.076700,1.074010,1.074280,1.075410,1.076450,1.073780,1.074050
2017/02/03 10:00:00,1.074280,1.079900,1.071350,1.078930,1.074050,1.079660,1.070760,1.078690
2017/02/03 16:00:00,1.078930,1.079540,1.076000,1.079220,1.078690,1.079310,1.075770,1.078380
2017/02/05 16:00:00,1.079220,1.080610,1.079200,1.079200,1.078380,1.080040,1.078380,1.078840
2017/02/05 22:00:00,1.079200,1.079550,1.077560,1.078340,1.078840,1.079000,1.077310,1.078120
2017/02/06 04:00:00,1.078340,1.078450,1.074360,1.074770,1.078120,1.078210,1.074120,1.074540
2017/02/06 10:00:00,1.074770,1.074800,1.070680,1.074000,1.074540,1.074570,1.070430,1.073790
2017/02/06 16:00:00,1.074000,1.075630,1.073000,1.075260,1.073790,1.075400,1.072780,1.074790
2017/02/06 22:00:00,1.075260,1.075300,1.070520,1.070920,1.074790,1.074910,1.070270,1.070680
2017/02/07 04:00:00,1.070920,1.071510,1.065720,1.066090,1.070680,1.071270,1.065490,1.065860
2017/02/07 10:00:00,1.066090,1.068900,1.065870,1.068660,1.065860,1.068660,1.065640,1.068420
2017/02/07 16:00:00,1.068660,1.070750,1.067880,1.068540,1.068420,1.070510,1.067630,1.068230
2017/02/07 22:00:00,1.068540,1.069230,1.066910,1.069030,1.068230,1.068990,1.066650,1.068770
2017/02/08 04:00:00,1.069030,1.069080,1.064190,1.064550,1.068770,1.068840,1.063930,1.064300
2017/02/08 10:00:00,1.064550,1.071010,1.064240,1.070850,1.064300,1.070790,1.064040,1.070610
2017/02/08 16:00:00,1.070850,1.071550,1.067970,1.070040,1.070610,1.071300,1.067740,1.069680
2017/02/08 22:00:00,1.070040,1.070720,1.067890,1.069100,1.069680,1.069850,1.067640,1.068850
2017/02/09 04:00:00,1.069100,1.071070,1.067130,1.070330,1.068850,1.070850,1.066890,1.070100
2017/02/09 10:00:00,1.070330,1.070330,1.065720,1.066560,1.070100,1.070100,1.065490,1.066340
2017/02/09 16:00:00,1.066560,1.067300,1.065210,1.066300,1.066340,1.067070,1.064880,1.064960
2017/02/09 22:00:00,1.066300,1.066900,1.065090,1.066350,1.064960,1.066650,1.064880,1.066100
2017/02/10 04:00:00,1.066350,1.066490,1.063730,1.064350,1.066100,1.066250,1.063490,1.064110
2017/02/10 10:00:00,1.064350,1.065110,1.060890,1.062550,1.064110,1.064880,1.060640,1.062320
2017/02/10 16:00:00,1.062550,1.065440,1.062300,1.064800,1.062320,1.065200,1.062070,1.063420
2017/02/12 16:00:00,1.064800,1.064800,1.062720,1.063060,1.063420,1.063420,1.061700,1.062480
2017/02/12 22:00:00,1.063060,1.064040,1.061320,1.062030,1.062480,1.063510,1.061020,1.061780
2017/02/13 04:00:00,1.062030,1.066010,1.061870,1.063850,1.061780,1.065740,1.061630,1.063620
2017/02/13 10:00:00,1.063850,1.064830,1.059320,1.060560,1.063620,1.064580,1.059070,1.060310
2017/02/13 16:00:00,1.060560,1.061060,1.059520,1.060320,1.060310,1.060830,1.058970,1.059040
2017/02/13 22:00:00,1.060320,1.061040,1.059260,1.060530,1.059040,1.060810,1.058410,1.060290
2017/02/14 04:00:00,1.060530,1.063490,1.060500,1.061900,1.060290,1.063230,1.060270,1.061550
2017/02/14 10:00:00,1.061900,1.063460,1.056230,1.056480,1.061550,1.063210,1.056000,1.056250
2017/02/14 16:00:00,1.056480,1.058630,1.056230,1.058630,1.056250,1.057980,1.055970,1.057160
2017/02/14 22:00:00,1.058630,1.058630,1.056630,1.058490,1.057160,1.058280,1.056390,1.058250
2017/02/15 04:00:00,1.058490,1.058790,1.054880,1.055690,1.058250,1.058510,1.054630,1.055440
2017/02/15 10:00:00,1.055690,1.058200,1.052270,1.057500,1.055440,1.057930,1.052010,1.057260
2017/02/15 16:00:00,1.057500,1.061110,1.057380,1.060200,1.057260,1.060800,1.057140,1.059730
2017/02/15 22:00:00,1.060200,1.062500,1.059260,1.061450,1.059730,1.062250,1.058760,1.061210
2017/02/16 04:00:00,1.061450,1.064290,1.060120,1.064090,1.061210,1.064030,1.059870,1.063850
2017/02/16 10:00:00,1.064090,1.067830,1.062550,1.066950,1.063850,1.067540,1.062300,1.066680
2017/02/16 16:00:00,1.066950,1.068070,1.064860,1.067580,1.066680,1.067820,1.064630,1.067330
2017/02/16 22:00:00,1.067580,1.067830,1.066260,1.067540,1.067330,1.067550,1.066010,1.067310
2017/02/17 04:00:00,1.067540,1.067710,1.063840,1.064460,1.067310,1.067470,1.063590,1.064210
2017/02/17 10:00:00,1.064460,1.066850,1.062520,1.062770,1.064210,1.066600,1.062240,1.062520
2017/02/17 16:00:00,1.062770,1.063510,1.060670,1.061430,1.062520,1.063260,1.060300,1.060720
2017/02/19 16:00:00,1.061430,1.061680,1.060990,1.061140,1.060720,1.060780,1.060190,1.060420
2017/02/19 22:00:00,1.061140,1.063450,1.060410,1.061430,1.060420,1.063180,1.060150,1.061180
2017/02/20 04:00:00,1.061430,1.063110,1.060560,1.062380,1.061180,1.062880,1.060310,1.062140
2017/02/20 10:00:00,1.062380,1.063020,1.060840,1.062200,1.062140,1.062780,1.060550,1.061950
2017/02/20 16:00:00,1.062200,1.062630,1.060870,1.061480,1.061950,1.062360,1.060610,1.060790
2017/02/20 22:00:00,1.061480,1.061960,1.057930,1.058080,1.060790,1.061410,1.057690,1.057830
2017/02/21 04:00:00,1.058080,1.059060,1.054300,1.054380,1.057830,1.058800,1.054060,1.054140
2017/02/21 10:00:00,1.054380,1.055130,1.052700,1.053830,1.054140,1.054890,1.052430,1.053580
2017/02/21 16:00:00,1.053830,1.055340,1.052880,1.054340,1.053580,1.055100,1.052630,1.052860
2017/02/21 22:00:00,1.054340,1.055780,1.053530,1.054850,1.052860,1.055520,1.052860,1.054560
2017/02/22 04:00:00,1.054850,1.054870,1.049880,1.051040,1.054560,1.054620,1.049600,1.050760
2017/02/22 10:00:00,1.051040,1.055080,1.049480,1.055000,1.050760,1.054820,1.049250,1.054730
2017/02/22 16:00:00,1.055000,1.057580,1.053280,1.056030,1.054730,1.057290,1.052420,1.055600
2017/02/22 22:00:00,1.056030,1.056840,1.054560,1.056750,1.055600,1.056590,1.054270,1.056520
2017/02/23 04:00:00,1.056750,1.057380,1.053920,1.054790,1.056520,1.057130,1.053650,1.054540
2017/02/23 10:00:00,1.054790,1.059670,1.053880,1.059560,1.054540,1.059430,1.053620,1.059310
2017/02/23 16:00:00,1.059560,1.059570,1.056480,1.058480,1.059310,1.059320,1.056240,1.057990
2017/02/23 22:00:00,1.058480,1.058770,1.057080,1.058280,1.057990,1.058510,1.056840,1.058040
2017/02/24 04:00:00,1.058280,1.060550,1.057180,1.059470,1.058040,1.060280,1.056920,1.059220
2017/02/24 10:00:00,1.059470,1.061980,1.056680,1.056790,1.059220,1.061670,1.056420,1.056540
2017/02/24 16:00:00,1.056790,1.059850,1.055810,1.056450,1.056540,1.059590,1.055510,1.055860
2017/02/26 16:00:00,1.056450,1.057290,1.056340,1.056780,1.055860,1.056660,1.055200,1.055870
2017/02/26 22:00:00,1.056780,1.057650,1.055270,1.056320,1.055870,1.057400,1.055010,1.056080
2017/02/27 04:00:00,1.056320,1.058910,1.056280,1.058740,1.056080,1.058680,1.056050,1.058490
2017/02/27 10:00:00,1.058740,1.061590,1.057910,1.061460,1.058490,1.061320,1.057670,1.061200
2017/02/27 16:00:00,1.061460,1.063260,1.058190,1.058880,1.061200,1.062950,1.057950,1.058490
2017/02/27 22:00:00,1.058880,1.059410,1.056940,1.058710,1.058490,1.058930,1.056380,1.058460
2017/02/28 04:00:00,1.058710,1.060500,1.057730,1.059060,1.058460,1.060260,1.057490,1.058770
2017/02/28 10:00:00,1.059060,1.063110,1.058510,1.062690,1.058770,1.062900,1.058230,1.062450
2017/02/28 16:00:00,1.062690,1.063110,1.057230,1.057970,1.062450,1.062900,1.056950,1.057510
2017/02/28 22:00:00,1.057970,1.059090,1.055540,1.056060,1.057510,1.058820,1.055290,1.055810
2017/03/01 04:00:00,1.056060,1.056170,1.052710,1.054120,1.055810,1.055920,1.052470,1.053840
2017/03/01 10:00:00,1.054120,1.056120,1.051550,1.055660,1.053840,1.055860,1.051300,1.055410
2017/03/01 16:00:00,1.055660,1.057310,1.054320,1.054950,1.055410,1.057060,1.054040,1.054510
2017/03/01 22:00:00,1.054950,1.055350,1.052940,1.053310,1.054510,1.055050,1.052700,1.053070
2017/03/02 04:00:00,1.053310,1.054690,1.052340,1.052760,1.053070,1.054440,1.052070,1.052440
2017/03/02 10:00:00,1.052760,1.053460,1.050040,1.052600,1.052440,1.053200,1.049770,1.052350
2017/03/02 16:00:00,1.052600,1.052940,1.049610,1.050830,1.052350,1.052700,1.049370,1.050410
2017/03/02 22:00:00,1.050830,1.052460,1.050360,1.052230,1.050410,1.052210,1.049600,1.051980
2017/03/03 04:00:00,1.052230,1.052940,1.051190,1.051800,1.051980,1.052690,1.050920,1.051570
2017/03/03 10:00:00,1.051800,1.057470,1.051690,1.056400,1.051570,1.057210,1.051460,1.056150
2017/03/03 16:00:00,1.056400,1.062560,1.054410,1.062480,1.056150,1.062270,1.053910,1.062030
2017/03/05 16:00:00,1.062480,1.062480,1.060520,1.061310,1.062030,1.062030,1.059780,1.060890
2017/03/05 22:00:00,1.061310,1.062310,1.060330,1.060670,1.060890,1.062050,1.059590,1.060420
2017/03/06 04:00:00,1.060670,1.064200,1.059190,1.060330,1.060420,1.063900,1.058820,1.060080
2017/03/06 10:00:00,1.060330,1.060930,1.057800,1.059950,1.060080,1.060690,1.057560,1.059710
2017/03/06 16:00:00,1.059950,1.060050,1.057570,1.058400,1.059710,1.059800,1.057320,1.058050
2017/03/06 22:00:00,1.058400,1.059470,1.057410,1.059060,1.058050,1.059210,1.057160,1.058820
2017/03/07 04:00:00,1.059060,1.060410,1.056460,1.056500,1.058820,1.060150,1.056200,1.056220
2017/03/07 10:00:00,1.056500,1.058210,1.055940,1.058080,1.056220,1.057970,1.055690,1.057850
2017/03/07 16:00:00,1.058080,1.059000,1.056630,1.056790,1.057850,1.058760,1.056210,1.056310
2017/03/07 22:00:00,1.056790,1.057550,1.056430,1.056750,1.056310,1.057310,1.056200,1.056510
2017/03/08 04:00:00,1.056750,1.057420,1.054870,1.055700,1.056510,1.057170,1.054630,1.055460
2017/03/08 10:00:00,1.055700,1.056390,1.053600,1.055770,1.055460,1.056140,1.053270,1.055530
2017/03/08 16:00:00,1.055770,1.055920,1.053730,1.054430,1.055530,1.055680,1.053500,1.054030
2017/03/08 22:00:00,1.054430,1.054900,1.053120,1.053170,1.054030,1.054650,1.052890,1.052940
2017/03/09 04:00:00,1.053170,1.057130,1.052630,1.056000,1.052940,1.056870,1.052400,1.055760
2017/03/09 10:00:00,1.056000,1.061710,1.054340,1.058220,1.055760,1.061430,1.054050,1.057970
2017/03/09 16:00:00,1.058220,1.059810,1.056770,1.057980,1.057970,1.059580,1.056510,1.057490
2017/03/09 22:00:00,1.057980,1.060220,1.057400,1.059660,1.057490,1.059950,1.057020,1.059400
2017/03/10 04:00:00,1.059660,1.062100,1.058940,1.061490,1.059400,1.061820,1.058680,1.061230
2017/03/10 10:00:00,1.061490,1.067210,1.060210,1.065840,1.061230,1.066950,1.059260,1.065580
2017/03/10 16:00:00,1.065840,1.070040,1.064980,1.067970,1.065580,1.069800,1.064740,1.066950
2017/03/12 15:00:00,1.067970,1.069060,1.067660,1.068260,1.066950,1.068110,1.066820,1.067340
2017/03/12 21:00:00,1.068260,1.069780,1.067990,1.069610,1.067340,1.069530,1.067130,1.069370
2017/03/13 03:00:00,1.069610,1.071570,1.067270,1.067550,1.069370,1.071330,1.067010,1.067300
2017/03/13 09:00:00,1.067550,1.068000,1.065690,1.066720,1.067300,1.067760,1.065450,1.066480
2017/03/13 15:00:00,1.066720,1.068060,1.065340,1.065410,1.066480,1.067810,1.064950,1.064950
2017/03/13 21:00:00,1.065410,1.066010,1.064590,1.065420,1.064950,1.065770,1.064360,1.065190
2017/03/14 03:00:00,1.065420,1.066410,1.063400,1.064880,1.065190,1.066130,1.063170,1.064640
2017/03/14 09:00:00,1.064880,1.065090,1.062700,1.063870,1.064640,1.064840,1.062360,1.063630
2017/03/14 15:00:00,1.063870,1.064810,1.060110,1.060750,1.063630,1.064570,1.059860,1.060300
2017/03/14 21:00:00,1.060750,1.062030,1.060500,1.061800,1.060300,1.061780,1.060230,1.061560
2017/03/15 03:00:00,1.061800,1.064060,1.061340,1.063360,1.061560,1.063820,1.061100,1.063120
2017/03/15 09:00:00,1.063360,1.063830,1.060850,1.062710,1.063120,1.063590,1.060610,1.062460
2017/03/15 15:00:00,1.062710,1.074180,1.062530,1.073520,1.062460,1.073900,1.061520,1.073090
2017/03/15 21:00:00,1.073520,1.074780,1.072350,1.072810,1.073090,1.074530,1.072110,1.072590
2017/03/16 03:00:00,1.072810,1.074200,1.070690,1.071060,1.072590,1.073960,1.070450,1.070810
2017/03/16 09:00:00,1.071060,1.074450,1.070740,1.073860,1.070810,1.074220,1.070490,1.073620
2017/03/16 15:00:00,1.073860,1.077170,1.070870,1.076720,1.073620,1.076920,1.070640,1.076260
2017/03/16 21:00:00,1.076720,1.077600,1.076380,1.077580,1.076260,1.077340,1.076140,1.077320
2017/03/17 03:00:00,1.077580,1.078380,1.075480,1.077090,1.077320,1.078130,1.075230,1.076880
2017/03/17 09:00:00,1.077090,1.078100,1.072880,1.074540,1.076880,1.077870,1.072630,1.074300
2017/03/17 15:00:00,1.074540,1.075700,1.073250,1.074200,1.074300,1.075420,1.073000,1.073690
2017/03/19 15:00:00,1.074200,1.074360,1.073430,1.073560,1.073690,1.073870,1.072800,1.073140
2017/03/19 21:00:00,1.073560,1.076420,1.073560,1.076180,1.073140,1.076190,1.073110,1.075960
2017/03/20 03:00:00,1.076180,1.077880,1.075830,1.076530,1.075960,1.077610,1.075580,1.076290
2017/03/20 09:00:00,1.076530,1.076770,1.074490,1.075470,1.076290,1.076540,1.074250,1.075250
2017/03/20 15:00:00,1.075470,1.075930,1.072630,1.074270,1.075250,1.075650,1.072390,1.073820
2017/03/20 21:00:00,1.074270,1.077110,1.072040,1.075930,1.073820,1.076870,1.071780,1.075690
2017/03/21 03:00:00,1.075930,1.080340,1.075380,1.079690,1.075690,1.080120,1.075130,1.079420
2017/03/21 09:00:00,1.079690,1.082070,1.079000,1.081420,1.079420,1.081820,1.078760,1.081170
2017/03/21 15:00:00,1.081420,1.081980,1.079490,1.081320,1.081170,1.081730,1.079240,1.080850
2017/03/21 21:00:00,1.081320,1.081910,1.078990,1.079540,1.080850,1.081650,1.078720,1.079300
2017/03/22 03:00:00,1.079540,1.082020,1.078520,1.078840,1.079300,1.081740,1.078280,1.078600
2017/03/22 09:00:00,1.078840,1.082610,1.077710,1.081840,1.078600,1.082350,1.077470,1.081580
2017/03/22 15:00:00,1.081840,1.082260,1.079130,1.080020,1.081580,1.082020,1.078880,1.079580
2017/03/22 21:00:00,1.080020,1.080020,1.078290,1.078620,1.079580,1.079650,1.078040,1.078380
2017/03/23 03:00:00,1.078620,1.080650,1.077110,1.077570,1.078380,1.080390,1.076790,1.077330
2017/03/23 09:00:00,1.077570,1.079620,1.076920,1.079020,1.077330,1.079370,1.076690,1.078780
2017/03/23 15:00:00,1.079020,1.079500,1.077500,1.078710,1.078780,1.079260,1.077260,1.078250
2017/03/23 21:00:00,1.078710,1.078730,1.076150,1.076310,1.078250,1.078460,1.075900,1.076070
2017/03/24 03:00:00,1.076310,1.080920,1.076230,1.080030,1.076070,1.080600,1.075980,1.079790
2017/03/24 09:00:00,1.080030,1.081400,1.079190,1.079960,1.079790,1.081150,1.078940,1.079730
2017/03/24 15:00:00,1.079960,1.081940,1.079200,1.080180,1.079730,1.081690,1.078950,1.079510
2017/03/26 15:00:00,1.080180,1.085660,1.080180,1.084430,1.079510,1.084470,1.079510,1.083210
2017/03/26 21:00:00,1.084430,1.085220,1.082960,1.084610,1.083210,1.084830,1.081970,1.084370
2017/03/27 03:00:00,1.084610,1.087470,1.084380,1.086100,1.084370,1.087230,1.084130,1.085860
2017/03/27 09:00:00,1.086100,1.090770,1.085480,1.088630,1.085860,1.090470,1.085240,1.088380
2017/03/27 15:00:00,1.088630,1.089250,1.086240,1.086400,1.088380,1.089000,1.086010,1.086160
2017/03/27 21:00:00,1.086400,1.086980,1.085660,1.086090,1.086160,1.086740,1.085420,1.085850
2017/03/28 03:00:00,1.086090,1.087390,1.084680,1.086040,1.085850,1.087150,1.084440,1.085790
2017/03/28 09:00:00,1.086040,1.087340,1.085010,1.086940,1.085790,1.087090,1.084780,1.086700
2017/03/28 15:00:00,1.086940,1.087050,1.080000,1.081640,1.086700,1.086800,1.079750,1.081170
2017/03/28 21:00:00,1.081640,1.082790,1.080960,1.082110,1.081170,1.082540,1.080710,1.081860
2017/03/29 03:00:00,1.082110,1.082120,1.077870,1.078950,1.081860,1.081870,1.077610,1.078710
2017/03/29 09:00:00,1.078950,1.079570,1.074110,1.075050,1.078710,1.079350,1.073850,1.074810
2017/03/29 15:00:00,1.075050,1.077500,1.074780,1.076730,1.074810,1.077230,1.074550,1.076330
2017/03/29 21:00:00,1.076730,1.077150,1.074300,1.074700,1.076330,1.076850,1.073980,1.074470
2017/03/30 03:00:00,1.074700,1.076950,1.073200,1.073420,1.074470,1.076690,1.072950,1.073190
2017/03/30 09:00:00,1.073420,1.075460,1.072170,1.073540,1.073190,1.075210,1.071960,1.073300
2017/03/30 15:00:00,1.073540,1.073960,1.067300,1.067680,1.073300,1.073700,1.067060,1.067230
2017/03/30 21:00:00,1.067680,1.069190,1.067590,1.068090,1.067230,1.068760,1.067230,1.067850
2017/03/31 03:00:00,1.068090,1.069890,1.067440,1.069580,1.067850,1.069630,1.067180,1.069310
2017/03/31 09:00:00,1.069580,1.069830,1.067110,1.069560,1.069310,1.069580,1.066870,1.069310
2017/03/31 15:00:00,1.069560,1.070310,1.065290,1.066120,1.069310,1.070070,1.065010,1.065570
2017/04/02 15:00:00,1.066120,1.066940,1.066120,1.066710,1.065570,1.066320,1.065300,1.065800
2017/04/02 21:00:00,1.066710,1.068210,1.066250,1.068000,1.065800,1.067970,1.065610,1.067770
2017/04/03 03:00:00,1.068000,1.068250,1.066010,1.067330,1.067770,1.068000,1.065780,1.067060
2017/04/03 09:00:00,1.067330,1.068110,1.065080,1.065510,1.067060,1.067860,1.064850,1.065260
2017/04/03 15:00:00,1.065510,1.067750,1.064370,1.067090,1.065260,1.067510,1.064120,1.066810
2017/04/03 21:00:00,1.067090,1.067490,1.066520,1.066540,1.066810,1.067250,1.066270,1.066300
2017/04/04 03:00:00,1.066540,1.067600,1.064570,1.066220,1.066300,1.067340,1.064320,1.065980
2017/04/04 09:00:00,1.066220,1.066600,1.063700,1.066520,1.065980,1.066330,1.063350,1.066270
2017/04/04 15:00:00,1.066520,1.067880,1.064950,1.067470,1.066270,1.067610,1.064710,1.067020
2017/04/04 21:00:00,1.067470,1.068700,1.067210,1.067880,1.067020,1.068400,1.066710,1.067630
2017/04/05 03:00:00,1.067880,1.069030,1.066940,1.067530,1.067630,1.068800,1.066690,1.067290
2017/04/05 09:00:00,1.067530,1.068770,1.065560,1.066290,1.067290,1.068490,1.065300,1.066060
2017/04/05 15:00:00,1.066290,1.068310,1.063720,1.066470,1.066060,1.068050,1.063140,1.066050
2017/04/05 21:00:00,1.066470,1.068550,1.066340,1.067560,1.066050,1.068300,1.066050,1.067330
2017/04/06 03:00:00,1.067560,1.068180,1.063020,1.065930,1.067330,1.067930,1.062780,1.065690
2017/04/06 09:00:00,1.065930,1.067690,1.065440,1.065950,1.065690,1.067440,1.065200,1.065700
2017/04/06 15:00:00,1.065950,1.066010,1.063940,1.064620,1.065700,1.065770,1.063690,1.064200
2017/04/06 21:00:00,1.064620,1.066170,1.063950,1.064560,1.064200,1.065930,1.063660,1.064320
2017/04/07 03:00:00,1.064560,1.065550,1.063090,1.063350,1.064320,1.065300,1.062770,1.063110
2017/04/07 09:00:00,1.063350,1.067140,1.061170,1.061860,1.063110,1.066590,1.060930,1.061620
2017/04/07 15:00:00,1.061860,1.062240,1.058180,1.059320,1.061620,1.062010,1.057930,1.058810
2017/04/09 15:00:00,1.059320,1.059550,1.058520,1.059080,1.058810,1.058810,1.057880,1.058420
2017/04/09 21:00:00,1.059080,1.059220,1.057170,1.057710,1.058420,1.058710,1.056910,1.057480
2017/04/10 03:00:00,1.057710,1.059530,1.057670,1.058770,1.057480,1.059280,1.057430,1.058530
2017/04/10 09:00:00,1.058770,1.060540,1.057110,1.060000,1.058530,1.060250,1.056830,1.059760
2017/04/10 15:00:00,1.060000,1.060800,1.058800,1.059810,1.059760,1.060560,1.058540,1.059400
2017/04/10 21:00:00,1.059810,1.060310,1.058210,1.058660,1.059400,1.060070,1.057950,1.058420
2017/04/11 03:00:00,1.058660,1.060660,1.057990,1.060260,1.058420,1.060390,1.057740,1.059950
2017/04/11 09:00:00,1.060260,1.063130,1.060050,1.062970,1.059950,1.062890,1.059670,1.062730
2017/04/11 15:00:00,1.062970,1.063130,1.060150,1.060570,1.062730,1.062880,1.059910,1.060290
2017/04/11 21:00:00,1.060570,1.061670,1.059780,1.060190,1.060290,1.061410,1.059550,1.059940
2017/04/12 03:00:00,1.060190,1.062340,1.059640,1.062020,1.059940,1.062100,1.059360,1.061780
2017/04/12 09:00:00,1.062020,1.062530,1.059840,1.061990,1.061780,1.062280,1.059610,1.061760
2017/04/12 15:00:00,1.061990,1.067640,1.059010,1.066760,1.061760,1.067390,1.058750,1.066340
2017/04/12 21:00:00,1.066760,1.067880,1.066100,1.067440,1.066340,1.067600,1.065870,1.067200
2017/04/13 03:00:00,1.067440,1.067890,1.063950,1.064370,1.067200,1.067660,1.063700,1.064120
2017/04/13 09:00:00,1.064370,1.064870,1.061050,1.062550,1.064120,1.064640,1.060790,1.062290
2017/04/13 15:00:00,1.062550,1.063560,1.061280,1.061500,1.062290,1.063320,1.060870,1.061040
2017/04/13 21:00:00,1.061500,1.062630,1.061160,1.061590,1.061040,1.062320,1.060780,1.061300
2017/04/14 03:00:00,1.061590,1.062890,1.060730,1.062470,1.061300,1.062570,1.060380,1.062150
2017/04/14 09:00:00,1.062470,1.063170,1.061050,1.062690,1.062150,1.062850,1.060570,1.062410
2017/04/14 15:00:00,1.062690,1.063140,1.061220,1.061560,1.062410,1.062730,1.060130,1.060130
2017/04/16 15:00:00,1.061560,1.062660,1.061560,1.062560,1.060130,1.061800,1.060130,1.061150
2017/04/16 21:00:00,1.062560,1.062730,1.060460,1.062390,1.061150,1.062480,1.060150,1.062170
2017/04/17 03:00:00,1.062390,1.065300,1.061630,1.062680,1.062170,1.065010,1.061390,1.062440
2017/04/17 09:00:00,1.062680,1.066760,1.062020,1.066440,1.062440,1.066520,1.061750,1.066210
2017/04/17 15:00:00,1.066440,1.067190,1.063660,1.064630,1.066210,1.066920,1.063400,1.064150
2017/04/17 21:00:00,1.064630,1.065410,1.063840,1.065250,1.064150,1.065180,1.063610,1.065010
2017/04/18 03:00:00,1.065250,1.065740,1.064250,1.065160,1.065010,1.065470,1.064000,1.064910
2017/04/18 09:00:00,1.065160,1.070150,1.064920,1.070000,1.064910,1.069870,1.064680,1.069750
2017/04/18 15:00:00,1.070000,1.073740,1.069730,1.073210,1.069750,1.073490,1.069490,1.072830
2017/04/18 21:00:00,1.073210,1.073690,1.071900,1.072190,1.072830,1.073430,1.071650,1.071940
2017/04/19 03:00:00,1.072190,1.073900,1.071400,1.071710,1.071940,1.073570,1.071150,1.071440
2017/04/19 09:00:00,1.071710,1.073110,1.070560,1.071380,1.071440,1.072870,1.070300,1.071160
2017/04/19 15:00:00,1.071380,1.072420,1.070110,1.071360,1.071160,1.072180,1.069890,1.070960
2017/04/19 21:00:00,1.071360,1.072020,1.071060,1.071660,1.070960,1.071780,1.070770,1.071420
2017/04/20 03:00:00,1.071660,1.077720,1.071470,1.077130,1.071420,1.077470,1.071230,1.076870
2017/04/20 09:00:00,1.077130,1.077880,1.074200,1.076700,1.076870,1.077640,1.073960,1.076450
2017/04/20 15:00:00,1.076700,1.077820,1.071600,1.071840,1.076450,1.077570,1.071360,1.071430
2017/04/20 21:00:00,1.071840,1.072230,1.070850,1.071550,1.071430,1.071970,1.070550,1.071310
2017/04/21 03:00:00,1.071550,1.073950,1.071130,1.071990,1.071310,1.073700,1.070900,1.071730
2017/04/21 09:00:00,1.071990,1.072110,1.068720,1.068880,1.071730,1.071870,1.068480,1.068640
2017/04/21 15:00:00,1.068880,1.073500,1.068340,1.072750,1.068640,1.072970,1.068110,1.072350
2017/04/23 15:00:00,1.072750,1.094240,1.072750,1.092470,1.072350,1.093280,1.072350,1.091740
2017/04/23 21:00:00,1.092470,1.092470,1.082200,1.083940,1.091740,1.091740,1.081970,1.083700
2017/04/24 03:00:00,1.083940,1.087880,1.083290,1.085960,1.083700,1.087640,1.083070,1.085720
2017/04/24 09:00:00,1.085960,1.087870,1.084240,1.086130,1.085720,1.087650,1.084000,1.085910
2017/04/24 15:00:00,1.086130,1.087130,1.083640,1.086800,1.085910,1.086890,1.083400,1.086400
2017/04/24 21:00:00,1.086800,1.087200,1.085260,1.086310,1.086400,1.086940,1.085020,1.086070
2017/04/25 03:00:00,1.086310,1.089580,1.085820,1.089360,1.086070,1.089320,1.085580,1.089120
2017/04/25 09:00:00,1.089360,1.093400,1.087200,1.092930,1.089120,1.093140,1.086950,1.092680
2017/04/25 15:00:00,1.092930,1.095150,1.092080,1.092790,1.092680,1.094890,1.091840,1.092490
2017/04/25 21:00:00,1.092790,1.094660,1.092490,1.094030,1.092490,1.094380,1.092120,1.093780
2017/04/26 03:00:00,1.094030,1.095210,1.089700,1.090400,1.093780,1.094980,1.089430,1.090150
2017/04/26 09:00:00,1.090400,1.090870,1.087490,1.087740,1.090150,1.090620,1.087230,1.087500
2017/04/26 15:00:00,1.087740,1.091390,1.085690,1.090680,1.087500,1.091200,1.085420,1.090280
2017/04/26 21:00:00,1.090680,1.092240,1.090340,1.091160,1.090280,1.092000,1.089920,1.090910
2017/04/27 03:00:00,1.091160,1.092150,1.089730,1.090890,1.090910,1.091910,1.089490,1.090640
2017/04/27 09:00:00,1.090890,1.093450,1.085290,1.086600,1.090640,1.093170,1.085050,1.086360
2017/04/27 15:00:00,1.086600,1.088910,1.085930,1.087320,1.086360,1.088610,1.085690,1.086900
2017/04/27 21:00:00,1.087320,1.087740,1.085860,1.086960,1.086900,1.087450,1.085590,1.086720
2017/04/28 03:00:00,1.086960,1.090370,1.085850,1.090340,1.086720,1.090070,1.085590,1.090070
2017/04/28 09:00:00,1.090340,1.094880,1.088470,1.089280,1.090070,1.094620,1.088210,1.089020
2017/04/28 15:00:00,1.089280,1.090730,1.088630,1.090080,1.089020,1.090490,1.088390,1.089660
2017/04/30 15:00:00,1.090080,1.092190,1.090080,1.091840,1.089660,1.091710,1.089660,1.090930
2017/04/30 21:00:00,1.091840,1.091840,1.089050,1.089510,1.090930,1.091010,1.088660,1.089260
2017/05/01 03:00:00,1.089510,1.090050,1.088540,1.089980,1.089260,1.089810,1.088280,1.089740
2017/05/01 09:00:00,1.089980,1.092520,1.089670,1.091590,1.089740,1.092280,1.089420,1.091360
2017/05/01 15:00:00,1.091590,1.091980,1.089770,1.090260,1.091360,1.091740,1.089520,1.089720
2017/05/01 21:00:00,1.090260,1.091420,1.089900,1.091250,1.089720,1.091180,1.089410,1.091010
2017/05/02 03:00:00,1.091250,1.092820,1.090620,1.091630,1.091010,1.092390,1.090370,1.091400
2017/05/02 09:00:00,1.091630,1.092270,1.088950,1.090270,1.091400,1.092030,1.088670,1.090020
2017/05/02 15:00:00,1.090270,1.093470,1.089950,1.093460,1.090020,1.093210,1.089700,1.093040
2017/05/02 21:00:00,1.093460,1.093810,1.092690,1.093560,1.093040,1.093580,1.092270,1.093310
2017/05/03 03:00:00,1.093560,1.093650,1.090930,1.091360,1.093310,1.093410,1.090690,1.091100
2017/05/03 09:00:00,1.091360,1.092390,1.090520,1.090900,1.091100,1.092150,1.090080,1.090660
2017/05/03 15:00:00,1.090900,1.092940,1.088420,1.088680,1.090660,1.092560,1.088160,1.088230
2017/05/03 21:00:00,1.088680,1.089620,1.088300,1.089300,1.088230,1.089380,1.087970,1.089060
2017/05/04 03:00:00,1.089300,1.092600,1.087620,1.092000,1.089060,1.092370,1.087370,1.091750
2017/05/04 09:00:00,1.092000,1.095460,1.091860,1.094650,1.091750,1.095210,1.091630,1.094400
2017/05/04 15:00:00,1.094650,1.098850,1.093670,1.098540,1.094400,1.098620,1.093420,1.098140
2017/05/04 21:00:00,1.098540,1.098540,1.097420,1.097940,1.098140,1.098210,1.097180,1.097690
2017/05/05 03:00:00,1.097940,1.099160,1.095790,1.095970,1.097690,1.098880,1.095550,1.095730
2017/05/05 09:00:00,1.095970,1.099410,1.095350,1.098560,1.095730,1.099140,1.094430,1.098320
2017/05/05 15:00:00,1.098560,1.100270,1.098220,1.100190,1.098320,1.099790,1.097990,1.099700
2017/05/07 15:00:00,1.100190,1.102540,1.100190,1.102370,1.099700,1.102130,1.099700,1.101530
2017/05/07 21:00:00,1.102370,1.102500,1.095850,1.097660,1.101530,1.102010,1.095580,1.097420
2017/05/08 03:00:00,1.097660,1.099920,1.095270,1.095760,1.097420,1.099560,1.094960,1.095510
2017/05/08 09:00:00,1.095760,1.095890,1.093040,1.093250,1.095510,1.095640,1.092740,1.093000
2017/05/08 15:00:00,1.093250,1.093820,1.091760,1.092660,1.093000,1.093580,1.091500,1.092120
2017/05/08 21:00:00,1.092660,1.093400,1.092030,1.092850,1.092120,1.093140,1.091630,1.092600
2017/05/09 03:00:00,1.092850,1.093470,1.090380,1.090760,1.092600,1.093220,1.090130,1.090510
2017/05/09 09:00:00,1.090760,1.091060,1.087520,1.089140,1.090510,1.090830,1.087230,1.088890
2017/05/09 15:00:00,1.089140,1.090100,1.086470,1.087570,1.088890,1.089820,1.086220,1.087170
2017/05/09 21:00:00,1.087570,1.089950,1.087270,1.089420,1.087170,1.089700,1.086700,1.089180
2017/05/10 03:00:00,1.089420,1.089940,1.087140,1.087210,1.089180,1.089690,1.086900,1.086970
2017/05/10 09:00:00,1.087210,1.088410,1.086000,1.087080,1.086970,1.088170,1.085760,1.086840
2017/05/10 15:00:00,1.087080,1.087620,1.085440,1.086910,1.086840,1.087380,1.085180,1.086460
2017/05/10 21:00:00,1.086910,1.088110,1.086490,1.087890,1.086460,1.087860,1.085880,1.087640
2017/05/11 03:00:00,1.087890,1.089440,1.086560,1.087970,1.087640,1.089190,1.086320,1.087730
2017/05/11 09:00:00,1.087970,1.087980,1.084030,1.086820,1.087730,1.087740,1.083800,1.086590
2017/05/11 15:00:00,1.086820,1.087700,1.086110,1.086370,1.086590,1.087450,1.085800,1.085970
2017/05/11 21:00:00,1.086370,1.087510,1.086090,1.087300,1.085970,1.087260,1.085730,1.087060
2017/05/12 03:00:00,1.087300,1.087460,1.085710,1.086700,1.087060,1.087210,1.085420,1.086450
2017/05/12 09:00:00,1.086700,1.092910,1.086440,1.092240,1.086450,1.092680,1.086210,1.091990
2017/05/12 15:00:00,1.092240,1.093600,1.091590,1.093540,1.091990,1.093310,1.091350,1.093030
2017/05/14 15:00:00,1.093540,1.093650,1.092940,1.093220,1.093030,1.093030,1.092090,1.092810
2017/05/14 21:00:00,1.093220,1.093820,1.092400,1.092850,1.092810,1.093340,1.092150,1.092620
2017/05/15 03:00:00,1.092850,1.095140,1.092730,1.094640,1.092620,1.094870,1.092490,1.094410
2017/05/15 09:00:00,1.094640,1.099080,1.094610,1.097940,1.094410,1.098830,1.094370,1.097700
2017/05/15 15:00:00,1.097940,1.098750,1.096700,1.097740,1.097700,1.098520,1.096450,1.097350
2017/05/15 21:00:00,1.097740,1.099130,1.097620,1.098970,1.097350,1.098870,1.097230,1.098720
2017/05/16 03:00:00,1.098970,1.105100,1.098770,1.104680,1.098720,1.104860,1.098520,1.104420
2017/05/16 09:00:00,1.104680,1.109030,1.103120,1.108330,1.104420,1.108780,1.102890,1.108110
2017/05/16 15:00:00,1.108330,1.109850,1.106510,1.108590,1.108110,1.109620,1.106280,1.108110
2017/05/16 21:00:00,1.108590,1.111530,1.108130,1.111120,1.108110,1.111260,1.107830,1.110860
2017/05/17 03:00:00,1.111120,1.112370,1.108280,1.108680,1.110860,1.112120,1.108050,1.108430
2017/05/17 09:00:00,1.108680,1.114830,1.108620,1.114810,1.108430,1.114600,1.108360,1.114570
2017/05/17 15:00:00,1.114810,1.116350,1.113130,1.116160,1.114570,1.116110,1.112890,1.115730
2017/05/17 21:00:00,1.116160,1.117330,1.115200,1.115720,1.115730,1.117080,1.114960,1.115470
2017/05/18 03:00:00,1.115720,1.116330,1.112230,1.112850,1.115470,1.116080,1.111980,1.112610
2017/05/18 09:00:00,1.112850,1.114140,1.110510,1.112800,1.112610,1.113910,1.110280,1.112560
2017/05/18 15:00:00,1.112800,1.113920,1.107720,1.110470,1.112560,1.113680,1.107430,1.110010
2017/05/18 21:00:00,1.110470,1.111590,1.109840,1.110370,1.110010,1.111370,1.109490,1.110140
2017/05/19 03:00:00,1.110370,1.116230,1.110350,1.115060,1.110140,1.115980,1.110110,1.114810
2017/05/19 09:00:00,1.115060,1.119820,1.114810,1.119650,1.114810,1.119580,1.114570,1.119440
2017/05/19 15:00:00,1.119650,1.121310,1.118630,1.120930,1.119440,1.121070,1.118400,1.120610
2017/05/21 15:00:00,1.120930,1.121130,1.118770,1.120020,1.120610,1.120610,1.118190,1.119340
2017/05/21 21:00:00,1.120020,1.121370,1.118370,1.119300,1.119340,1.120900,1.118120,1.119070
2017/05/22 03:00:00,1.119300,1.120260,1.116280,1.116930,1.119070,1.119990,1.116030,1.116680
2017/05/22 09:00:00,1.116930,1.126480,1.116720,1.124800,1.116680,1.126240,1.116480,1.124560
2017/05/22 15:00:00,1.124800,1.125300,1.122990,1.124050,1.124560,1.125070,1.122750,1.123580
2017/05/22 21:00:00,1.124050,1.125540,1.123190,1.125300,1.123580,1.125300,1.122910,1.125060
2017/05/23 03:00:00,1.125300,1.127040,1.122330,1.124950,1.125060,1.126690,1.122100,1.124720
2017/05/23 09:00:00,1.124950,1.126420,1.121240,1.122980,1.124720,1.126180,1.121000,1.122780
2017/05/23 15:00:00,1.122980,1.125110,1.117620,1.118430,1.122780,1.124840,1.117400,1.117990
2017/05/23 21:00:00,1.118430,1.119320,1.117850,1.118670,1.117990,1.119070,1.117600,1.118420
2017/05/24 03:00:00,1.118670,1.119810,1.117130,1.118660,1.118420,1.119570,1.116890,1.118440
2017/05/24 09:00:00,1.118660,1.120630,1.117620,1.118520,1.118440,1.120360,1.117380,1.118280
2017/05/24 15:00:00,1.118520,1.122130,1.116960,1.121980,1.118280,1.121890,1.116730,1.121560
2017/05/24 21:00:00,1.121980,1.124150,1.121230,1.124040,1.121560,1.123890,1.120960,1.123790
2017/05/25 03:00:00,1.124040,1.125180,1.122660,1.124340,1.123790,1.124910,1.122440,1.124110
2017/05/25 09:00:00,1.124340,1.124340,1.119480,1.121440,1.124110,1.124110,1.119240,1.121200
2017/05/25 15:00:00,1.121440,1.122730,1.119950,1.121220,1.121200,1.122490,1.119720,1.120800
2017/05/25 21:00:00,1.121220,1.121760,1.118630,1.120030,1.120800,1.121520,1.118380,1.119800
2017/05/26 03:00:00,1.120030,1.123580,1.119230,1.122540,1.119800,1.123350,1.118990,1.122290
2017/05/26 09:00:00,1.122540,1.122810,1.116190,1.118610,1.122290,1.122580,1.115910,1.118370
2017/05/26 15:00:00,1.118610,1.118780,1.116290,1.118140,1.118370,1.118540,1.116040,1.117780
2017/05/28 15:00:00,1.118140,1.118140,1.117490,1.117940,1.117780,1.117780,1.116710,1.116750
2017/05/28 21:00:00,1.117940,1.118620,1.116320,1.116510,1.116750,1.118360,1.116070,1.116280
2017/05/29 03:00:00,1.116510,1.119110,1.116340,1.118460,1.116280,1.118860,1.116120,1.118220
2017/05/29 09:00:00,1.118460,1.119120,1.116860,1.117730,1.118220,1.118880,1.116620,1.117490
2017/05/29 15:00:00,1.117730,1.118440,1.116410,1.116660,1.117490,1.118210,1.116090,1.116160
2017/05/29 21:00:00,1.116660,1.117380,1.112320,1.113050,1.116160,1.116700,1.112090,1.112810
2017/05/30 03:00:00,1.113050,1.115040,1.111060,1.114130,1.112810,1.114790,1.110810,1.113890
2017/05/30 09:00:00,1.114130,1.120700,1.113790,1.117860,1.113890,1.120420,1.113540,1.117630
2017/05/30 15:00:00,1.117860,1.119810,1.117310,1.118880,1.117630,1.119560,1.117080,1.118360
2017/05/30 21:00:00,1.118880,1.119140,1.117060,1.117680,1.118360,1.118880,1.116820,1.117460
2017/05/31 03:00:00,1.117680,1.119810,1.116570,1.117610,1.117460,1.119580,1.116320,1.117300
2017/05/31 09:00:00,1.117610,1.124780,1.117250,1.124700,1.117300,1.124520,1.116940,1.124460
2017/05/31 15:00:00,1.124700,1.125360,1.122920,1.124400,1.124460,1.125110,1.122680,1.124120
2017/05/31 21:00:00,1.124400,1.125800,1.123480,1.124340,1.124120,1.125560,1.123240,1.124100
2017/06/01 03:00:00,1.124340,1.125050,1.122430,1.122760,1.124100,1.124810,1.122180,1.122510
2017/06/01 09:00:00,1.122760,1.123820,1.120330,1.122670,1.122510,1.123580,1.119910,1.122430
2017/06/01 15:00:00,1.122670,1.122710,1.120730,1.121390,1.122430,1.122480,1.120500,1.120970
2017/06/01 21:00:00,1.121390,1.122330,1.121330,1.121820,1.120970,1.122100,1.120970,1.121570
2017/06/02 03:00:00,1.121820,1.122950,1.121570,1.122250,1.121570,1.122710,1.121330,1.122000
2017/06/02 09:00:00,1.122250,1.128370,1.120620,1.127660,1.122000,1.128140,1.120390,1.127420
2017/06/02 15:00:00,1.127660,1.128710,1.126690,1.128290,1.127420,1.128400,1.126460,1.127920
2017/06/04 15:00:00,1.128290,1.128780,1.127420,1.127900,1.127920,1.128220,1.126730,1.127000
2017/06/04 21:00:00,1.127900,1.128720,1.126630,1.127500,1.127000,1.128240,1.126370,1.127250
2017/06/05 03:00:00,1.127500,1.128010,1.126120,1.127340,1.127250,1.127770,1.125900,1.127090
2017/06/05 09:00:00,1.127340,1.127340,1.123550,1.125160,1.127090,1.127090,1.123290,1.124920
2017/06/05 15:00:00,1.125160,1.126570,1.124850,1.125540,1.124920,1.126340,1.124610,1.125250
2017/06/05 21:00:00,1.125540,1.127610,1.125530,1.127360,1.125250,1.127380,1.125100,1.127120
2017/06/06 03:00:00,1.127360,1.127910,1.124350,1.125320,1.127120,1.127660,1.124110,1.125080
2017/06/06 09:00:00,1.125320,1.127790,1.124170,1.126710,1.125080,1.127550,1.123930,1.126470
2017/06/06 15:00:00,1.126710,1.128550,1.126370,1.127890,1.126470,1.128340,1.126130,1.127480
2017/06/06 21:00:00,1.127890,1.128350,1.126330,1.126640,1.127480,1.128080,1.126090,1.126400
2017/06/07 03:00:00,1.126640,1.127830,1.124740,1.126370,1.126400,1.127590,1.124500,1.126130
2017/06/07 09:00:00,1.126370,1.128380,1.120530,1.126400,1.126130,1.128160,1.120300,1.126170
2017/06/07 15:00:00,1.126400,1.127350,1.122420,1.125850,1.126170,1.127120,1.122180,1.125510
2017/06/07 21:00:00,1.125850,1.127180,1.124840,1.126250,1.125510,1.126120,1.124610,1.126000
2017/06/08 03:00:00,1.126250,1.127050,1.124440,1.125050,1.126000,1.126810,1.124200,1.124800
2017/06/08 09:00:00,1.125050,1.126550,1.119590,1.122250,1.124800,1.126150,1.119340,1.122000
2017/06/08 15:00:00,1.122250,1.123000,1.120280,1.121520,1.122000,1.122770,1.120050,1.121120
2017/06/08 21:00:00,1.121520,1.124030,1.118060,1.119710,1.121120,1.123550,1.117790,1.119470
2017/06/09 03:00:00,1.119710,1.121720,1.117070,1.117750,1.119470,1.121480,1.116850,1.117510
2017/06/09 09:00:00,1.117750,1.119020,1.116760,1.118440,1.117510,1.118790,1.116520,1.118210
2017/06/09 15:00:00,1.118440,1.120550,1.118380,1.119890,1.118210,1.120310,1.118140,1.119410
2017/06/11 15:00:00,1.119890,1.121800,1.119890,1.121180,1.119410,1.121100,1.118850,1.120580
2017/06/11 21:00:00,1.121180,1.121310,1.119800,1.121140,1.120580,1.121100,1.119620,1.120910
2017/06/12 03:00:00,1.121140,1.122890,1.120320,1.122690,1.120910,1.122660,1.120090,1.122450
2017/06/12 09:00:00,1.122690,1.123340,1.119320,1.120410,1.122450,1.123120,1.119070,1.120170
2017/06/12 15:00:00,1.120410,1.121110,1.119720,1.120610,1.120170,1.120890,1.119480,1.120200
2017/06/12 21:00:00,1.120610,1.121020,1.119110,1.119770,1.120200,1.120640,1.118880,1.119530
2017/06/13 03:00:00,1.119770,1.122620,1.118650,1.121390,1.119530,1.122380,1.118410,1.121140
2017/06/13 09:00:00,1.121390,1.122160,1.120180,1.120730,1.121140,1.121910,1.119970,1.120530
2017/06/13 15:00:00,1.120730,1.121400,1.119320,1.121200,1.120530,1.121160,1.119090,1.120760
2017/06/13 21:00:00,1.121200,1.122110,1.120810,1.121370,1.120760,1.121870,1.120300,1.121130
2017/06/14 03:00:00,1.121370,1.122680,1.120660,1.120900,1.121130,1.122440,1.120420,1.120660
2017/06/14 09:00:00,1.120900,1.129710,1.119880,1.128030,1.120660,1.129470,1.119640,1.127810
2017/06/14 15:00:00,1.128030,1.129240,1.119430,1.122090,1.127810,1.128850,1.119190,1.121650
2017/06/14 21:00:00,1.122090,1.122990,1.120670,1.121800,1.121650,1.122750,1.120420,1.121550
2017/06/15 03:00:00,1.121800,1.122560,1.117630,1.118100,1.121550,1.122320,1.117400,1.117850
2017/06/15 09:00:00,1.118100,1.118650,1.113330,1.115000,1.117850,1.118410,1.113100,1.114760
2017/06/15 15:00:00,1.115000,1.115930,1.114050,1.114890,1.114760,1.115690,1.113820,1.114380
2017/06/15 21:00:00,1.114890,1.115690,1.114600,1.115230,1.114380,1.115440,1.114090,1.114980
2017/06/16 03:00:00,1.115230,1.117640,1.113960,1.117440,1.114980,1.117410,1.113730,1.117190
2017/06/16 09:00:00,1.117440,1.120120,1.115850,1.120010,1.117190,1.119890,1.115620,1.119770
2017/06/16 15:00:00,1.120010,1.120300,1.118740,1.119900,1.119770,1.120060,1.118500,1.119450
2017/06/18 15:00:00,1.119900,1.121760,1.119900,1.121180,1.119450,1.121110,1.119450,1.120430
2017/06/18 21:00:00,1.121180,1.121660,1.119080,1.119860,1.120430,1.120650,1.118830,1.119620
2017/06/19 03:00:00,1.119860,1.120910,1.118350,1.119650,1.119620,1.120660,1.118120,1.119400
2017/06/19 09:00:00,1.119650,1.121410,1.116670,1.116740,1.119400,1.121180,1.116430,1.116490
2017/06/19 15:00:00,1.116740,1.117230,1.114430,1.114970,1.116490,1.117000,1.114200,1.114600
2017/06/19 21:00:00,1.114970,1.115920,1.114210,1.115740,1.114600,1.115690,1.113970,1.115510
2017/06/20 03:00:00,1.115740,1.116620,1.114390,1.115960,1.115510,1.116380,1.114150,1.115720
2017/06/20 09:00:00,1.115960,1.116610,1.112690,1.112780,1.115720,1.116380,1.112450,1.112550
2017/06/20 15:00:00,1.112780,1.113590,1.112010,1.113570,1.112550,1.113330,1.111780,1.113170
2017/06/20 21:00:00,1.113570,1.113840,1.113280,1.113580,1.113170,1.113600,1.112820,1.113330
2017/06/21 03:00:00,1.113580,1.114720,1.112860,1.114380,1.113330,1.114460,1.112620,1.114140
2017/06/21 09:00:00,1.114380,1.115710,1.113130,1.114320,1.114140,1.115460,1.112900,1.114080
2017/06/21 15:00:00,1.114320,1.117120,1.113950,1.117110,1.114080,1.116790,1.113710,1.116710
2017/06/21 21:00:00,1.117110,1.117290,1.116150,1.116890,1.116710,1.117050,1.115920,1.116650
2017/06/22 03:00:00,1.116890,1.117920,1.115570,1.116940,1.116650,1.117680,1.115330,1.116710
2017/06/22 09:00:00,1.116940,1.117570,1.115190,1.115810,1.116710,1.117340,1.114950,1.115570
2017/06/22 15:00:00,1.115810,1.116230,1.114060,1.115380,1.115570,1.116000,1.113820,1.114990
2017/06/22 21:00:00,1.115380,1.116130,1.114650,1.115980,1.114990,1.115890,1.114410,1.115760
2017/06/23 03:00:00,1.115980,1.118920,1.115870,1.117270,1.115760,1.118700,1.115650,1.117030
2017/06/23 09:00:00,1.117270,1.121020,1.116280,1.120110,1.117030,1.120780,1.116040,1.119870
2017/06/23 15:00:00,1.120110,1.120520,1.119410,1.119460,1.119870,1.120280,1.119010,1.119110
2017/06/25 15:00:00,1.119460,1.120550,1.119460,1.120250,1.119110,1.119940,1.118680,1.119290
2017/06/25 21:00:00,1.120250,1.120460,1.119110,1.119630,1.119290,1.119900,1.118520,1.119380
2017/06/26 03:00:00,1.119630,1.120910,1.118300,1.118700,1.119380,1.120670,1.118060,1.118460
2017/06/26 09:00:00,1.118700,1.122120,1.117300,1.120420,1.118460,1.121880,1.117070,1.120180
2017/06/26 15:00:00,1.120420,1.120610,1.117670,1.118300,1.120180,1.120380,1.117460,1.118050
2017/06/26 21:00:00,1.118300,1.119090,1.118020,1.118890,1.118050,1.118860,1.117790,1.118660
2017/06/27 03:00:00,1.118890,1.125620,1.118350,1.125040,1.118660,1.125390,1.118110,1.124790
2017/06/27 09:00:00,1.125040,1.130630,1.124540,1.128740,1.124790,1.130410,1.124310,1.128500
2017/06/27 15:00:00,1.128740,1.135080,1.128520,1.134080,1.128500,1.134830,1.128280,1.133660
2017/06/27 21:00:00,1.134080,1.135680,1.133120,1.135270,1.133660,1.135440,1.132800,1.135030
2017/06/28 03:00:00,1.135270,1.138960,1.134640,1.136170,1.135030,1.138710,1.134410,1.135940
2017/06/28 09:00:00,1.136170,1.139250,1.129270,1.136420,1.135940,1.138980,1.128970,1.136180
2017/06/28 15:00:00,1.136420,1.138650,1.135050,1.137820,1.136180,1.138420,1.134820,1.137470
2017/06/28 21:00:00,1.137820,1.142070,1.137590,1.140650,1.137470,1.141820,1.137210,1.140400
2017/06/29 03:00:00,1.140650,1.143630,1.139600,1.142670,1.140400,1.143390,1.139370,1.142460
2017/06/29 09:00:00,1.142670,1.142950,1.138920,1.142550,1.142460,1.142700,1.138700,1.142320
2017/06/29 15:00:00,1.142550,1.144670,1.141760,1.144140,1.142320,1.144450,1.141510,1.143760
2017/06/29 21:00:00,1.144140,1.144670,1.142810,1.143720,1.143760,1.144430,1.142570,1.143480
2017/06/30 03:00:00,1.143720,1.144450,1.139680,1.140440,1.143480,1.144210,1.139430,1.140190
2017/06/30 09:00:00,1.140440,1.142880,1.139330,1.140530,1.140190,1.142650,1.139100,1.140300
2017/06/30 15:00:00,1.140530,1.142560,1.140530,1.142540,1.140300,1.142260,1.140290,1.141620
2017/07/02 15:00:00,1.142540,1.142790,1.141800,1.142250,1.141620,1.142140,1.141230,1.141640
2017/07/02 21:00:00,1.142250,1.142960,1.141350,1.141510,1.141640,1.142560,1.141120,1.141260
2017/07/03 03:00:00,1.141510,1.141810,1.137820,1.138030,1.141260,1.141570,1.137590,1.137780
2017/07/03 09:00:00,1.138030,1.138700,1.135910,1.136910,1.137780,1.138470,1.135680,1.136690
2017/07/03 15:00:00,1.136910,1.137340,1.135620,1.136570,1.136690,1.137090,1.135390,1.136190
2017/07/03 21:00:00,1.136570,1.137830,1.136030,1.136730,1.136190,1.137580,1.135430,1.136490
2017/07/04 03:00:00,1.136730,1.137570,1.133730,1.135510,1.136490,1.137340,1.133510,1.135260
2017/07/04 09:00:00,1.135510,1.135670,1.133930,1.135300,1.135260,1.135430,1.133680,1.135060
2017/07/04 15:00:00,1.135300,1.135550,1.134440,1.134980,1.135060,1.135230,1.134080,1.134530
2017/07/04 21:00:00,1.134980,1.136990,1.134650,1.136390,1.134530,1.136760,1.133970,1.136160
2017/07/05 03:00:00,1.136390,1.136940,1.134190,1.134300,1.136160,1.136710,1.133950,1.134060
2017/07/05 09:00:00,1.134300,1.134540,1.131370,1.133020,1.134060,1.134300,1.131120,1.132790
2017/07/05 15:00:00,1.133020,1.135950,1.132380,1.135290,1.132790,1.135410,1.132150,1.134890
2017/07/05 21:00:00,1.135290,1.135630,1.133110,1.133880,1.134890,1.135350,1.132870,1.133640
2017/07/06 03:00:00,1.133880,1.135850,1.133230,1.135020,1.133640,1.135610,1.132990,1.134790
2017/07/06 09:00:00,1.135020,1.140730,1.134550,1.140650,1.134790,1.140490,1.134310,1.140430
2017/07/06 15:00:00,1.140650,1.142680,1.139940,1.142540,1.140430,1.142360,1.139710,1.142160
2017/07/06 21:00:00,1.142540,1.142700,1.140950,1.141500,1.142160,1.142470,1.140720,1.141270
2017/07/07 03:00:00,1.141500,1.142920,1.140820,1.142310,1.141270,1.142630,1.140590,1.142060
2017/07/07 09:00:00,1.142310,1.144120,1.138080,1.139320,1.142060,1.143890,1.137840,1.139080
2017/07/07 15:00:00,1.139320,1.141220,1.138780,1.140270,1.139080,1.140970,1.138540,1.139920
2017/07/09 15:00:00,1.140270,1.140390,1.139600,1.140070,1.139920,1.139920,1.138770,1.139460
2017/07/09 21:00:00,1.140070,1.140980,1.139630,1.140630,1.139460,1.140740,1.138890,1.140390
2017/07/10 03:00:00,1.140630,1.141940,1.139380,1.139700,1.140390,1.141720,1.139160,1.139460
2017/07/10 09:00:00,1.139700,1.139920,1.138290,1.138910,1.139460,1.139680,1.138050,1.138680
2017/07/10 15:00:00,1.138910,1.140920,1.138580,1.140080,1.138680,1.140690,1.138360,1.139820
2017/07/10 21:00:00,1.140080,1.140160,1.139340,1.139470,1.139820,1.139830,1.139110,1.139230
2017/07/11 03:00:00,1.139470,1.140110,1.138400,1.139730,1.139230,1.139890,1.138160,1.139510
2017/07/11 09:00:00,1.139730,1.142600,1.139120,1.142060,1.139510,1.142370,1.138890,1.141830
2017/07/11 15:00:00,1.142060,1.148090,1.141570,1.146840,1.141830,1.147860,1.141350,1.146470
2017/07/11 21:00:00,1.146840,1.148520,1.146400,1.148280,1.146470,1.148280,1.146070,1.148050
2017/07/12 03:00:00,1.148280,1.149090,1.144330,1.145890,1.148050,1.148850,1.144090,1.145630
2017/07/12 09:00:00,1.145890,1.148090,1.139290,1.142000,1.145630,1.147850,1.139050,1.141760
2017/07/12 15:00:00,1.142000,1.142870,1.140940,1.141320,1.141760,1.142640,1.140710,1.140970
2017/07/12 21:00:00,1.141320,1.143930,1.141310,1.143840,1.140970,1.143690,1.140970,1.143590
2017/07/13 03:00:00,1.143840,1.145720,1.139700,1.140470,1.143590,1.145480,1.139440,1.140230
2017/07/13 09:00:00,1.140470,1.142050,1.137150,1.140490,1.140230,1.141810,1.136940,1.140250
2017/07/13 15:00:00,1.140490,1.140920,1.138380,1.139880,1.140250,1.140670,1.138140,1.139520
2017/07/13 21:00:00,1.139880,1.140990,1.139280,1.140950,1.139520,1.140750,1.139030,1.140710
2017/07/14 03:00:00,1.140950,1.142520,1.140190,1.140910,1.140710,1.142290,1.139960,1.140680
2017/07/14 09:00:00,1.140910,1.146990,1.140860,1.144560,1.140680,1.146730,1.140620,1.144330
2017/07/14 15:00:00,1.144560,1.147320,1.144550,1.147020,1.144330,1.147070,1.144330,1.146420
2017/07/16 15:00:00,1.147020,1.147820,1.146860,1.147610,1.146420,1.147230,1.145970,1.147210
2017/07/16 21:00:00,1.147610,1.147630,1.145810,1.146230,1.147210,1.147380,1.145570,1.145990
2017/07/17 03:00:00,1.146230,1.146710,1.143600,1.144950,1.145990,1.146480,1.143360,1.144690
2017/07/17 09:00:00,1.144950,1.148850,1.144630,1.147210,1.144690,1.148590,1.144400,1.146960
2017/07/17 15:00:00,1.147210,1.148580,1.146490,1.148030,1.146960,1.148350,1.146260,1.147680
2017/07/17 21:00:00,1.148030,1.153910,1.147280,1.153030,1.147680,1.153670,1.147030,1.152790
2017/07/18 03:00:00,1.153030,1.153690,1.151250,1.152690,1.152790,1.153440,1.151010,1.152430
2017/07/18 09:00:00,1.152690,1.158460,1.152040,1.158180,1.152430,1.158210,1.151800,1.157950
2017/07/18 15:00:00,1.158180,1.158370,1.155330,1.155490,1.157950,1.158130,1.155060,1.155140
2017/07/18 21:00:00,1.155490,1.156030,1.153990,1.154030,1.155140,1.155520,1.153750,1.153780
2017/07/19 03:00:00,1.154030,1.154900,1.151580,1.152790,1.153780,1.154660,1.151340,1.152550
2017/07/19 09:00:00,1.152790,1.153980,1.151110,1.151900,1.152550,1.153740,1.150890,1.151660
2017/07/19 15:00:00,1.151900,1.153100,1.151410,1.151710,1.151660,1.152850,1.151170,1.151340
2017/07/19 21:00:00,1.151710,1.153400,1.151400,1.152470,1.151340,1.153150,1.151110,1.152230
2017/07/20 03:00:00,1.152470,1.152850,1.149700,1.150600,1.152230,1.152600,1.149480,1.150360
2017/07/20 09:00:00,1.150600,1.166020,1.148040,1.163590,1.150360,1.165750,1.147810,1.163350
2017/07/20 15:00:00,1.163590,1.164820,1.161900,1.163250,1.163350,1.164590,1.161650,1.162860
2017/07/20 21:00:00,1.163250,1.163860,1.162050,1.162610,1.162860,1.163530,1.161810,1.162370
2017/07/21 03:00:00,1.162610,1.167830,1.162460,1.165060,1.162370,1.167580,1.162230,1.164820
2017/07/21 09:00:00,1.165060,1.166810,1.163650,1.165590,1.164820,1.166580,1.163410,1.165350
2017/07/21 15:00:00,1.165590,1.168430,1.164940,1.166580,1.165350,1.168170,1.164720,1.166220
2017/07/23 15:00:00,1.166580,1.167380,1.166410,1.166920,1.166220,1.166630,1.165390,1.165880
2017/07/23 21:00:00,1.166920,1.168550,1.166440,1.166930,1.165880,1.168310,1.165880,1.166690
2017/07/24 03:00:00,1.166930,1.167660,1.163150,1.165400,1.166690,1.167430,1.162900,1.165190
2017/07/24 09:00:00,1.165400,1.166110,1.163470,1.164470,1.165190,1.165880,1.163220,1.164220
2017/07/24 15:00:00,1.164470,1.164910,1.162710,1.164240,1.164220,1.164680,1.162450,1.163780
2017/07/24 21:00:00,1.164240,1.165830,1.163200,1.165470,1.163780,1.165590,1.162930,1.165230
2017/07/25 03:00:00,1.165470,1.167030,1.164450,1.165500,1.165230,1.166800,1.164210,1.165260
2017/07/25 09:00:00,1.165500,1.171360,1.164830,1.166240,1.165260,1.171110,1.164610,1.166000
2017/07/25 15:00:00,1.166240,1.167210,1.164350,1.164850,1.166000,1.166980,1.164110,1.164420
2017/07/25 21:00:00,1.164850,1.165520,1.163920,1.165360,1.164420,1.165290,1.163680,1.165120
2017/07/26 03:00:00,1.165360,1.165480,1.161390,1.162440,1.165120,1.165240,1.161150,1.162210
2017/07/26 09:00:00,1.162440,1.165690,1.162010,1.163130,1.162210,1.165450,1.161770,1.162890
2017/07/26 15:00:00,1.163130,1.174200,1.162660,1.173760,1.162890,1.173880,1.162430,1.173240
2017/07/26 21:00:00,1.173760,1.174990,1.172260,1.174740,1.173240,1.174670,1.172030,1.174490
2017/07/27 03:00:00,1.174740,1.177820,1.171330,1.172960,1.174490,1.177570,1.171100,1.172720
2017/07/27 09:00:00,1.172960,1.173480,1.166370,1.166680,1.172720,1.173240,1.166150,1.166440
2017/07/27 15:00:00,1.166680,1.169000,1.165140,1.167970,1.166440,1.168770,1.164900,1.167400
2017/07/27 21:00:00,1.167970,1.169420,1.167240,1.169420,1.167400,1.169180,1.167000,1.169180
2017/07/28 03:00:00,1.169420,1.171670,1.168300,1.170720,1.169180,1.171440,1.168070,1.170480
2017/07/28 09:00:00,1.170720,1.175530,1.170560,1.174860,1.170480,1.175280,1.170330,1.174620
2017/07/28 15:00:00,1.174860,1.176530,1.173930,1.175130,1.174620,1.176300,1.173680,1.174810
2017/07/30 15:00:00,1.175130,1.175830,1.174090,1.175230,1.174810,1.175040,1.173430,1.174470
2017/07/30 21:00:00,1.175230,1.176360,1.173580,1.173670,1.174470,1.176030,1.173330,1.173420
2017/07/31 03:00:00,1.173670,1.174890,1.172440,1.173380,1.173420,1.174640,1.172210,1.173130
2017/07/31 09:00:00,1.173380,1.179210,1.172460,1.179050,1.173130,1.178960,1.172210,1.178820
2017/07/31 15:00:00,1.179050,1.184730,1.178510,1.184280,1.178820,1.184440,1.178260,1.184030
2017/07/31 21:00:00,1.184280,1.184640,1.182100,1.182890,1.184030,1.184330,1.181850,1.182670
2017/08/01 03:00:00,1.182890,1.183520,1.181240,1.182280,1.182670,1.183280,1.181000,1.182020
2017/08/01 09:00:00,1.182280,1.184050,1.178640,1.181100,1.182020,1.183810,1.178390,1.180860
2017/08/01 15:00:00,1.181100,1.183820,1.179280,1.180330,1.180860,1.183650,1.179050,1.180090
2017/08/01 21:00:00,1.180330,1.181900,1.179500,1.180940,1.180090,1.181650,1.179240,1.180690
2017/08/02 03:00:00,1.180940,1.186980,1.180470,1.185580,1.180690,1.186750,1.180250,1.185330
2017/08/02 09:00:00,1.185580,1.186030,1.181980,1.185790,1.185330,1.185800,1.181700,1.185550
2017/08/02 15:00:00,1.185790,1.191210,1.185120,1.185830,1.185550,1.190920,1.184890,1.185460
2017/08/02 21:00:00,1.185830,1.186240,1.183550,1.184470,1.185460,1.185920,1.183300,1.184230
2017/08/03 03:00:00,1.184470,1.185830,1.183170,1.184450,1.184230,1.185580,1.182940,1.184200
2017/08/03 09:00:00,1.184450,1.189440,1.183490,1.188000,1.184200,1.189190,1.183240,1.187750
2017/08/03 15:00:00,1.188000,1.189020,1.186190,1.187010,1.187750,1.188770,1.185940,1.186670
2017/08/03 21:00:00,1.187010,1.188690,1.187010,1.187610,1.186670,1.188450,1.186640,1.187360
2017/08/04 03:00:00,1.187610,1.189050,1.187530,1.188340,1.187360,1.188820,1.187270,1.188110
2017/08/04 09:00:00,1.188340,1.188630,1.172950,1.175120,1.188110,1.188390,1.172700,1.174880
2017/08/04 15:00:00,1.175120,1.178430,1.173760,1.177570,1.174880,1.178200,1.173520,1.177200
2017/08/06 15:00:00,1.177510,1.178650,1.177280,1.177620,1.177260,1.177920,1.176830,1.177070
2017/08/06 21:00:00,1.177620,1.180100,1.177190,1.179420,1.177070,1.179970,1.176980,1.179300
2017/08/07 03:00:00,1.179420,1.181490,1.177870,1.179900,1.179300,1.181360,1.177750,1.179780
2017/08/07 09:00:00,1.179900,1.180910,1.178350,1.179520,1.179780,1.180790,1.178240,1.179400
2017/08/07 15:00:00,1.179520,1.179760,1.178200,1.179630,1.179400,1.179650,1.178080,1.179340
2017/08/07 21:00:00,1.179630,1.182460,1.179190,1.181380,1.179340,1.182350,1.178890,1.181270
2017/08/08 03:00:00,1.181380,1.181880,1.180240,1.180880,1.181270,1.181760,1.180130,1.180760
2017/08/08 09:00:00,1.180880,1.181920,1.173300,1.173900,1.180760,1.181790,1.173180,1.173800
2017/08/08 15:00:00,1.173900,1.177050,1.171590,1.175430,1.173800,1.176920,1.171450,1.175190
2017/08/08 21:00:00,1.175430,1.176460,1.171920,1.173510,1.175190,1.176340,1.171820,1.173380
2017/08/09 03:00:00,1.173510,1.176270,1.172270,1.173260,1.173380,1.176160,1.172160,1.173140
2017/08/09 09:00:00,1.173260,1.175370,1.168970,1.174390,1.173140,1.175260,1.168820,1.174280
2017/08/09 15:00:00,1.174390,1.176240,1.173080,1.175870,1.174280,1.176130,1.172960,1.175650
2017/08/09 21:00:00,1.175870,1.177130,1.174200,1.174890,1.175650,1.176960,1.174090,1.174770
2017/08/10 03:00:00,1.174890,1.174950,1.171620,1.172360,1.174770,1.174830,1.171500,1.172230
2017/08/10 09:00:00,1.172360,1.175980,1.170480,1.175010,1.172230,1.175860,1.170360,1.174900
2017/08/10 15:00:00,1.175010,1.178590,1.174150,1.177400,1.174900,1.178500,1.174030,1.177200
2017/08/10 21:00:00,1.177400,1.177740,1.176210,1.176940,1.177200,1.177630,1.176100,1.176820
2017/08/11 03:00:00,1.176940,1.178000,1.175030,1.175620,1.176820,1.177870,1.174920,1.175490
2017/08/11 09:00:00,1.175620,1.183610,1.174900,1.179320,1.175490,1.183480,1.174820,1.179190
2017/08/11 15:00:00,1.179320,1.184850,1.178670,1.182270,1.179190,1.184710,1.178560,1.182050
2017/08/13 15:00:00,1.182270,1.183080,1.181590,1.182420,1.182050,1.182490,1.181070,1.181440
2017/08/13 21:00:00,1.182420,1.183540,1.181750,1.182800,1.181440,1.183420,1.181440,1.182690
2017/08/14 03:00:00,1.182800,1.183910,1.179270,1.180440,1.182690,1.183810,1.179150,1.180310
2017/08/14 09:00:00,1.180440,1.180790,1.177040,1.178290,1.180310,1.180680,1.176930,1.178170
2017/08/14 15:00:00,1.178290,1.179670,1.177260,1.178140,1.178170,1.179550,1.177150,1.177830
2017/08/14 21:00:00,1.178140,1.179320,1.176910,1.178360,1.177830,1.179210,1.176780,1.178240
2017/08/15 03:00:00,1.178360,1.178690,1.172140,1.175690,1.178240,1.178600,1.172010,1.175590
2017/08/15 09:00:00,1.175690,1.176420,1.168780,1.171940,1.175590,1.176310,1.168660,1.171820
2017/08/15 15:00:00,1.171940,1.174400,1.171500,1.173580,1.171820,1.174270,1.171390,1.173340
2017/08/15 21:00:00,1.173580,1.174630,1.173020,1.173710,1.173340,1.174500,1.172870,1.173590
2017/08/16 03:00:00,1.173710,1.175880,1.169180,1.172650,1.173590,1.175760,1.169060,1.172510
2017/08/16 09:00:00,1.172650,1.174040,1.168160,1.170340,1.172510,1.173920,1.168030,1.170220
2017/08/16 15:00:00,1.170340,1.177940,1.169170,1.176790,1.170220,1.177840,1.169070,1.176510
2017/08/16 21:00:00,1.176790,1.179050,1.176570,1.178310,1.176510,1.178940,1.176450,1.178180
2017/08/17 03:00:00,1.178310,1.179030,1.173070,1.173410,1.178180,1.178920,1.172960,1.173270
2017/08/17 09:00:00,1.173410,1.174810,1.166280,1.174580,1.173270,1.174700,1.166160,1.174470
2017/08/17 15:00:00,1.174580,1.175450,1.171870,1.172520,1.174470,1.175320,1.171750,1.172360
2017/08/17 21:00:00,1.172520,1.173710,1.170920,1.172990,1.172360,1.173600,1.170790,1.172860
2017/08/18 03:00:00,1.172990,1.175960,1.172170,1.174790,1.172860,1.175840,1.172050,1.174670
2017/08/18 09:00:00,1.174790,1.177540,1.173180,1.174990,1.174670,1.177400,1.173080,1.174860
2017/08/18 15:00:00,1.174990,1.176830,1.172990,1.176070,1.174860,1.176710,1.172890,1.175820
2017/08/20 15:00:00,1.176070,1.176820,1.175950,1.176350,1.175820,1.176280,1.175060,1.175700
2017/08/20 21:00:00,1.176350,1.176660,1.175060,1.176030,1.175700,1.176230,1.174960,1.175920
2017/08/21 03:00:00,1.176030,1.176040,1.173170,1.174170,1.175920,1.175920,1.173040,1.174040
2017/08/21 09:00:00,1.174170,1.182050,1.173730,1.181550,1.174040,1.181910,1.173610,1.181420
2017/08/21 15:00:00,1.181550,1.182880,1.180780,1.181530,1.181420,1.182760,1.180690,1.181180
2017/08/21 21:00:00,1.181530,1.182510,1.180490,1.180590,1.181180,1.182380,1.180370,1.180480
2017/08/22 03:00:00,1.180590,1.181080,1.176640,1.177250,1.180480,1.180960,1.176510,1.177080
2017/08/22 09:00:00,1.177250,1.177350,1.174570,1.176340,1.177080,1.177240,1.174460,1.176220
2017/08/22 15:00:00,1.176340,1.177270,1.174870,1.176290,1.176220,1.177140,1.174760,1.175930
2017/08/22 21:00:00,1.176290,1.176750,1.174840,1.176520,1.175930,1.176570,1.174720,1.176410
2017/08/23 03:00:00,1.176520,1.179310,1.174090,1.179060,1.176410,1.179190,1.173910,1.178950
2017/08/23 09:00:00,1.179060,1.182050,1.177630,1.181630,1.178950,1.181930,1.177520,1.181510
2017/08/23 15:00:00,1.181630,1.182400,1.179840,1.180720,1.181510,1.182270,1.179720,1.180590
2017/08/23 21:00:00,1.180720,1.181870,1.179490,1.180610,1.180590,1.181730,1.179390,1.180480
2017/08/24 03:00:00,1.180610,1.180860,1.178480,1.178790,1.180480,1.180740,1.178360,1.178680
2017/08/24 09:00:00,1.178790,1.181090,1.178530,1.180540,1.178680,1.180980,1.178420,1.180410
2017/08/24 15:00:00,1.180540,1.181530,1.179810,1.179970,1.180410,1.181410,1.179700,1.179800
2017/08/24 21:00:00,1.179970,1.180480,1.178840,1.179510,1.179800,1.180360,1.178710,1.179410
2017/08/25 03:00:00,1.179510,1.180210,1.177380,1.179710,1.179410,1.180090,1.177270,1.179580
2017/08/25 09:00:00,1.179710,1.187550,1.178620,1.187150,1.179580,1.187430,1.178480,1.187030
2017/08/25 15:00:00,1.187150,1.194250,1.186510,1.192340,1.187030,1.194120,1.186350,1.191910
2017/08/27 15:00:00,1.192340,1.196840,1.192340,1.195040,1.191910,1.196320,1.191910,1.194260
2017/08/27 21:00:00,1.195040,1.196030,1.192070,1.192610,1.194260,1.195900,1.191970,1.192480
2017/08/28 03:00:00,1.192610,1.194310,1.191770,1.193140,1.192480,1.194200,1.191640,1.193030
2017/08/28 09:00:00,1.193140,1.195830,1.192240,1.195560,1.193030,1.195730,1.192130,1.195440
2017/08/28 15:00:00,1.195560,1.198440,1.195260,1.197940,1.195440,1.198340,1.195130,1.197800
2017/08/28 21:00:00,1.197940,1.198690,1.195620,1.197040,1.197800,1.198560,1.195500,1.196930
2017/08/29 03:00:00,1.197040,1.207100,1.196680,1.206070,1.196930,1.206990,1.196570,1.205960
2017/08/29 09:00:00,1.206070,1.206710,1.200970,1.202640,1.205960,1.206610,1.200850,1.202520
2017/08/29 15:00:00,1.202640,1.203870,1.194670,1.197310,1.202520,1.203760,1.194560,1.197150
2017/08/29 21:00:00,1.197310,1.197960,1.196370,1.197740,1.197150,1.197850,1.196220,1.197610
2017/08/30 03:00:00,1.197740,1.198490,1.193880,1.194470,1.197610,1.198370,1.193780,1.194340
2017/08/30 09:00:00,1.194470,1.195510,1.189430,1.191280,1.194340,1.195420,1.189260,1.191180
2017/08/30 15:00:00,1.191280,1.192940,1.188130,1.188480,1.191180,1.192830,1.188010,1.188300
2017/08/30 21:00:00,1.188480,1.189800,1.187210,1.187830,1.188300,1.189660,1.187090,1.187720
2017/08/31 03:00:00,1.187830,1.190410,1.186750,1.189770,1.187720,1.190290,1.186630,1.189600
2017/08/31 09:00:00,1.189770,1.190630,1.182360,1.189060,1.189600,1.190530,1.182250,1.188940
2017/08/31 15:00:00,1.189060,1.191350,1.187090,1.191040,1.188940,1.191250,1.186980,1.190870
2017/08/31 21:00:00,1.191040,1.192370,1.190480,1.190610,1.190870,1.192240,1.190350,1.190490
2017/09/01 03:00:00,1.190610,1.190950,1.187960,1.189350,1.190490,1.190830,1.187850,1.189260
2017/09/01 09:00:00,1.189350,1.198040,1.185030,1.187880,1.189260,1.197930,1.184860,1.187760
2017/09/01 15:00:00,1.187880,1.188980,1.185580,1.186340,1.187760,1.188890,1.185470,1.186080
2017/09/03 15:00:00,1.186340,1.189260,1.185450,1.188560,1.186080,1.189020,1.185240,1.188380
2017/09/03 21:00:00,1.188560,1.189060,1.187530,1.188430,1.188380,1.188950,1.187190,1.188340
2017/09/04 03:00:00,1.188430,1.192130,1.187920,1.191920,1.188340,1.192040,1.187810,1.191810
2017/09/04 09:00:00,1.191920,1.192270,1.188960,1.191290,1.191810,1.192160,1.188860,1.191180
2017/09/04 15:00:00,1.191290,1.192050,1.188980,1.190190,1.191180,1.191940,1.188820,1.189220
2017/09/04 21:00:00,1.190190,1.191040,1.189060,1.190660,1.189220,1.190920,1.188940,1.190550
2017/09/05 03:00:00,1.190660,1.191200,1.186880,1.188530,1.190550,1.191070,1.186770,1.188420
2017/09/05 09:00:00,1.188530,1.194140,1.187710,1.191900,1.188420,1.194030,1.187600,1.191790
2017/09/05 15:00:00,1.191900,1.193080,1.189540,1.191640,1.191790,1.192970,1.189430,1.191070
2017/09/05 21:00:00,1.191640,1.192530,1.190360,1.191260,1.191070,1.192410,1.190250,1.191150
2017/09/06 03:00:00,1.191260,1.195020,1.190710,1.194450,1.191150,1.194910,1.190600,1.194340
2017/09/06 09:00:00,1.194450,1.195020,1.191440,1.194030,1.194340,1.194900,1.191320,1.193910
2017/09/06 15:00:00,1.194030,1.195080,1.190850,1.191770,1.193910,1.195000,1.190720,1.191620
2017/09/06 21:00:00,1.191770,1.193540,1.191700,1.192610,1.191620,1.193420,1.191320,1.192500
2017/09/07 03:00:00,1.192610,1.197120,1.191470,1.195990,1.192500,1.197000,1.191360,1.195870
2017/09/07 09:00:00,1.195990,1.206020,1.193040,1.201120,1.195870,1.205910,1.192850,1.200990
2017/09/07 15:00:00,1.201120,1.203270,1.198530,1.202740,1.200990,1.203140,1.198420,1.202210
2017/09/07 21:00:00,1.202740,1.209040,1.201840,1.207200,1.202210,1.208930,1.201740,1.207070
2017/09/08 03:00:00,1.207200,1.209310,1.203690,1.206400,1.207070,1.209190,1.203590,1.206290
2017/09/08 09:00:00,1.206400,1.207430,1.201510,1.201750,1.206290,1.207320,1.201410,1.201620
2017/09/08 15:00:00,1.201750,1.204460,1.201720,1.204150,1.201620,1.204350,1.201620,1.203440
2017/09/10 15:00:00,1.204150,1.204150,1.201360,1.202260,1.203440,1.203440,1.201050,1.201440
2017/09/10 21:00:00,1.202260,1.202810,1.199960,1.201770,1.201440,1.202500,1.199840,1.201650
2017/09/11 03:00:00,1.201770,1.203010,1.199380,1.202190,1.201650,1.202910,1.199260,1.202080
2017/09/11 09:00:00,1.202190,1.202620,1.197190,1.198340,1.202080,1.202520,1.197100,1.198220
2017/09/11 15:00:00,1.198340,1.198750,1.194830,1.195350,1.198220,1.198650,1.194740,1.195090
2017/09/11 21:00:00,1.195350,1.196500,1.194640,1.196190,1.195090,1.196380,1.194520,1.196070
2017/09/12 03:00:00,1.196190,1.197880,1.194730,1.195870,1.196070,1.197770,1.194610,1.195750
2017/09/12 09:00:00,1.195870,1.196900,1.192680,1.195430,1.195750,1.196790,1.192570,1.195310
2017/09/12 15:00:00,1.195430,1.197440,1.195170,1.196750,1.195310,1.197330,1.195060,1.196600
2017/09/12 21:00:00,1.196750,1.199380,1.196030,1.198570,1.196600,1.199260,1.195890,1.198450
2017/09/13 03:00:00,1.198570,1.199560,1.196910,1.197970,1.198450,1.199440,1.196810,1.197860
2017/09/13 09:00:00,1.197970,1.199030,1.190510,1.191690,1.197860,1.198920,1.190380,1.191570
2017/09/13 15:00:00,1.191690,1.191910,1.187360,1.188630,1.191570,1.191790,1.187260,1.188470
2017/09/13 21:00:00,1.188630,1.189500,1.187100,1.187610,1.188470,1.189370,1.186990,1.187530
2017/09/14 03:00:00,1.187610,1.191040,1.186650,1.190520,1.187530,1.190940,1.186530,1.190420
2017/09/14 09:00:00,1.190520,1.190960,1.183790,1.187370,1.190420,1.190860,1.183670,1.187260
2017/09/14 15:00:00,1.187370,1.192290,1.187060,1.191910,1.187260,1.192180,1.186970,1.191760
2017/09/14 21:00:00,1.191910,1.192440,1.190160,1.191590,1.191760,1.192330,1.190050,1.191470
2017/09/15 03:00:00,1.191590,1.194050,1.190500,1.192990,1.191470,1.193950,1.190380,1.192880
2017/09/15 09:00:00,1.192990,1.198820,1.192710,1.196390,1.192880,1.198680,1.192610,1.196270
2017/09/15 15:00:00,1.196390,1.197210,1.193010,1.194720,1.196270,1.197090,1.192900,1.194000
2017/09/17 15:00:00,1.194720,1.194720,1.192180,1.192190,1.194000,1.194000,1.191850,1.192040
2017/09/17 21:00:00,1.192190,1.195570,1.192080,1.194610,1.192040,1.195440,1.191940,1.194490
2017/09/18 03:00:00,1.194610,1.195690,1.191530,1.193960,1.194490,1.195560,1.191410,1.193850
2017/09/18 09:00:00,1.193960,1.197000,1.193790,1.195640,1.193850,1.196880,1.193670,1.195520
2017/09/18 15:00:00,1.195640,1.196430,1.192310,1.195490,1.195520,1.196310,1.192180,1.194820
2017/09/18 21:00:00,1.195490,1.197550,1.195070,1.196700,1.194820,1.197430,1.194820,1.196580
2017/09/19 03:00:00,1.196700,1.200680,1.196540,1.198540,1.196580,1.200600,1.196440,1.198380
2017/09/19 09:00:00,1.198540,1.199530,1.195430,1.197810,1.198380,1.199420,1.195250,1.197690
2017/09/19 15:00:00,1.197810,1.200740,1.196100,1.199500,1.197690,1.200610,1.195970,1.199390
2017/09/19 21:00:00,1.199500,1.202020,1.198730,1.200820,1.199390,1.201910,1.198630,1.200710
2017/09/20 03:00:00,1.200820,1.201660,1.199630,1.200750,1.200710,1.201560,1.199520,1.200650
2017/09/20 09:00:00,1.200750,1.202270,1.198930,1.199570,1.200650,1.202140,1.198840,1.199460
2017/09/20 15:00:00,1.199570,1.203690,1.186190,1.189520,1.199460,1.203380,1.186070,1.188990
2017/09/20 21:00:00,1.189520,1.189950,1.186630,1.188600,1.188990,1.189700,1.186530,1.188490
2017/09/21 03:00:00,1.188600,1.191890,1.187710,1.191400,1.188490,1.191770,1.187600,1.191280
2017/09/21 09:00:00,1.191400,1.192970,1.189140,1.192290,1.191280,1.192860,1.189020,1.192180
2017/09/21 15:00:00,1.192290,1.195440,1.191740,1.194210,1.192180,1.195330,1.191610,1.194100
2017/09/21 21:00:00,1.194210,1.196020,1.193830,1.195640,1.194100,1.195910,1.193630,1.195530
2017/09/22 03:00:00,1.195640,1.200330,1.195380,1.199080,1.195530,1.200240,1.195250,1.198970
2017/09/22 09:00:00,1.199080,1.200520,1.195890,1.196850,1.198970,1.200420,1.195770,1.196730
2017/09/22 15:00:00,1.196850,1.197340,1.193770,1.194830,1.196730,1.197240,1.193660,1.194690
2017/09/24 15:00:00,1.194830,1.194830,1.189760,1.189980,1.194690,1.194690,1.189590,1.189850
2017/09/24 21:00:00,1.189980,1.193550,1.189940,1.193190,1.189850,1.193440,1.189590,1.193060
2017/09/25 03:00:00,1.193190,1.193720,1.189910,1.190590,1.193060,1.193600,1.189810,1.190480
2017/09/25 09:00:00,1.190590,1.190730,1.186260,1.186670,1.190480,1.190630,1.186150,1.186560
2017/09/25 15:00:00,1.186670,1.187330,1.183250,1.184930,1.186560,1.187220,1.183160,1.184770
2017/09/25 21:00:00,1.184930,1.186190,1.184600,1.185850,1.184770,1.186060,1.184410,1.185750
2017/09/26 03:00:00,1.185850,1.186220,1.181030,1.181780,1.185750,1.186110,1.180920,1.181660
2017/09/26 09:00:00,1.181780,1.182970,1.176470,1.176670,1.181660,1.182860,1.176360,1.176560
2017/09/26 15:00:00,1.176670,1.181100,1.175770,1.179430,1.176560,1.180990,1.175700,1.179130
2017/09/26 21:00:00,1.179430,1.179600,1.177740,1.178950,1.179130,1.179480,1.177610,1.178840
2017/09/27 03:00:00,1.178950,1.179290,1.173170,1.173670,1.178840,1.179190,1.173060,1.173570
2017/09/27 09:00:00,1.173670,1.175750,1.171750,1.173280,1.173570,1.175650,1.171660,1.173170
2017/09/27 15:00:00,1.173280,1.177710,1.172870,1.174550,1.173170,1.177610,1.172770,1.174390
2017/09/27 21:00:00,1.174550,1.175670,1.173400,1.174070,1.174390,1.175590,1.173280,1.173950
2017/09/28 03:00:00,1.174070,1.177300,1.172180,1.176710,1.173950,1.177190,1.172070,1.176600
2017/09/28 09:00:00,1.176710,1.180480,1.175930,1.178480,1.176600,1.180360,1.175820,1.178380
2017/09/28 15:00:00,1.178480,1.179410,1.177350,1.178680,1.178380,1.179310,1.177230,1.178520
2017/09/28 21:00:00,1.178680,1.179120,1.177630,1.177640,1.178520,1.179010,1.177540,1.177550
2017/09/29 03:00:00,1.177640,1.180940,1.177310,1.180030,1.177550,1.180850,1.177200,1.179920
2017/09/29 09:00:00,1.180030,1.183310,1.178950,1.182100,1.179920,1.183200,1.178830,1.181990
2017/09/29 15:00:00,1.182100,1.182670,1.179990,1.181910,1.181990,1.182570,1.179900,1.181140
2017/10/01 15:00:00,1.181910,1.181910,1.177670,1.179510,1.181140,1.181140,1.177540,1.178790
2017/10/01 21:00:00,1.179510,1.181640,1.177130,1.177630,1.178790,1.181460,1.176990,1.177530
2017/10/02 03:00:00,1.177630,1.178080,1.173390,1.174530,1.177530,1.177970,1.173320,1.174470
2017/10/02 09:00:00,1.174530,1.176390,1.173070,1.173590,1.174470,1.176280,1.172970,1.173470
2017/10/02 15:00:00,1.173590,1.175020,1.173120,1.173380,1.173470,1.174910,1.173000,1.173150
2017/10/02 21:00:00,1.173380,1.174090,1.170260,1.171310,1.173150,1.173960,1.170140,1.171190
2017/10/03 03:00:00,1.171310,1.174830,1.169640,1.173330,1.171190,1.174720,1.169560,1.173240
2017/10/03 09:00:00,1.173330,1.177430,1.173330,1.175360,1.173240,1.177320,1.173210,1.175260
2017/10/03 15:00:00,1.175360,1.176470,1.173970,1.174530,1.175260,1.176370,1.173870,1.174350
2017/10/03 21:00:00,1.174530,1.178040,1.173620,1.176870,1.174350,1.177930,1.173450,1.176760
2017/10/04 03:00:00,1.176870,1.177750,1.174780,1.175720,1.176760,1.177630,1.174670,1.175610
2017/10/04 09:00:00,1.175720,1.178910,1.174720,1.176020,1.175610,1.178740,1.174610,1.175910
2017/10/04 15:00:00,1.176020,1.176720,1.175420,1.176180,1.175910,1.176610,1.175320,1.175790
2017/10/04 21:00:00,1.176180,1.176460,1.175180,1.175840,1.175790,1.176270,1.175070,1.175710
2017/10/05 03:00:00,1.175840,1.177960,1.174840,1.177590,1.175710,1.177840,1.174730,1.177480
2017/10/05 09:00:00,1.177590,1.177640,1.171290,1.171470,1.177480,1.177540,1.171190,1.171360
2017/10/05 15:00:00,1.171470,1.171650,1.169970,1.171230,1.171360,1.171550,1.169860,1.171020
2017/10/05 21:00:00,1.171230,1.171630,1.169960,1.170900,1.171020,1.171520,1.169860,1.170780
2017/10/06 03:00:00,1.170900,1.170900,1.168650,1.169700,1.170780,1.170790,1.168550,1.169590
2017/10/06 09:00:00,1.169700,1.173940,1.166990,1.173230,1.169590,1.173860,1.166860,1.173110
2017/10/06 15:00:00,1.173230,1.173890,1.171940,1.173730,1.173110,1.173780,1.171830,1.173300
2017/10/08 15:00:00,1.173730,1.173960,1.171970,1.173160,1.173300,1.173740,1.171510,1.172720
2017/10/08 21:00:00,1.173160,1.174830,1.173160,1.174190,1.172720,1.174710,1.172720,1.174070
2017/10/09 03:00:00,1.174190,1.174320,1.172010,1.173620,1.174070,1.174210,1.171900,1.173520
2017/10/09 09:00:00,1.173620,1.174850,1.172570,1.173850,1.173520,1.174750,1.172470,1.173750
2017/10/09 15:00:00,1.173850,1.175650,1.173680,1.174140,1.173750,1.175570,1.173570,1.173950
2017/10/09 21:00:00,1.174140,1.178290,1.174000,1.177240,1.173950,1.178200,1.173850,1.177120
2017/10/10 03:00:00,1.177240,1.178880,1.176290,1.177910,1.177120,1.178870,1.176180,1.177790
2017/10/10 09:00:00,1.177910,1.181870,1.177410,1.181810,1.177790,1.181780,1.177300,1.181690
2017/10/10 15:00:00,1.181810,1.182610,1.179590,1.180920,1.181690,1.182510,1.179500,1.180710
2017/10/10 21:00:00,1.180920,1.182840,1.179580,1.180300,1.180710,1.182720,1.179470,1.180190
2017/10/11 03:00:00,1.180300,1.184550,1.180100,1.182780,1.180190,1.184440,1.179980,1.182680
2017/10/11 09:00:00,1.182780,1.185890,1.180200,1.184490,1.182680,1.185790,1.180090,1.184390
2017/10/11 15:00:00,1.184490,1.186980,1.184040,1.186120,1.184390,1.186870,1.183920,1.185750
2017/10/11 21:00:00,1.186120,1.187650,1.185810,1.187480,1.185750,1.187550,1.185540,1.187360
2017/10/12 03:00:00,1.187480,1.188040,1.185660,1.186290,1.187360,1.187980,1.185550,1.186180
2017/10/12 09:00:00,1.186290,1.186670,1.182940,1.184720,1.186180,1.186560,1.182820,1.184610
2017/10/12 15:00:00,1.184720,1.185130,1.182760,1.183110,1.184610,1.185010,1.182650,1.182910
2017/10/12 21:00:00,1.183110,1.185210,1.182590,1.184970,1.182910,1.185100,1.182470,1.184850
2017/10/13 03:00:00,1.184970,1.185220,1.181570,1.183170,1.184850,1.185110,1.181460,1.183050
2017/10/13 09:00:00,1.183170,1.187550,1.180590,1.183600,1.183050,1.187460,1.180480,1.183490
2017/10/13 15:00:00,1.183600,1.184950,1.181120,1.182550,1.183490,1.184840,1.181010,1.181710
2017/10/15 15:00:00,1.182550,1.182550,1.181480,1.181570,1.181710,1.181710,1.180990,1.180990
2017/10/15 21:00:00,1.181570,1.181990,1.179870,1.180840,1.180990,1.181890,1.179750,1.180720
2017/10/16 03:00:00,1.180840,1.181130,1.178090,1.179040,1.180720,1.181010,1.178000,1.178930
2017/10/16 09:00:00,1.179040,1.181750,1.178490,1.179700,1.178930,1.181650,1.178380,1.179580
2017/10/16 15:00:00,1.179700,1.182030,1.178650,1.179710,1.179580,1.181920,1.178560,1.179500
2017/10/16 21:00:00,1.179710,1.180100,1.177560,1.178400,1.179500,1.179960,1.177440,1.178280
2017/10/17 03:00:00,1.178400,1.178470,1.175550,1.176570,1.178280,1.178350,1.175460,1.176420
2017/10/17 09:00:00,1.176570,1.177030,1.173670,1.175140,1.176420,1.176930,1.173560,1.175040
2017/10/17 15:00:00,1.175140,1.177560,1.174510,1.176730,1.175040,1.177460,1.174410,1.176540
2017/10/17 21:00:00,1.176730,1.178140,1.176500,1.177300,1.176540,1.178030,1.176350,1.177190
2017/10/18 03:00:00,1.177300,1.177360,1.174460,1.174610,1.177190,1.177240,1.174350,1.174500
2017/10/18 09:00:00,1.174610,1.178080,1.173070,1.177790,1.174500,1.177980,1.172970,1.177680
2017/10/18 15:00:00,1.177790,1.180600,1.176730,1.178830,1.177680,1.180490,1.176620,1.178700
2017/10/18 21:00:00,1.178830,1.181720,1.178830,1.179940,1.178700,1.181630,1.178590,1.179820
2017/10/19 03:00:00,1.179940,1.182320,1.176860,1.180700,1.179820,1.182210,1.176750,1.180590
2017/10/19 09:00:00,1.180700,1.185860,1.180100,1.185300,1.180590,1.185760,1.180000,1.185180
2017/10/19 15:00:00,1.185300,1.185840,1.182680,1.185440,1.185180,1.185730,1.182570,1.185040
2017/10/19 21:00:00,1.185440,1.185860,1.180800,1.181020,1.185040,1.185750,1.180700,1.180910
2017/10/20 03:00:00,1.181020,1.182690,1.179110,1.180390,1.180910,1.182580,1.179020,1.180270
2017/10/20 09:00:00,1.180390,1.182130,1.178120,1.178690,1.180270,1.182020,1.178020,1.178580
2017/10/20 15:00:00,1.178690,1.179040,1.176300,1.178270,1.178580,1.178930,1.176200,1.177680
2017/10/22 15:00:00,1.178270,1.178270,1.176020,1.176600,1.177680,1.177680,1.175640,1.176360
2017/10/22 21:00:00,1.176600,1.177540,1.175180,1.176970,1.176360,1.177400,1.175080,1.176850
2017/10/23 03:00:00,1.176970,1.177790,1.174070,1.174680,1.176850,1.177690,1.173970,1.174570
2017/10/23 09:00:00,1.174680,1.175740,1.173370,1.174580,1.174570,1.175640,1.173280,1.174490
2017/10/23 15:00:00,1.174580,1.176410,1.172530,1.175000,1.174490,1.176300,1.172440,1.174880
2017/10/23 21:00:00,1.175000,1.176590,1.174760,1.176150,1.174880,1.176470,1.174450,1.176030
2017/10/24 03:00:00,1.176150,1.177070,1.174340,1.176450,1.176030,1.176960,1.174230,1.176370
2017/10/24 09:00:00,1.176450,1.177770,1.175170,1.176240,1.176370,1.177670,1.175070,1.176130
2017/10/24 15:00:00,1.176240,1.179350,1.175690,1.176270,1.176130,1.179240,1.175580,1.176130
2017/10/24 21:00:00,1.176270,1.177070,1.175370,1.176060,1.176130,1.176960,1.175260,1.175940
2017/10/25 03:00:00,1.176060,1.177550,1.175410,1.176810,1.175940,1.177450,1.175300,1.176710
2017/10/25 09:00:00,1.176810,1.181790,1.176040,1.181180,1.176710,1.181680,1.175930,1.181060
2017/10/25 15:00:00,1.181180,1.181830,1.180050,1.181370,1.181060,1.181730,1.179970,1.181230
2017/10/25 21:00:00,1.181370,1.183340,1.181310,1.182480,1.181230,1.183240,1.181120,1.182360
2017/10/26 03:00:00,1.182480,1.183740,1.181320,1.181440,1.182360,1.183640,1.181210,1.181320
2017/10/26 09:00:00,1.181440,1.181900,1.169980,1.170390,1.181320,1.181630,1.169900,1.170280
2017/10/26 15:00:00,1.170390,1.170810,1.164100,1.165100,1.170280,1.170690,1.163990,1.164950
2017/10/26 21:00:00,1.165100,1.165810,1.162500,1.163640,1.164950,1.165640,1.162390,1.163520
2017/10/27 03:00:00,1.163640,1.164440,1.161640,1.162770,1.163520,1.164330,1.161530,1.162670
2017/10/27 09:00:00,1.162770,1.163930,1.157900,1.158080,1.162670,1.163820,1.157790,1.157990
2017/10/27 15:00:00,1.158080,1.161390,1.157440,1.161320,1.157990,1.160860,1.157370,1.160500
2017/10/29 15:00:00,1.161320,1.161910,1.160480,1.161450,1.160500,1.161420,1.159950,1.160870
2017/10/29 21:00:00,1.161450,1.161670,1.159450,1.160980,1.160870,1.161490,1.159320,1.160860
2017/10/30 03:00:00,1.160980,1.163610,1.160210,1.163450,1.160860,1.163490,1.160100,1.163330
2017/10/30 09:00:00,1.163450,1.164260,1.160410,1.161780,1.163330,1.164170,1.160310,1.161670
2017/10/30 15:00:00,1.161780,1.165850,1.161330,1.165140,1.161670,1.165740,1.161230,1.165010
2017/10/30 21:00:00,1.165140,1.165360,1.163330,1.163890,1.165010,1.165250,1.163230,1.163770
2017/10/31 03:00:00,1.163890,1.165070,1.162580,1.164180,1.163770,1.164950,1.162470,1.164080
2017/10/31 09:00:00,1.164180,1.164740,1.162550,1.163870,1.164080,1.164340,1.162440,1.163760
2017/10/31 15:00:00,1.163870,1.166210,1.163060,1.164700,1.163760,1.166100,1.162950,1.164560
2017/10/31 21:00:00,1.164700,1.165540,1.163190,1.163270,1.164560,1.165450,1.163080,1.163180
2017/11/01 03:00:00,1.163270,1.165780,1.162610,1.164060,1.163180,1.165700,1.162520,1.163950
2017/11/01 09:00:00,1.164060,1.164610,1.160680,1.163280,1.163950,1.164490,1.160580,1.163170
2017/11/01 15:00:00,1.163280,1.164210,1.161090,1.162020,1.163170,1.164090,1.160990,1.161720
2017/11/01 21:00:00,1.162020,1.167250,1.161400,1.165430,1.161720,1.167130,1.161270,1.165310
2017/11/02 03:00:00,1.165430,1.166330,1.162650,1.163330,1.165310,1.166220,1.162540,1.163220
2017/11/02 09:00:00,1.163330,1.168780,1.163230,1.166290,1.163220,1.168690,1.163130,1.166170
2017/11/02 15:00:00,1.166290,1.167890,1.164850,1.165910,1.166170,1.167790,1.164760,1.165780
2017/11/02 21:00:00,1.165910,1.166680,1.165490,1.165950,1.165780,1.166590,1.165380,1.165840
2017/11/03 03:00:00,1.165950,1.166860,1.164250,1.164800,1.165840,1.166750,1.164140,1.164700
2017/11/03 09:00:00,1.164800,1.169680,1.160670,1.160980,1.164700,1.169130,1.160570,1.160860
2017/11/03 15:00:00,1.160980,1.162060,1.159970,1.161160,1.160860,1.161950,1.159870,1.160680
2017/11/05 16:00:00,1.161160,1.162110,1.161160,1.161860,1.160680,1.161940,1.160680,1.161350
2017/11/05 22:00:00,1.161860,1.162470,1.159710,1.161450,1.161350,1.162350,1.159630,1.161360
2017/11/06 04:00:00,1.161450,1.161730,1.158880,1.160320,1.161360,1.161630,1.158770,1.160220
2017/11/06 10:00:00,1.160320,1.161470,1.158080,1.158560,1.160220,1.161350,1.157980,1.158450
2017/11/06 16:00:00,1.158560,1.161670,1.158470,1.161170,1.158450,1.161560,1.158350,1.160770
2017/11/06 22:00:00,1.161170,1.161740,1.160260,1.161220,1.160770,1.161500,1.160130,1.161110
2017/11/07 04:00:00,1.161220,1.161270,1.156650,1.156780,1.161110,1.161160,1.156530,1.156660
2017/11/07 10:00:00,1.156780,1.159110,1.155430,1.157570,1.156660,1.158990,1.155340,1.157460
2017/11/07 16:00:00,1.157570,1.159330,1.156380,1.158750,1.157460,1.159220,1.156340,1.158510
2017/11/07 22:00:00,1.158750,1.160690,1.158750,1.159710,1.158510,1.160570,1.158490,1.159610
2017/11/08 04:00:00,1.159710,1.161180,1.158570,1.159280,1.159610,1.161070,1.158460,1.159180
2017/11/08 10:00:00,1.159280,1.160720,1.158430,1.158590,1.159180,1.160620,1.158320,1.158470
2017/11/08 16:00:00,1.158590,1.159940,1.157950,1.159690,1.158470,1.159850,1.157870,1.159400
2017/11/08 22:00:00,1.159690,1.160080,1.158620,1.159270,1.159400,1.159960,1.158510,1.159160
2017/11/09 04:00:00,1.159270,1.161640,1.159030,1.160270,1.159160,1.161520,1.158930,1.160170
2017/11/09 10:00:00,1.160270,1.164490,1.159970,1.162470,1.160170,1.164400,1.159860,1.162370
2017/11/09 16:00:00,1.162470,1.165540,1.162460,1.164250,1.162370,1.165450,1.162360,1.164110
2017/11/09 22:00:00,1.164250,1.165510,1.163920,1.164820,1.164110,1.165400,1.163800,1.164700
2017/11/10 04:00:00,1.164820,1.166280,1.162330,1.166070,1.164700,1.166170,1.162240,1.165970
2017/11/10 10:00:00,1.166070,1.167850,1.163890,1.166180,1.165970,1.167740,1.163800,1.166080
2017/11/10 16:00:00,1.166180,1.166940,1.165120,1.166700,1.166080,1.166850,1.165030,1.166220
2017/11/12 16:00:00,1.166700,1.167120,1.165710,1.166080,1.166220,1.166700,1.165010,1.165550
2017/11/12 22:00:00,1.166080,1.166830,1.164560,1.165600,1.165550,1.166430,1.164440,1.165490
2017/11/13 04:00:00,1.165600,1.166080,1.163810,1.164200,1.165490,1.165960,1.163690,1.164090
2017/11/13 10:00:00,1.164200,1.167580,1.163880,1.166520,1.164090,1.167480,1.163780,1.166400
2017/11/13 16:00:00,1.166520,1.167160,1.165560,1.166780,1.166400,1.167070,1.165460,1.166630
2017/11/13 22:00:00,1.166780,1.167660,1.166210,1.167210,1.166630,1.167580,1.166090,1.167100
2017/11/14 04:00:00,1.167210,1.172070,1.166540,1.171870,1.167100,1.171960,1.166440,1.171760
2017/11/14 10:00:00,1.171870,1.176460,1.171340,1.175590,1.171760,1.176340,1.171230,1.175490
2017/11/14 16:00:00,1.175590,1.180580,1.175180,1.179850,1.175490,1.180460,1.175090,1.179710
2017/11/14 22:00:00,1.179850,1.180340,1.178640,1.179750,1.179710,1.180180,1.178540,1.179640
2017/11/15 04:00:00,1.179750,1.185360,1.178540,1.184020,1.179640,1.185260,1.178420,1.183910
2017/11/15 10:00:00,1.184020,1.186150,1.180010,1.180140,1.183910,1.186060,1.179890,1.180030
2017/11/15 16:00:00,1.180140,1.180420,1.178930,1.179230,1.180030,1.180330,1.178820,1.178990
2017/11/15 22:00:00,1.179230,1.179320,1.176880,1.177810,1.178990,1.179150,1.176750,1.177700
2017/11/16 04:00:00,1.177810,1.180160,1.177190,1.177670,1.177700,1.180050,1.177070,1.177550
2017/11/16 10:00:00,1.177670,1.178570,1.175720,1.177390,1.177550,1.178460,1.175610,1.177280
2017/11/16 16:00:00,1.177390,1.177970,1.175980,1.177120,1.177280,1.177860,1.175880,1.176850
2017/11/16 22:00:00,1.177120,1.182240,1.176600,1.180930,1.176850,1.182130,1.176480,1.180800
2017/11/17 04:00:00,1.180930,1.181650,1.178450,1.179430,1.180800,1.181550,1.178340,1.179320
2017/11/17 10:00:00,1.179430,1.181320,1.177450,1.178140,1.179320,1.181210,1.177340,1.178030
2017/11/17 16:00:00,1.178140,1.180670,1.177690,1.179530,1.178030,1.180550,1.177580,1.178690
2017/11/19 16:00:00,1.179530,1.179530,1.178980,1.178980,1.178690,1.178690,1.178360,1.178450
2017/11/19 22:00:00,1.178980,1.179920,1.172300,1.173730,1.178450,1.179650,1.172160,1.173610
2017/11/20 04:00:00,1.173730,1.180930,1.172810,1.179520,1.173610,1.180820,1.172700,1.179400
2017/11/20 10:00:00,1.179520,1.179720,1.174270,1.174860,1.179400,1.179590,1.174160,1.174750
2017/11/20 16:00:00,1.174860,1.175580,1.172860,1.173310,1.174750,1.175470,1.172750,1.173170
2017/11/20 22:00:00,1.173310,1.174510,1.173090,1.173880,1.173170,1.174410,1.172960,1.173770
2017/11/21 04:00:00,1.173880,1.175830,1.171450,1.172920,1.173770,1.175720,1.171350,1.172800
2017/11/21 10:00:00,1.172920,1.174730,1.171330,1.172570,1.172800,1.174610,1.171240,1.172470
2017/11/21 16:00:00,1.172570,1.175260,1.172460,1.173870,1.172470,1.175150,1.172360,1.173730
2017/11/21 22:00:00,1.173870,1.174840,1.173350,1.173940,1.173730,1.174730,1.173170,1.173810
2017/11/22 04:00:00,1.173940,1.177380,1.173850,1.175720,1.173810,1.177270,1.173730,1.175600
2017/11/22 10:00:00,1.175720,1.179740,1.173610,1.178660,1.175600,1.179640,1.173500,1.178550
2017/11/22 16:00:00,1.178660,1.182760,1.178400,1.182350,1.178550,1.182650,1.178300,1.182200
2017/11/22 22:00:00,1.182350,1.183890,1.181380,1.183300,1.182200,1.183770,1.181260,1.183190
2017/11/23 04:00:00,1.183300,1.184730,1.182440,1.184320,1.183190,1.184620,1.182330,1.184220
2017/11/23 10:00:00,1.184320,1.185670,1.183870,1.184380,1.184220,1.185550,1.183770,1.184260
2017/11/23 16:00:00,1.184380,1.185530,1.184050,1.185270,1.184260,1.185410,1.183960,1.184780
2017/11/23 22:00:00,1.185270,1.185650,1.183740,1.184910,1.184780,1.185540,1.183630,1.184790
2017/11/24 04:00:00,1.184910,1.187530,1.183740,1.186890,1.184790,1.187430,1.183640,1.186780
2017/11/24 10:00:00,1.186890,1.193920,1.185580,1.193490,1.186780,1.193800,1.185480,1.193380
2017/11/24 16:00:00,1.193490,1.194490,1.192360,1.193730,1.193380,1.194380,1.192240,1.192850
2017/11/26 16:00:00,1.193730,1.194510,1.192950,1.193010,1.192850,1.193890,1.192160,1.192300
2017/11/26 22:00:00,1.193010,1.193690,1.191240,1.192550,1.192300,1.193560,1.191130,1.192430
2017/11/27 04:00:00,1.192550,1.195760,1.191800,1.193100,1.192430,1.195660,1.191680,1.193010
2017/11/27 10:00:00,1.193100,1.196180,1.191570,1.191950,1.193010,1.196070,1.191460,1.191840
2017/11/27 16:00:00,1.191950,1.192700,1.189620,1.189900,1.191840,1.192580,1.189510,1.189760
2017/11/27 22:00:00,1.189900,1.190930,1.189250,1.190460,1.189760,1.190830,1.189020,1.190360
2017/11/28 04:00:00,1.190460,1.192050,1.188580,1.189230,1.190360,1.191950,1.188480,1.189120
2017/11/28 10:00:00,1.189230,1.190090,1.186460,1.187030,1.189120,1.189980,1.186360,1.186930
2017/11/28 16:00:00,1.187030,1.188590,1.182760,1.184330,1.186930,1.188470,1.182650,1.183700
2017/11/28 22:00:00,1.184330,1.185610,1.184020,1.185410,1.183700,1.185500,1.183660,1.185300
2017/11/29 04:00:00,1.185410,1.188350,1.184860,1.186710,1.185300,1.188240,1.184730,1.186600
2017/11/29 10:00:00,1.186710,1.186800,1.181760,1.185020,1.186600,1.186690,1.181640,1.184900
2017/11/29 16:00:00,1.185020,1.186650,1.184680,1.184780,1.184900,1.186570,1.184570,1.184640
2017/11/29 22:00:00,1.184780,1.187160,1.184760,1.186630,1.184640,1.187050,1.184540,1.186510
2017/11/30 04:00:00,1.186630,1.187660,1.182590,1.183250,1.186510,1.187540,1.182470,1.183140
2017/11/30 10:00:00,1.183250,1.193170,1.180950,1.192340,1.183140,1.193060,1.180830,1.192220
2017/11/30 16:00:00,1.192340,1.193210,1.188600,1.190450,1.192220,1.193120,1.188480,1.190320
2017/11/30 22:00:00,1.190450,1.191650,1.188820,1.191230,1.190320,1.191530,1.188680,1.191110
2017/12/01 04:00:00,1.191230,1.194100,1.190120,1.190320,1.191110,1.193990,1.190020,1.190200
2017/12/01 10:00:00,1.190320,1.191190,1.185140,1.186570,1.190200,1.191080,1.185030,1.186460
2017/12/01 16:00:00,1.186570,1.193550,1.186500,1.190250,1.186460,1.193440,1.186400,1.189420
2017/12/03 16:00:00,1.190250,1.190250,1.185160,1.186510,1.189420,1.189420,1.184940,1.186000
2017/12/03 22:00:00,1.186510,1.187660,1.185660,1.187140,1.186000,1.187550,1.185550,1.187020
2017/12/04 04:00:00,1.187140,1.187920,1.183690,1.185500,1.187020,1.187810,1.183580,1.185380
2017/12/04 10:00:00,1.185500,1.186810,1.182980,1.185030,1.185380,1.186710,1.182870,1.184910
2017/12/04 16:00:00,1.185030,1.186920,1.184220,1.186720,1.184910,1.186790,1.184110,1.186410
2017/12/04 22:00:00,1.186720,1.187730,1.186250,1.187580,1.186410,1.187630,1.186150,1.187460
2017/12/05 04:00:00,1.187580,1.187730,1.184250,1.185380,1.187460,1.187630,1.184130,1.185250
2017/12/05 10:00:00,1.185380,1.187440,1.181350,1.183320,1.185250,1.187340,1.181250,1.183210
2017/12/05 16:00:00,1.183320,1.183360,1.180100,1.182690,1.183210,1.183260,1.180030,1.182470
2017/12/05 22:00:00,1.182690,1.184870,1.181680,1.184330,1.182470,1.184760,1.181580,1.184220
2017/12/06 04:00:00,1.184330,1.184550,1.181290,1.182420,1.184220,1.184460,1.181180,1.182300
2017/12/06 10:00:00,1.182420,1.183400,1.178600,1.178890,1.182300,1.183310,1.178500,1.178770
2017/12/06 16:00:00,1.178890,1.180140,1.178120,1.179660,1.178770,1.180020,1.178010,1.179510
2017/12/06 22:00:00,1.179660,1.180950,1.179330,1.180480,1.179510,1.180830,1.179210,1.180350
2017/12/07 04:00:00,1.180480,1.180730,1.178730,1.178980,1.180350,1.180630,1.178620,1.178860
2017/12/07 10:00:00,1.178980,1.180140,1.177650,1.179020,1.178860,1.180040,1.177560,1.178920
2017/12/07 16:00:00,1.179020,1.181530,1.177250,1.177350,1.178920,1.181420,1.177130,1.177210
2017/12/07 22:00:00,1.177350,1.177740,1.176220,1.176800,1.177210,1.177610,1.176100,1.176690
2017/12/08 04:00:00,1.176800,1.176880,1.173300,1.173730,1.176690,1.176780,1.173190,1.173620
2017/12/08 10:00:00,1.173730,1.177240,1.173060,1.175150,1.173620,1.177150,1.172960,1.175040
2017/12/08 16:00:00,1.175150,1.177770,1.174720,1.177770,1.175040,1.177310,1.174620,1.176890
2017/12/10 16:00:00,1.177770,1.177770,1.176540,1.176760,1.176890,1.176890,1.176100,1.176200
2017/12/10 22:00:00,1.176760,1.178470,1.176560,1.178150,1.176200,1.178390,1.176140,1.178040
2017/12/11 04:00:00,1.178150,1.180130,1.177580,1.179780,1.178040,1.180020,1.177470,1.179700
2017/12/11 10:00:00,1.179780,1.181230,1.177720,1.179600,1.179700,1.181120,1.177620,1.179480
2017/12/11 16:00:00,1.179600,1.180730,1.176450,1.176940,1.179480,1.180620,1.176370,1.176800
2017/12/11 22:00:00,1.176940,1.178050,1.176510,1.176930,1.176800,1.177930,1.176400,1.176830
2017/12/12 04:00:00,1.176930,1.179340,1.176830,1.178440,1.176830,1.179220,1.176720,1.178300
2017/12/12 10:00:00,1.178440,1.178680,1.172260,1.173020,1.178300,1.178560,1.172160,1.172910
2017/12/12 16:00:00,1.173020,1.174940,1.171810,1.174260,1.172910,1.174820,1.171710,1.174130
2017/12/12 22:00:00,1.174260,1.176260,1.173640,1.175840,1.174130,1.176160,1.173490,1.175740
2017/12/13 04:00:00,1.175840,1.176330,1.173820,1.174970,1.175740,1.176230,1.173710,1.174870
2017/12/13 10:00:00,1.174970,1.177150,1.173000,1.175820,1.174870,1.177040,1.172900,1.175720
2017/12/13 16:00:00,1.175820,1.183230,1.175550,1.182660,1.175720,1.183100,1.175440,1.182530
2017/12/13 22:00:00,1.182660,1.184430,1.182240,1.183590,1.182530,1.184340,1.182100,1.183470
2017/12/14 04:00:00,1.183590,1.183880,1.181150,1.181980,1.183470,1.183760,1.181030,1.181870
2017/12/14 10:00:00,1.181980,1.186320,1.177130,1.177820,1.181870,1.186230,1.177060,1.177720
2017/12/14 16:00:00,1.177820,1.180200,1.177130,1.177890,1.177720,1.180090,1.177020,1.177750
2017/12/14 22:00:00,1.177890,1.179180,1.176530,1.178210,1.177750,1.179060,1.176420,1.178080
2017/12/15 04:00:00,1.178210,1.179930,1.177900,1.179760,1.178080,1.179810,1.177780,1.179650
2017/12/15 10:00:00,1.179760,1.181290,1.176210,1.176440,1.179650,1.181180,1.176130,1.176340
2017/12/15 16:00:00,1.176440,1.178260,1.175070,1.175480,1.176340,1.178160,1.174500,1.174600
2017/12/17 16:00:00,1.175480,1.175670,1.174040,1.174720,1.174600,1.175250,1.173690,1.174140
2017/12/17 22:00:00,1.174720,1.176590,1.173900,1.176470,1.174140,1.176470,1.173640,1.176350
2017/12/18 04:00:00,1.176470,1.179560,1.176030,1.178980,1.176350,1.179460,1.175920,1.178870
2017/12/18 10:00:00,1.178980,1.183480,1.178460,1.181260,1.178870,1.183390,1.178360,1.181150
2017/12/18 16:00:00,1.181260,1.181710,1.177560,1.178280,1.181150,1.181600,1.177470,1.178140
2017/12/18 22:00:00,1.178280,1.179060,1.177700,1.178960,1.178140,1.178950,1.177600,1.178830
2017/12/19 04:00:00,1.178960,1.181920,1.178780,1.180710,1.178830,1.181810,1.178660,1.180590
2017/12/19 10:00:00,1.180710,1.183250,1.180040,1.181030,1.180590,1.183140,1.179940,1.180920
2017/12/19 16:00:00,1.181030,1.184940,1.180560,1.184090,1.180920,1.184820,1.180460,1.183800
2017/12/19 22:00:00,1.184090,1.184760,1.183610,1.184700,1.183800,1.184640,1.183490,1.184590
2017/12/20 04:00:00,1.184700,1.185460,1.182950,1.183820,1.184590,1.185380,1.182840,1.183710
2017/12/20 10:00:00,1.183820,1.190230,1.183270,1.188380,1.183710,1.190130,1.183160,1.188270
2017/12/20 16:00:00,1.188380,1.188970,1.186940,1.187230,1.188270,1.188850,1.186820,1.187080
2017/12/20 22:00:00,1.187230,1.188290,1.186520,1.186650,1.187080,1.188150,1.186400,1.186540
2017/12/21 04:00:00,1.186650,1.188740,1.186380,1.188140,1.186540,1.188640,1.186270,1.188030
2017/12/21 10:00:00,1.188140,1.189010,1.184980,1.186080,1.188030,1.188900,1.184880,1.185960
2017/12/21 16:00:00,1.186080,1.187970,1.185920,1.187570,1.185960,1.187860,1.185820,1.187370
2017/12/21 22:00:00,1.187570,1.187630,1.181760,1.184960,1.187370,1.187510,1.181650,1.184840
2017/12/22 04:00:00,1.184960,1.186280,1.184530,1.184940,1.184840,1.186180,1.184420,1.184820
2017/12/22 10:00:00,1.184940,1.185780,1.182880,1.183540,1.184820,1.185660,1.182780,1.183420
2017/12/22 16:00:00,1.183540,1.186720,1.183070,1.186720,1.183420,1.186350,1.182960,1.185840
2017/12/26 04:00:00,1.186720,1.187630,1.185820,1.186150,1.185840,1.187510,1.185700,1.186040
2017/12/26 10:00:00,1.186150,1.187960,1.184720,1.186620,1.186040,1.187830,1.184610,1.186500
2017/12/26 16:00:00,1.186620,1.187250,1.185890,1.185920,1.186500,1.187130,1.185740,1.185760
2017/12/26 22:00:00,1.185920,1.186790,1.185570,1.186420,1.185760,1.186680,1.185460,1.186300
2017/12/27 04:00:00,1.186420,1.189170,1.186280,1.188850,1.186300,1.189050,1.186190,1.188750
2017/12/27 10:00:00,1.188850,1.191090,1.188110,1.189520,1.188750,1.190990,1.187990,1.189420
2017/12/27 16:00:00,1.189520,1.190400,1.188520,1.188900,1.189420,1.190290,1.188410,1.188580
2017/12/27 22:00:00,1.188900,1.191150,1.188900,1.191060,1.188580,1.191040,1.188560,1.190930
2017/12/28 04:00:00,1.191060,1.194720,1.191050,1.193250,1.190930,1.194610,1.190920,1.193140
2017/12/28 10:00:00,1.193250,1.195110,1.192400,1.193790,1.193140,1.195010,1.192290,1.193680
2017/12/28 16:00:00,1.193790,1.195970,1.193760,1.194310,1.193680,1.195860,1.193650,1.194190
2017/12/28 22:00:00,1.194310,1.194990,1.193740,1.194330,1.194190,1.194870,1.193570,1.194210
2017/12/29 04:00:00,1.194330,1.198830,1.194200,1.198190,1.194210,1.198730,1.194090,1.198080
2017/12/29 10:00:00,1.198190,1.201210,1.197400,1.201050,1.198080,1.201110,1.197290,1.200940
2017/12/29 16:00:00,1.201050,1.202610,1.199370,1.200970,1.200940,1.202500,1.199130,1.200440
