StartDate,AskOpen,AskHigh,AskLow,AskClose,BidOpen,BidHigh,BidLow,BidClose
2017/01/02 22:00:00,1.053060,1.053060,1.045840,1.048360,1.051630,1.051630,1.045600,1.048090
2017/01/03 06:00:00,1.048360,1.049050,1.037620,1.039270,1.048090,1.048790,1.037390,1.039030
2017/01/03 14:00:00,1.039270,1.043490,1.034170,1.040760,1.039030,1.043240,1.033910,1.040370
2017/01/03 22:00:00,1.040760,1.042560,1.039080,1.040800,1.040370,1.042270,1.038860,1.040550
2017/01/04 06:00:00,1.040800,1.044790,1.040070,1.044040,1.040550,1.044520,1.039800,1.043800
2017/01/04 14:00:00,1.044040,1.050150,1.043790,1.049330,1.043800,1.049880,1.043540,1.048530
2017/01/04 22:00:00,1.049330,1.056500,1.048220,1.054270,1.048530,1.056240,1.047960,1.054020
2017/01/05 06:00:00,1.054270,1.057650,1.048370,1.053180,1.054020,1.057380,1.048130,1.052940
2017/01/05 14:00:00,1.053180,1.061660,1.052910,1.060960,1.052940,1.061410,1.052680,1.060390
2017/01/05 22:00:00,1.060960,1.061460,1.057710,1.058380,1.060390,1.061190,1.057440,1.058130
2017/01/06 06:00:00,1.058380,1.062520,1.054060,1.054540,1.058130,1.062090,1.053810,1.054280
2017/01/06 14:00:00,1.054540,1.058450,1.052620,1.053830,1.054280,1.058170,1.052390,1.053080
2017/01/08 14:00:00,1.053830,1.053830,1.053110,1.053300,1.053080,1.053080,1.052560,1.052800
2017/01/08 22:00:00,1.053300,1.054590,1.051810,1.052520,1.052800,1.054330,1.051530,1.052260
2017/01/09 06:00:00,1.052520,1.055750,1.051210,1.053590,1.052260,1.055490,1.050950,1.053330
2017/01/09 14:00:00,1.053590,1.058470,1.052570,1.057780,1.053330,1.058210,1.052330,1.057050
2017/01/09 22:00:00,1.057780,1.062870,1.057570,1.061090,1.057050,1.062610,1.056940,1.060830
2017/01/10 06:00:00,1.061090,1.062160,1.055990,1.057600,1.060830,1.061930,1.055740,1.057360
2017/01/10 14:00:00,1.057600,1.060630,1.055200,1.055580,1.057360,1.060390,1.054960,1.055240
2017/01/10 22:00:00,1.055580,1.056740,1.053740,1.055100,1.055240,1.056480,1.053500,1.054850
2017/01/11 06:00:00,1.055100,1.056830,1.049520,1.051450,1.054850,1.056560,1.049260,1.051220
2017/01/11 14:00:00,1.051450,1.062460,1.045520,1.058470,1.051220,1.062180,1.045280,1.058040
2017/01/11 22:00:00,1.058470,1.061540,1.057280,1.061260,1.058040,1.061270,1.057030,1.061010
2017/01/12 06:00:00,1.061260,1.068610,1.060620,1.065380,1.061010,1.068350,1.060370,1.065140
2017/01/12 14:00:00,1.065380,1.067700,1.061190,1.061470,1.065140,1.067460,1.060950,1.061040
2017/01/12 22:00:00,1.061470,1.062190,1.060480,1.061850,1.061040,1.061850,1.060240,1.061600
2017/01/13 06:00:00,1.061850,1.067730,1.061550,1.064650,1.061600,1.067450,1.061320,1.064410
2017/01/13 14:00:00,1.064650,1.065420,1.059730,1.065120,1.064410,1.065160,1.059500,1.063880
2017/01/15 14:00:00,1.065120,1.065120,1.059480,1.060790,1.063880,1.063880,1.058930,1.060210
2017/01/15 22:00:00,1.060790,1.063720,1.060610,1.062210,1.060210,1.063450,1.059980,1.061960
2017/01/16 06:00:00,1.062210,1.063120,1.058040,1.059380,1.061960,1.062850,1.057790,1.059150
2017/01/16 14:00:00,1.059380,1.060990,1.059070,1.060640,1.059150,1.060770,1.058840,1.059440
2017/01/16 22:00:00,1.060640,1.066060,1.059920,1.065880,1.059440,1.065800,1.059380,1.065640
2017/01/17 06:00:00,1.065880,1.072070,1.064140,1.069300,1.065640,1.071850,1.063900,1.069050
2017/01/17 14:00:00,1.069300,1.071820,1.069070,1.071520,1.069050,1.071570,1.068840,1.071140
2017/01/17 22:00:00,1.071520,1.071730,1.068250,1.068590,1.071140,1.071430,1.068000,1.068350
2017/01/18 06:00:00,1.068590,1.070600,1.065680,1.066960,1.068350,1.070370,1.065400,1.066720
2017/01/18 14:00:00,1.066960,1.070430,1.062980,1.063240,1.066720,1.070190,1.062720,1.062770
2017/01/18 22:00:00,1.063240,1.064670,1.062310,1.064050,1.062770,1.064430,1.062080,1.063810
2017/01/19 06:00:00,1.064050,1.067800,1.060410,1.062030,1.063810,1.067560,1.060170,1.061800
2017/01/19 14:00:00,1.062030,1.067090,1.059020,1.066640,1.061800,1.066830,1.058800,1.066150
2017/01/19 22:00:00,1.066640,1.069490,1.065360,1.067350,1.066150,1.069260,1.065110,1.067140
2017/01/20 06:00:00,1.067350,1.069330,1.062640,1.065760,1.067140,1.069100,1.062400,1.065520
2017/01/20 14:00:00,1.065760,1.071090,1.065290,1.070820,1.065520,1.070850,1.065040,1.069730
2017/01/22 14:00:00,1.070820,1.071520,1.070390,1.070500,1.069730,1.071120,1.069730,1.070100
2017/01/22 22:00:00,1.070500,1.075110,1.069750,1.074950,1.070100,1.074870,1.069290,1.074710
2017/01/23 06:00:00,1.074950,1.075610,1.071070,1.073150,1.074710,1.075370,1.070810,1.072900
2017/01/23 14:00:00,1.073150,1.077080,1.070740,1.076690,1.072900,1.076810,1.070500,1.076150
2017/01/23 22:00:00,1.076690,1.077410,1.074650,1.075620,1.076150,1.077220,1.074410,1.075360
2017/01/24 06:00:00,1.075620,1.075830,1.072680,1.074860,1.075360,1.075590,1.072430,1.074620
2017/01/24 14:00:00,1.074860,1.077630,1.072140,1.073380,1.074620,1.077400,1.071910,1.072880
2017/01/24 22:00:00,1.073380,1.073930,1.072310,1.072730,1.072880,1.073670,1.072070,1.072480
2017/01/25 06:00:00,1.072730,1.077120,1.071260,1.074600,1.072480,1.076870,1.071020,1.074360
2017/01/25 14:00:00,1.074600,1.075570,1.072110,1.075090,1.074360,1.075290,1.071880,1.074480
2017/01/25 22:00:00,1.075090,1.076690,1.074660,1.075700,1.074480,1.076460,1.074380,1.075460
2017/01/26 06:00:00,1.075700,1.075800,1.068980,1.069830,1.075460,1.075570,1.068760,1.069590
2017/01/26 14:00:00,1.069830,1.070600,1.065890,1.068430,1.069590,1.070360,1.065650,1.067880
2017/01/26 22:00:00,1.068430,1.069150,1.066940,1.067300,1.067880,1.068750,1.066700,1.067070
2017/01/27 06:00:00,1.067300,1.071010,1.065950,1.069970,1.067070,1.070760,1.065700,1.069740
2017/01/27 14:00:00,1.069970,1.072630,1.068020,1.070210,1.069740,1.072370,1.067780,1.068930
2017/01/29 14:00:00,1.070210,1.073420,1.070210,1.072590,1.068930,1.073100,1.068930,1.072010
2017/01/29 22:00:00,1.072590,1.074180,1.070930,1.072570,1.072010,1.073920,1.070670,1.072330
2017/01/30 06:00:00,1.072570,1.072680,1.062140,1.064580,1.072330,1.072440,1.061910,1.064340
2017/01/30 14:00:00,1.064580,1.071070,1.064120,1.069960,1.064340,1.070830,1.063900,1.069010
2017/01/30 22:00:00,1.069960,1.071390,1.069230,1.070120,1.069010,1.071170,1.068980,1.069880
2017/01/31 06:00:00,1.070120,1.076610,1.068570,1.075660,1.069880,1.076400,1.068330,1.075440
2017/01/31 14:00:00,1.075660,1.081370,1.074990,1.079940,1.075440,1.081120,1.074760,1.079600
2017/01/31 22:00:00,1.079940,1.080620,1.078870,1.079160,1.079600,1.080370,1.078640,1.078950
2017/02/01 06:00:00,1.079160,1.080880,1.076140,1.076170,1.078950,1.080650,1.075900,1.075940
2017/02/01 14:00:00,1.076170,1.079060,1.073400,1.076990,1.075940,1.078820,1.072810,1.076660
2017/02/01 22:00:00,1.076990,1.079680,1.076380,1.079410,1.076660,1.079440,1.076060,1.079170
2017/02/02 06:00:00,1.079410,1.083010,1.077920,1.081570,1.079170,1.082770,1.077670,1.081340
2017/02/02 14:00:00,1.081570,1.082510,1.075700,1.076070,1.081340,1.082270,1.075470,1.075670
2017/02/02 22:00:00,1.076070,1.077310,1.074670,1.075900,1.075670,1.077070,1.074420,1.075670
2017/02/03 06:00:00,1.075900,1.077630,1.071350,1.075740,1.075670,1.077390,1.070760,1.075500
2017/02/03 14:00:00,1.075740,1.079900,1.075700,1.079220,1.075500,1.079660,1.075450,1.078380
2017/02/05 14:00:00,1.079220,1.080610,1.079200,1.079200,1.078380,1.080040,1.078380,1.078840
2017/02/05 22:00:00,1.079200,1.079550,1.077440,1.077590,1.078840,1.079000,1.077200,1.077350
2017/02/06 06:00:00,1.077590,1.077890,1.070960,1.071450,1.077350,1.077660,1.070720,1.071220
2017/02/06 14:00:00,1.071450,1.075630,1.070680,1.075260,1.071220,1.075400,1.070430,1.074790
2017/02/06 22:00:00,1.075260,1.075300,1.070520,1.071380,1.074790,1.074910,1.070270,1.071160
2017/02/07 06:00:00,1.071380,1.071430,1.065720,1.067710,1.071160,1.071190,1.065490,1.067460
2017/02/07 14:00:00,1.067710,1.070750,1.066380,1.068540,1.067460,1.070510,1.066140,1.068230
2017/02/07 22:00:00,1.068540,1.069230,1.066910,1.067830,1.068230,1.068990,1.066650,1.067580
2017/02/08 06:00:00,1.067830,1.068180,1.064190,1.067140,1.067580,1.067930,1.063930,1.066900
2017/02/08 14:00:00,1.067140,1.071550,1.067140,1.070040,1.066900,1.071300,1.066890,1.069680
2017/02/08 22:00:00,1.070040,1.070720,1.067780,1.068200,1.069680,1.069850,1.067530,1.067960
2017/02/09 06:00:00,1.068200,1.071070,1.067130,1.068320,1.067960,1.070850,1.066890,1.068080
2017/02/09 14:00:00,1.068320,1.069530,1.065210,1.066300,1.068080,1.069300,1.064880,1.064960
2017/02/09 22:00:00,1.066300,1.066900,1.065090,1.065420,1.064960,1.066650,1.064880,1.065170
2017/02/10 06:00:00,1.065420,1.066490,1.061760,1.062060,1.065170,1.066250,1.061500,1.061800
2017/02/10 14:00:00,1.062060,1.065440,1.060890,1.064800,1.061800,1.065200,1.060640,1.063420
2017/02/12 14:00:00,1.064800,1.064800,1.062720,1.063060,1.063420,1.063420,1.061700,1.062480
2017/02/12 22:00:00,1.063060,1.064040,1.061320,1.062950,1.062480,1.063510,1.061020,1.062710
2017/02/13 06:00:00,1.062950,1.066010,1.062190,1.062500,1.062710,1.065740,1.061940,1.062260
2017/02/13 14:00:00,1.062500,1.062630,1.059320,1.060320,1.062260,1.062370,1.058970,1.059040
2017/02/13 22:00:00,1.060320,1.062430,1.059260,1.062070,1.059040,1.062190,1.058410,1.061830
2017/02/14 06:00:00,1.062070,1.063490,1.060780,1.061430,1.061830,1.063230,1.060520,1.061170
2017/02/14 14:00:00,1.061430,1.061710,1.056230,1.058630,1.061170,1.061370,1.055970,1.057160
2017/02/14 22:00:00,1.058630,1.058790,1.056630,1.058010,1.057160,1.058510,1.056390,1.057770
2017/02/15 06:00:00,1.058010,1.058390,1.052270,1.053550,1.057770,1.058140,1.052010,1.053300
2017/02/15 14:00:00,1.053550,1.061110,1.053270,1.060200,1.053300,1.060800,1.053020,1.059730
2017/02/15 22:00:00,1.060200,1.062610,1.059260,1.062210,1.059730,1.062310,1.058760,1.061980
2017/02/16 06:00:00,1.062210,1.065700,1.060120,1.063790,1.061980,1.065440,1.059870,1.063590
2017/02/16 14:00:00,1.063790,1.068070,1.063420,1.067580,1.063590,1.067820,1.063160,1.067330
2017/02/16 22:00:00,1.067580,1.067830,1.066260,1.067260,1.067330,1.067550,1.066010,1.067030
2017/02/17 06:00:00,1.067260,1.067470,1.063840,1.065650,1.067030,1.067230,1.063590,1.065400
2017/02/17 14:00:00,1.065650,1.066850,1.060670,1.061430,1.065400,1.066600,1.060300,1.060720
2017/02/19 14:00:00,1.061430,1.061680,1.060990,1.061140,1.060720,1.060780,1.060190,1.060420
2017/02/19 22:00:00,1.061140,1.063450,1.060410,1.061550,1.060420,1.063180,1.060150,1.061320
2017/02/20 06:00:00,1.061550,1.063110,1.060560,1.062200,1.061320,1.062880,1.060310,1.061960
2017/02/20 14:00:00,1.062200,1.062860,1.060870,1.061480,1.061960,1.062620,1.060610,1.060790
2017/02/20 22:00:00,1.061480,1.061960,1.057850,1.058620,1.060790,1.061410,1.057590,1.058390
2017/02/21 06:00:00,1.058620,1.059060,1.053110,1.053820,1.058390,1.058800,1.052870,1.053590
2017/02/21 14:00:00,1.053820,1.055340,1.052700,1.054340,1.053590,1.055100,1.052430,1.052860
2017/02/21 22:00:00,1.054340,1.055780,1.053530,1.054580,1.052860,1.055520,1.052860,1.054330
2017/02/22 06:00:00,1.054580,1.054630,1.049480,1.051570,1.054330,1.054400,1.049250,1.051320
2017/02/22 14:00:00,1.051570,1.057580,1.049740,1.056030,1.051320,1.057290,1.049480,1.055600
2017/02/22 22:00:00,1.056030,1.057380,1.054560,1.056720,1.055600,1.057130,1.054270,1.056470
2017/02/23 06:00:00,1.056720,1.058650,1.053880,1.058080,1.056470,1.058400,1.053620,1.057830
2017/02/23 14:00:00,1.058080,1.059670,1.056480,1.058480,1.057830,1.059430,1.056240,1.057990
2017/02/23 22:00:00,1.058480,1.058770,1.057080,1.058190,1.057990,1.058510,1.056840,1.057960
2017/02/24 06:00:00,1.058190,1.061980,1.057180,1.061490,1.057960,1.061670,1.056920,1.061250
2017/02/24 14:00:00,1.061490,1.061660,1.055810,1.056450,1.061250,1.061410,1.055510,1.055860
2017/02/26 14:00:00,1.056450,1.057290,1.056340,1.056780,1.055860,1.056660,1.055200,1.055870
2017/02/26 22:00:00,1.056780,1.057650,1.055270,1.056910,1.055870,1.057400,1.055010,1.056670
2017/02/27 06:00:00,1.056910,1.060280,1.056500,1.060020,1.056670,1.060030,1.056240,1.059780
2017/02/27 14:00:00,1.060020,1.063260,1.058190,1.058880,1.059780,1.062950,1.057950,1.058490
2017/02/27 22:00:00,1.058880,1.059700,1.056940,1.059570,1.058490,1.059440,1.056380,1.059320
2017/02/28 06:00:00,1.059570,1.060980,1.057730,1.059660,1.059320,1.060650,1.057490,1.059410
2017/02/28 14:00:00,1.059660,1.063110,1.057230,1.057970,1.059410,1.062900,1.056950,1.057510
2017/02/28 22:00:00,1.057970,1.059090,1.055210,1.055690,1.057510,1.058820,1.054960,1.055440
2017/03/01 06:00:00,1.055690,1.056170,1.051550,1.052660,1.055440,1.055920,1.051300,1.052420
2017/03/01 14:00:00,1.052660,1.057310,1.052130,1.054950,1.052420,1.057060,1.051900,1.054510
2017/03/01 22:00:00,1.054950,1.055350,1.052940,1.053220,1.054510,1.055050,1.052700,1.052980
2017/03/02 06:00:00,1.053220,1.054690,1.050960,1.051540,1.052980,1.054440,1.050700,1.051290
2017/03/02 14:00:00,1.051540,1.052970,1.049610,1.050830,1.051290,1.052730,1.049370,1.050410
2017/03/02 22:00:00,1.050830,1.052460,1.050360,1.051880,1.050410,1.052210,1.049600,1.051640
2017/03/03 06:00:00,1.051880,1.057470,1.051190,1.056990,1.051640,1.057210,1.050920,1.056750
2017/03/03 14:00:00,1.056990,1.062560,1.054410,1.062480,1.056750,1.062270,1.053910,1.062030
2017/03/05 14:00:00,1.062480,1.062480,1.060520,1.061310,1.062030,1.062030,1.059780,1.060890
2017/03/05 22:00:00,1.061310,1.062310,1.060140,1.060510,1.060890,1.062050,1.059590,1.060280
2017/03/06 06:00:00,1.060510,1.064200,1.057800,1.059880,1.060280,1.063900,1.057560,1.059640
2017/03/06 14:00:00,1.059880,1.060930,1.057570,1.058400,1.059640,1.060690,1.057320,1.058050
2017/03/06 22:00:00,1.058400,1.059470,1.057410,1.058670,1.058050,1.059210,1.057160,1.058430
2017/03/07 06:00:00,1.058670,1.060410,1.055940,1.057050,1.058430,1.060150,1.055690,1.056810
2017/03/07 14:00:00,1.057050,1.059000,1.056210,1.056790,1.056810,1.058760,1.055970,1.056310
2017/03/07 22:00:00,1.056790,1.057550,1.055950,1.056450,1.056310,1.057310,1.055690,1.056210
2017/03/08 06:00:00,1.056450,1.057420,1.053600,1.055520,1.056210,1.057170,1.053270,1.055260
2017/03/08 14:00:00,1.055520,1.056370,1.053730,1.054430,1.055260,1.056140,1.053500,1.054030
2017/03/08 22:00:00,1.054430,1.054900,1.052930,1.053380,1.054030,1.054650,1.052700,1.053150
2017/03/09 06:00:00,1.053380,1.059460,1.052630,1.058570,1.053150,1.059180,1.052400,1.058330
2017/03/09 14:00:00,1.058570,1.061710,1.056770,1.057980,1.058330,1.061430,1.056510,1.057490
2017/03/09 22:00:00,1.057980,1.060400,1.057400,1.059940,1.057490,1.060160,1.057020,1.059690
2017/03/10 06:00:00,1.059940,1.064820,1.058940,1.064740,1.059690,1.064570,1.058680,1.064490
2017/03/10 14:00:00,1.064740,1.070040,1.062120,1.067970,1.064490,1.069800,1.061860,1.066950
2017/03/12 13:00:00,1.067970,1.069060,1.067660,1.068260,1.066950,1.068110,1.066820,1.067340
2017/03/12 21:00:00,1.068260,1.070210,1.067990,1.070040,1.067340,1.069970,1.067130,1.069790
2017/03/13 05:00:00,1.070040,1.071570,1.066000,1.066050,1.069790,1.071330,1.065770,1.065810
2017/03/13 13:00:00,1.066050,1.068060,1.065340,1.065410,1.065810,1.067810,1.064950,1.064950
2017/03/13 21:00:00,1.065410,1.066010,1.064590,1.065500,1.064950,1.065770,1.064360,1.065260
2017/03/14 05:00:00,1.065500,1.066410,1.062740,1.063030,1.065260,1.066130,1.062360,1.062780
2017/03/14 13:00:00,1.063030,1.064810,1.060110,1.060750,1.062780,1.064570,1.059860,1.060300
2017/03/14 21:00:00,1.060750,1.062030,1.060500,1.061610,1.060300,1.061780,1.060230,1.061370
2017/03/15 05:00:00,1.061610,1.064060,1.061490,1.062150,1.061370,1.063820,1.061240,1.061900
2017/03/15 13:00:00,1.062150,1.074180,1.060850,1.073520,1.061900,1.073900,1.060610,1.073090
2017/03/15 21:00:00,1.073520,1.074780,1.072080,1.072480,1.073090,1.074530,1.071820,1.072240
2017/03/16 05:00:00,1.072480,1.074200,1.070690,1.073410,1.072240,1.073960,1.070450,1.073160
2017/03/16 13:00:00,1.073410,1.077170,1.070870,1.076720,1.073160,1.076920,1.070640,1.076260
2017/03/16 21:00:00,1.076720,1.077600,1.076380,1.077260,1.076260,1.077350,1.076140,1.077020
2017/03/17 05:00:00,1.077260,1.078380,1.072880,1.073700,1.077020,1.078130,1.072630,1.073460
2017/03/17 13:00:00,1.073700,1.075760,1.073250,1.074200,1.073460,1.075520,1.073000,1.073690
2017/03/19 13:00:00,1.074200,1.074360,1.073430,1.073560,1.073690,1.073870,1.072800,1.073140
2017/03/19 21:00:00,1.073560,1.076640,1.073560,1.076460,1.073140,1.076370,1.073110,1.076220
2017/03/20 05:00:00,1.076460,1.077880,1.074490,1.075250,1.076220,1.077610,1.074250,1.075010
2017/03/20 13:00:00,1.075250,1.076110,1.072630,1.074270,1.075010,1.075880,1.072390,1.073820
2017/03/20 21:00:00,1.074270,1.077110,1.072040,1.075720,1.073820,1.076870,1.071780,1.075480
2017/03/21 05:00:00,1.075720,1.081350,1.075600,1.079730,1.075480,1.081090,1.075350,1.079480
2017/03/21 13:00:00,1.079730,1.082070,1.079490,1.081320,1.079480,1.081820,1.079240,1.080850
2017/03/21 21:00:00,1.081320,1.081910,1.078990,1.080250,1.080850,1.081650,1.078720,1.080000
2017/03/22 05:00:00,1.080250,1.082020,1.077710,1.080420,1.080000,1.081740,1.077470,1.080170
2017/03/22 13:00:00,1.080420,1.082610,1.079130,1.080020,1.080170,1.082350,1.078880,1.079580
2017/03/22 21:00:00,1.080020,1.080020,1.078290,1.079370,1.079580,1.079650,1.078040,1.079120
2017/03/23 05:00:00,1.079370,1.080650,1.076920,1.078800,1.079120,1.080390,1.076690,1.078550
2017/03/23 13:00:00,1.078800,1.079500,1.077500,1.078710,1.078550,1.079260,1.077260,1.078250
2017/03/23 21:00:00,1.078710,1.078730,1.076150,1.076540,1.078250,1.078460,1.075900,1.076300
2017/03/24 05:00:00,1.076540,1.081400,1.076230,1.080740,1.076300,1.081150,1.075980,1.080500
2017/03/24 13:00:00,1.080740,1.081940,1.079190,1.080180,1.080500,1.081690,1.078940,1.079510
2017/03/26 13:00:00,1.080180,1.085660,1.080180,1.084430,1.079510,1.084470,1.079510,1.083210
2017/03/26 21:00:00,1.084430,1.085220,1.082960,1.084520,1.083210,1.084860,1.081970,1.084260
2017/03/27 05:00:00,1.084520,1.089780,1.084470,1.089540,1.084260,1.089540,1.084230,1.089290
2017/03/27 13:00:00,1.089540,1.090770,1.086240,1.086400,1.089290,1.090470,1.086010,1.086160
2017/03/27 21:00:00,1.086400,1.086980,1.085660,1.086730,1.086160,1.086740,1.085420,1.086480
2017/03/28 05:00:00,1.086730,1.087390,1.084680,1.086040,1.086480,1.087150,1.084440,1.085800
2017/03/28 13:00:00,1.086040,1.087340,1.080000,1.081640,1.085800,1.087090,1.079750,1.081170
2017/03/28 21:00:00,1.081640,1.082790,1.080960,1.081620,1.081170,1.082540,1.080710,1.081380
2017/03/29 05:00:00,1.081620,1.081630,1.074110,1.076500,1.081380,1.081390,1.073850,1.076250
2017/03/29 13:00:00,1.076500,1.077500,1.074500,1.076730,1.076250,1.077230,1.074280,1.076330
2017/03/29 21:00:00,1.076730,1.077150,1.074300,1.075460,1.076330,1.076850,1.073980,1.075220
2017/03/30 05:00:00,1.075460,1.076950,1.072170,1.072290,1.075220,1.076690,1.071960,1.072060
2017/03/30 13:00:00,1.072290,1.075460,1.067300,1.067680,1.072060,1.075210,1.067060,1.067230
2017/03/30 21:00:00,1.067680,1.069190,1.067440,1.067650,1.067230,1.068760,1.067180,1.067410
2017/03/31 05:00:00,1.067650,1.069890,1.067110,1.067890,1.067410,1.069630,1.066870,1.067680
2017/03/31 13:00:00,1.067890,1.070310,1.065290,1.066120,1.067680,1.070070,1.065010,1.065570
2017/04/02 13:00:00,1.066120,1.066940,1.066120,1.066710,1.065570,1.066320,1.065300,1.065800
2017/04/02 21:00:00,1.066710,1.068210,1.066250,1.068080,1.065800,1.067970,1.065610,1.067830
2017/04/03 05:00:00,1.068080,1.068250,1.065080,1.066370,1.067830,1.068000,1.064850,1.066130
2017/04/03 13:00:00,1.066370,1.068110,1.064370,1.067090,1.066130,1.067860,1.064120,1.066810
2017/04/03 21:00:00,1.067090,1.067490,1.066440,1.067220,1.066810,1.067250,1.066200,1.066970
2017/04/04 05:00:00,1.067220,1.067600,1.063700,1.065650,1.066970,1.067340,1.063350,1.065400
2017/04/04 13:00:00,1.065650,1.067880,1.064800,1.067470,1.065400,1.067610,1.064580,1.067020
2017/04/04 21:00:00,1.067470,1.068700,1.067210,1.067530,1.067020,1.068400,1.066710,1.067290
2017/04/05 05:00:00,1.067530,1.069030,1.065560,1.066740,1.067290,1.068800,1.065300,1.066500
2017/04/05 13:00:00,1.066740,1.068310,1.063720,1.066470,1.066500,1.068050,1.063140,1.066050
2017/04/05 21:00:00,1.066470,1.068550,1.066340,1.067590,1.066050,1.068300,1.066050,1.067360
2017/04/06 05:00:00,1.067590,1.068180,1.063020,1.066180,1.067360,1.067930,1.062780,1.065940
2017/04/06 13:00:00,1.066180,1.066650,1.063940,1.064620,1.065940,1.066400,1.063690,1.064200
2017/04/06 21:00:00,1.064620,1.066170,1.063950,1.064890,1.064200,1.065930,1.063660,1.064650
2017/04/07 05:00:00,1.064890,1.067140,1.061170,1.062140,1.064650,1.066590,1.060930,1.061890
2017/04/07 13:00:00,1.062140,1.063530,1.058180,1.059320,1.061890,1.063270,1.057930,1.058810
2017/04/09 13:00:00,1.059320,1.059550,1.058520,1.059080,1.058810,1.058810,1.057880,1.058420
2017/04/09 21:00:00,1.059080,1.059220,1.057170,1.058680,1.058420,1.058710,1.056910,1.058440
2017/04/10 05:00:00,1.058680,1.059530,1.057110,1.057670,1.058440,1.059280,1.056830,1.057430
2017/04/10 13:00:00,1.057670,1.060800,1.057670,1.059810,1.057430,1.060560,1.057430,1.059400
2017/04/10 21:00:00,1.059810,1.060310,1.058210,1.058970,1.059400,1.060070,1.057950,1.058730
2017/04/11 05:00:00,1.058970,1.062150,1.057990,1.061340,1.058730,1.061900,1.057740,1.061110
2017/04/11 13:00:00,1.061340,1.063130,1.060150,1.060570,1.061110,1.062890,1.059910,1.060290
2017/04/11 21:00:00,1.060570,1.061670,1.059640,1.060530,1.060290,1.061410,1.059360,1.060290
2017/04/12 05:00:00,1.060530,1.062530,1.059840,1.060170,1.060290,1.062280,1.059610,1.059930
2017/04/12 13:00:00,1.060170,1.067640,1.059010,1.066760,1.059930,1.067390,1.058750,1.066340
2017/04/12 21:00:00,1.066760,1.067880,1.066100,1.067410,1.066340,1.067600,1.065870,1.067200
2017/04/13 05:00:00,1.067410,1.067890,1.062380,1.062930,1.067200,1.067660,1.062150,1.062690
2017/04/13 13:00:00,1.062930,1.063700,1.061050,1.061500,1.062690,1.063460,1.060790,1.061040
2017/04/13 21:00:00,1.061500,1.062630,1.061120,1.061790,1.061040,1.062320,1.060730,1.061400
2017/04/14 05:00:00,1.061790,1.063170,1.060730,1.063160,1.061400,1.062850,1.060380,1.062800
2017/04/14 13:00:00,1.063160,1.063170,1.061220,1.061560,1.062800,1.062850,1.060130,1.060130
2017/04/16 13:00:00,1.061560,1.062660,1.061560,1.062560,1.060130,1.061800,1.060130,1.061150
2017/04/16 21:00:00,1.062560,1.062730,1.060460,1.062020,1.061150,1.062480,1.060150,1.061780
2017/04/17 05:00:00,1.062020,1.065300,1.061630,1.064670,1.061780,1.065010,1.061390,1.064430
2017/04/17 13:00:00,1.064670,1.067190,1.063660,1.064630,1.064430,1.066920,1.063400,1.064150
2017/04/17 21:00:00,1.064630,1.065410,1.063840,1.064490,1.064150,1.065180,1.063610,1.064250
2017/04/18 05:00:00,1.064490,1.070150,1.064250,1.069790,1.064250,1.069870,1.064000,1.069550
2017/04/18 13:00:00,1.069790,1.073740,1.068440,1.073210,1.069550,1.073490,1.068200,1.072830
2017/04/18 21:00:00,1.073210,1.073690,1.071820,1.072020,1.072830,1.073430,1.071580,1.071770
2017/04/19 05:00:00,1.072020,1.073900,1.070960,1.072120,1.071770,1.073570,1.070710,1.071880
2017/04/19 13:00:00,1.072120,1.072430,1.070110,1.071360,1.071880,1.072200,1.069890,1.070960
2017/04/19 21:00:00,1.071360,1.072900,1.071060,1.072870,1.070960,1.072660,1.070770,1.072620
2017/04/20 05:00:00,1.072870,1.077880,1.072230,1.075170,1.072620,1.077640,1.071990,1.074910
2017/04/20 13:00:00,1.075170,1.077820,1.071600,1.071840,1.074910,1.077570,1.071360,1.071430
2017/04/20 21:00:00,1.071840,1.072230,1.070850,1.071770,1.071430,1.071970,1.070550,1.071530
2017/04/21 05:00:00,1.071770,1.073950,1.068920,1.070230,1.071530,1.073700,1.068690,1.069990
2017/04/21 13:00:00,1.070230,1.073500,1.068340,1.072750,1.069990,1.072970,1.068110,1.072350
2017/04/23 13:00:00,1.072750,1.094240,1.072750,1.092470,1.072350,1.093280,1.072350,1.091740
2017/04/23 21:00:00,1.092470,1.092470,1.082200,1.085970,1.091740,1.091740,1.081970,1.085760
2017/04/24 05:00:00,1.085970,1.087880,1.083290,1.085860,1.085760,1.087650,1.083070,1.085620
2017/04/24 13:00:00,1.085860,1.087490,1.083640,1.086800,1.085620,1.087250,1.083400,1.086400
2017/04/24 21:00:00,1.086800,1.087200,1.085260,1.086460,1.086400,1.086940,1.085020,1.086220
2017/04/25 05:00:00,1.086460,1.090020,1.086440,1.089020,1.086220,1.089760,1.086190,1.088780
2017/04/25 13:00:00,1.089020,1.095150,1.088090,1.092790,1.088780,1.094890,1.087860,1.092490
2017/04/25 21:00:00,1.092790,1.094890,1.092490,1.094170,1.092490,1.094670,1.092120,1.093930
2017/04/26 05:00:00,1.094170,1.095210,1.088240,1.088840,1.093930,1.094980,1.087990,1.088610
2017/04/26 13:00:00,1.088840,1.091390,1.085690,1.090680,1.088610,1.091200,1.085420,1.090280
2017/04/26 21:00:00,1.090680,1.092240,1.090340,1.090640,1.090280,1.092000,1.089920,1.090400
2017/04/27 05:00:00,1.090640,1.093450,1.088120,1.089660,1.090400,1.093170,1.087870,1.089410
2017/04/27 13:00:00,1.089660,1.089800,1.085290,1.087320,1.089410,1.089540,1.085050,1.086900
2017/04/27 21:00:00,1.087320,1.087740,1.085860,1.086560,1.086900,1.087450,1.085590,1.086340
2017/04/28 05:00:00,1.086560,1.094880,1.085850,1.091330,1.086340,1.094620,1.085590,1.091090
2017/04/28 13:00:00,1.091330,1.092280,1.088470,1.090080,1.091090,1.092040,1.088210,1.089660
2017/04/30 13:00:00,1.090080,1.092190,1.090080,1.091840,1.089660,1.091710,1.089660,1.090930
2017/04/30 21:00:00,1.091840,1.091840,1.089050,1.089210,1.090930,1.091010,1.088660,1.088960
2017/05/01 05:00:00,1.089210,1.092330,1.088540,1.091830,1.088960,1.092090,1.088280,1.091580
2017/05/01 13:00:00,1.091830,1.092520,1.089770,1.090260,1.091580,1.092280,1.089520,1.089720
2017/05/01 21:00:00,1.090260,1.091880,1.089900,1.091400,1.089720,1.091640,1.089410,1.091160
2017/05/02 05:00:00,1.091400,1.092820,1.090550,1.090910,1.091160,1.092390,1.090310,1.090650
2017/05/02 13:00:00,1.090910,1.093470,1.088950,1.093460,1.090650,1.093210,1.088670,1.093040
2017/05/02 21:00:00,1.093460,1.093810,1.092690,1.093560,1.093040,1.093580,1.092270,1.093310
2017/05/03 05:00:00,1.093560,1.093650,1.090770,1.091630,1.093310,1.093410,1.090530,1.091390
2017/05/03 13:00:00,1.091630,1.092940,1.088420,1.088680,1.091390,1.092560,1.088160,1.088230
2017/05/03 21:00:00,1.088680,1.089820,1.088300,1.089740,1.088230,1.089580,1.087970,1.089500
2017/05/04 05:00:00,1.089740,1.094270,1.087620,1.093590,1.089500,1.094010,1.087370,1.093350
2017/05/04 13:00:00,1.093590,1.098850,1.092620,1.098540,1.093350,1.098620,1.092380,1.098140
2017/05/04 21:00:00,1.098540,1.099160,1.097420,1.098490,1.098140,1.098880,1.097180,1.098240
2017/05/05 05:00:00,1.098490,1.099310,1.095350,1.098010,1.098240,1.099050,1.094430,1.097760
2017/05/05 13:00:00,1.098010,1.100270,1.096670,1.100190,1.097760,1.099790,1.096440,1.099700
2017/05/07 13:00:00,1.100190,1.102540,1.100190,1.102370,1.099700,1.102130,1.099700,1.101530
2017/05/07 21:00:00,1.102370,1.102500,1.095850,1.097370,1.101530,1.102010,1.095580,1.097120
2017/05/08 05:00:00,1.097370,1.099920,1.093250,1.094830,1.097120,1.099560,1.092990,1.094580
2017/05/08 13:00:00,1.094830,1.095430,1.091760,1.092660,1.094580,1.095180,1.091500,1.092120
2017/05/08 21:00:00,1.092660,1.093470,1.092030,1.093180,1.092120,1.093220,1.091630,1.092950
2017/05/09 05:00:00,1.093180,1.093310,1.087520,1.088530,1.092950,1.093060,1.087230,1.088300
2017/05/09 13:00:00,1.088530,1.090800,1.086470,1.087570,1.088300,1.090570,1.086220,1.087170
2017/05/09 21:00:00,1.087570,1.089950,1.087270,1.089260,1.087170,1.089700,1.086700,1.089030
2017/05/10 05:00:00,1.089260,1.089940,1.086000,1.088120,1.089030,1.089690,1.085760,1.087880
2017/05/10 13:00:00,1.088120,1.088360,1.085440,1.086910,1.087880,1.088120,1.085180,1.086460
2017/05/10 21:00:00,1.086910,1.088110,1.086490,1.087140,1.086460,1.087860,1.085880,1.086900
2017/05/11 05:00:00,1.087140,1.089440,1.084030,1.085330,1.086900,1.089190,1.083800,1.085080
2017/05/11 13:00:00,1.085330,1.087700,1.085300,1.086370,1.085080,1.087450,1.085050,1.085970
2017/05/11 21:00:00,1.086370,1.087510,1.086090,1.087240,1.085970,1.087260,1.085730,1.087000
2017/05/12 05:00:00,1.087240,1.091390,1.085710,1.090740,1.087000,1.091150,1.085420,1.090490
2017/05/12 13:00:00,1.090740,1.093600,1.090730,1.093540,1.090490,1.093310,1.090470,1.093030
2017/05/14 13:00:00,1.093540,1.093650,1.092940,1.093220,1.093030,1.093030,1.092090,1.092810
2017/05/14 21:00:00,1.093220,1.093820,1.092400,1.093120,1.092810,1.093340,1.092150,1.092900
2017/05/15 05:00:00,1.093120,1.098340,1.092730,1.097970,1.092900,1.098100,1.092490,1.097720
2017/05/15 13:00:00,1.097970,1.099080,1.096700,1.097740,1.097720,1.098830,1.096450,1.097350
2017/05/15 21:00:00,1.097740,1.099530,1.097620,1.099310,1.097350,1.099260,1.097230,1.099070
2017/05/16 05:00:00,1.099310,1.109030,1.099270,1.107890,1.099070,1.108780,1.099000,1.107640
2017/05/16 13:00:00,1.107890,1.109850,1.106510,1.108590,1.107640,1.109620,1.106280,1.108110
2017/05/16 21:00:00,1.108590,1.111840,1.108130,1.110730,1.108110,1.111580,1.107830,1.110480
2017/05/17 05:00:00,1.110730,1.112710,1.108280,1.112450,1.110480,1.112310,1.108050,1.112200
2017/05/17 13:00:00,1.112450,1.116350,1.110290,1.116160,1.112200,1.116110,1.110040,1.115730
2017/05/17 21:00:00,1.116160,1.117330,1.114050,1.114540,1.115730,1.117080,1.113800,1.114290
2017/05/18 05:00:00,1.114540,1.114720,1.110510,1.110990,1.114290,1.114470,1.110280,1.110740
2017/05/18 13:00:00,1.110990,1.113920,1.107720,1.110470,1.110740,1.113680,1.107430,1.110010
2017/05/18 21:00:00,1.110470,1.111590,1.109840,1.111310,1.110010,1.111370,1.109490,1.111070
2017/05/19 05:00:00,1.111310,1.118710,1.111040,1.118060,1.111070,1.118480,1.110820,1.117850
2017/05/19 13:00:00,1.118060,1.121310,1.117950,1.120930,1.117850,1.121070,1.117690,1.120610
2017/05/21 13:00:00,1.120930,1.121130,1.118770,1.120020,1.120610,1.120610,1.118190,1.119340
2017/05/21 21:00:00,1.120020,1.121370,1.118370,1.118990,1.119340,1.120900,1.118120,1.118750
2017/05/22 05:00:00,1.118990,1.125100,1.116280,1.124660,1.118750,1.124880,1.116030,1.124420
2017/05/22 13:00:00,1.124660,1.126480,1.122990,1.124050,1.124420,1.126240,1.122750,1.123580
2017/05/22 21:00:00,1.124050,1.125540,1.123190,1.125170,1.123580,1.125300,1.122910,1.124930
2017/05/23 05:00:00,1.125170,1.127040,1.121240,1.123520,1.124930,1.126690,1.121000,1.123270
2017/05/23 13:00:00,1.123520,1.125110,1.117620,1.118430,1.123270,1.124840,1.117400,1.117990
2017/05/23 21:00:00,1.118430,1.119320,1.117850,1.118120,1.117990,1.119070,1.117600,1.117890
2017/05/24 05:00:00,1.118120,1.120350,1.117130,1.119930,1.117890,1.120120,1.116890,1.119680
2017/05/24 13:00:00,1.119930,1.122130,1.116960,1.121980,1.119680,1.121890,1.116730,1.121560
2017/05/24 21:00:00,1.121980,1.124580,1.121230,1.124220,1.121560,1.124350,1.120960,1.123980
2017/05/25 05:00:00,1.124220,1.125180,1.119480,1.120400,1.123980,1.124910,1.119240,1.120150
2017/05/25 13:00:00,1.120400,1.122730,1.119950,1.121220,1.120150,1.122490,1.119720,1.120800
2017/05/25 21:00:00,1.121220,1.121760,1.118630,1.120160,1.120800,1.121520,1.118380,1.119920
2017/05/26 05:00:00,1.120160,1.123580,1.117910,1.118150,1.119920,1.123350,1.117680,1.117910
2017/05/26 13:00:00,1.118150,1.118880,1.116190,1.118140,1.117910,1.118630,1.115910,1.117780
2017/05/28 13:00:00,1.118140,1.118140,1.117490,1.117940,1.117780,1.117780,1.116710,1.116750
2017/05/28 21:00:00,1.117940,1.118620,1.116320,1.116480,1.116750,1.118360,1.116070,1.116250
2017/05/29 05:00:00,1.116480,1.119120,1.116470,1.118620,1.116250,1.118880,1.116230,1.118370
2017/05/29 13:00:00,1.118620,1.118980,1.116410,1.116660,1.118370,1.118740,1.116090,1.116160
2017/05/29 21:00:00,1.116660,1.117380,1.112320,1.112880,1.116160,1.116700,1.112090,1.112640
2017/05/30 05:00:00,1.112880,1.119770,1.111060,1.116360,1.112640,1.119240,1.110810,1.116120
2017/05/30 13:00:00,1.116360,1.120700,1.116360,1.118880,1.116120,1.120420,1.116110,1.118360
2017/05/30 21:00:00,1.118880,1.119140,1.117060,1.117410,1.118360,1.118880,1.116820,1.117160
2017/05/31 05:00:00,1.117410,1.123000,1.116570,1.122340,1.117160,1.122770,1.116320,1.122110
2017/05/31 13:00:00,1.122340,1.125360,1.121860,1.124400,1.122110,1.125110,1.121620,1.124120
2017/05/31 21:00:00,1.124400,1.125800,1.123480,1.124790,1.124120,1.125560,1.123240,1.124550
2017/06/01 05:00:00,1.124790,1.125000,1.120330,1.121580,1.124550,1.124780,1.119910,1.121350
2017/06/01 13:00:00,1.121580,1.123590,1.120730,1.121390,1.121350,1.123330,1.120500,1.120970
2017/06/01 21:00:00,1.121390,1.122330,1.121330,1.122080,1.120970,1.122100,1.120970,1.121840
2017/06/02 05:00:00,1.122080,1.128370,1.120620,1.127070,1.121840,1.128140,1.120390,1.126840
2017/06/02 13:00:00,1.127070,1.128710,1.125580,1.128290,1.126840,1.128400,1.125360,1.127920
2017/06/04 13:00:00,1.128290,1.128780,1.127420,1.127900,1.127920,1.128220,1.126730,1.127000
2017/06/04 21:00:00,1.127900,1.128720,1.126460,1.126760,1.127000,1.128240,1.126220,1.126520
2017/06/05 05:00:00,1.126760,1.128010,1.123640,1.124320,1.126520,1.127770,1.123400,1.124080
2017/06/05 13:00:00,1.124320,1.126570,1.123550,1.125540,1.124080,1.126340,1.123290,1.125250
2017/06/05 21:00:00,1.125540,1.127610,1.125530,1.126930,1.125250,1.127380,1.125100,1.126690
2017/06/06 05:00:00,1.126930,1.127910,1.124170,1.125650,1.126690,1.127660,1.123930,1.125420
2017/06/06 13:00:00,1.125650,1.128550,1.125510,1.127890,1.125420,1.128340,1.125280,1.127480
2017/06/06 21:00:00,1.127890,1.128350,1.126130,1.126580,1.127480,1.128080,1.125890,1.126340
2017/06/07 05:00:00,1.126580,1.127830,1.120530,1.123120,1.126340,1.127590,1.120300,1.122880
2017/06/07 13:00:00,1.123120,1.128380,1.122420,1.125850,1.122880,1.128160,1.122180,1.125510
2017/06/07 21:00:00,1.125850,1.127180,1.124840,1.125870,1.125510,1.126120,1.124610,1.125620
2017/06/08 05:00:00,1.125870,1.127050,1.119590,1.122760,1.125620,1.126810,1.119340,1.122550
2017/06/08 13:00:00,1.122760,1.123120,1.119700,1.121520,1.122550,1.122880,1.119460,1.121120
2017/06/08 21:00:00,1.121520,1.124030,1.118060,1.120530,1.121120,1.123550,1.117790,1.120300
2017/06/09 05:00:00,1.120530,1.121720,1.116810,1.117020,1.120300,1.121480,1.116570,1.116770
2017/06/09 13:00:00,1.117020,1.120550,1.116760,1.119890,1.116770,1.120310,1.116520,1.119410
2017/06/11 13:00:00,1.119890,1.121800,1.119890,1.121180,1.119410,1.121100,1.118850,1.120580
2017/06/11 21:00:00,1.121180,1.121310,1.119800,1.120760,1.120580,1.121100,1.119620,1.120540
2017/06/12 05:00:00,1.120760,1.123340,1.120550,1.121590,1.120540,1.123120,1.120310,1.121350
2017/06/12 13:00:00,1.121590,1.122130,1.119320,1.120610,1.121350,1.121900,1.119070,1.120200
2017/06/12 21:00:00,1.120610,1.121020,1.119030,1.119430,1.120200,1.120640,1.118790,1.119190
2017/06/13 05:00:00,1.119430,1.122620,1.118650,1.120830,1.119190,1.122380,1.118410,1.120590
2017/06/13 13:00:00,1.120830,1.122000,1.119320,1.121200,1.120590,1.121770,1.119090,1.120760
2017/06/13 21:00:00,1.121200,1.122110,1.120810,1.121630,1.120760,1.121870,1.120300,1.121380
2017/06/14 05:00:00,1.121630,1.126900,1.119880,1.126430,1.121380,1.126660,1.119640,1.126200
2017/06/14 13:00:00,1.126430,1.129710,1.119430,1.122090,1.126200,1.129470,1.119190,1.121650
2017/06/14 21:00:00,1.122090,1.122990,1.120670,1.122260,1.121650,1.122750,1.120420,1.122030
2017/06/15 05:00:00,1.122260,1.122320,1.115050,1.115310,1.122030,1.122080,1.114810,1.115060
2017/06/15 13:00:00,1.115310,1.115930,1.113330,1.114890,1.115060,1.115690,1.113100,1.114380
2017/06/15 21:00:00,1.114890,1.115690,1.114300,1.114540,1.114380,1.115440,1.114050,1.114300
2017/06/16 05:00:00,1.114540,1.118520,1.113960,1.117370,1.114300,1.118280,1.113730,1.117130
2017/06/16 13:00:00,1.117370,1.120300,1.116650,1.119900,1.117130,1.120060,1.116410,1.119450
2017/06/18 13:00:00,1.119900,1.121760,1.119900,1.121180,1.119450,1.121110,1.119450,1.120430
2017/06/18 21:00:00,1.121180,1.121660,1.119080,1.119460,1.120430,1.120650,1.118830,1.119240
2017/06/19 05:00:00,1.119460,1.121410,1.117840,1.118320,1.119240,1.121180,1.117590,1.118080
2017/06/19 13:00:00,1.118320,1.118570,1.114430,1.114970,1.118080,1.118350,1.114200,1.114600
2017/06/19 21:00:00,1.114970,1.115990,1.114210,1.115690,1.114600,1.115760,1.113970,1.115440
2017/06/20 05:00:00,1.115690,1.116620,1.114250,1.115190,1.115440,1.116380,1.114010,1.114950
2017/06/20 13:00:00,1.115190,1.115470,1.112010,1.113570,1.114950,1.115240,1.111780,1.113170
2017/06/20 21:00:00,1.113570,1.113960,1.113280,1.113470,1.113170,1.113720,1.112820,1.113230
2017/06/21 05:00:00,1.113470,1.115710,1.112860,1.114930,1.113230,1.115460,1.112620,1.114690
2017/06/21 13:00:00,1.114930,1.117120,1.113130,1.117110,1.114690,1.116790,1.112900,1.116710
2017/06/21 21:00:00,1.117110,1.117290,1.116150,1.117210,1.116710,1.117050,1.115920,1.116980
2017/06/22 05:00:00,1.117210,1.117920,1.115570,1.116220,1.116980,1.117680,1.115330,1.116000
2017/06/22 13:00:00,1.116220,1.116530,1.114060,1.115380,1.116000,1.116300,1.113820,1.114990
2017/06/22 21:00:00,1.115380,1.116540,1.114650,1.116300,1.114990,1.116300,1.114410,1.116060
2017/06/23 05:00:00,1.116300,1.118920,1.116280,1.117750,1.116060,1.118700,1.116040,1.117510
2017/06/23 13:00:00,1.117750,1.121020,1.117640,1.119460,1.117510,1.120780,1.117400,1.119110
2017/06/25 13:00:00,1.119460,1.120550,1.119460,1.120250,1.119110,1.119940,1.118680,1.119290
2017/06/25 21:00:00,1.120250,1.120460,1.119110,1.119280,1.119290,1.119900,1.118520,1.119060
2017/06/26 05:00:00,1.119280,1.122120,1.117300,1.121240,1.119060,1.121880,1.117070,1.121000
2017/06/26 13:00:00,1.121240,1.121990,1.117670,1.118300,1.121000,1.121750,1.117460,1.118050
2017/06/26 21:00:00,1.118300,1.119380,1.118020,1.119130,1.118050,1.119140,1.117790,1.118900
2017/06/27 05:00:00,1.119130,1.128530,1.118350,1.127820,1.118900,1.128290,1.118110,1.127580
2017/06/27 13:00:00,1.127820,1.135080,1.127580,1.134080,1.127580,1.134830,1.127350,1.133660
2017/06/27 21:00:00,1.134080,1.135680,1.133120,1.134790,1.133660,1.135440,1.132800,1.134560
2017/06/28 05:00:00,1.134790,1.138960,1.129270,1.133260,1.134560,1.138710,1.128970,1.133020
2017/06/28 13:00:00,1.133260,1.139250,1.132930,1.137820,1.133020,1.138980,1.132710,1.137470
2017/06/28 21:00:00,1.137820,1.142070,1.137590,1.140310,1.137470,1.141820,1.137210,1.140060
2017/06/29 05:00:00,1.140310,1.143630,1.138920,1.140200,1.140060,1.143390,1.138700,1.139970
2017/06/29 13:00:00,1.140200,1.144670,1.139650,1.144140,1.139970,1.144450,1.139400,1.143760
2017/06/29 21:00:00,1.144140,1.144670,1.142810,1.144160,1.143760,1.144430,1.142570,1.143930
2017/06/30 05:00:00,1.144160,1.144260,1.139330,1.141410,1.143930,1.144040,1.139100,1.141170
2017/06/30 13:00:00,1.141410,1.142880,1.139670,1.142540,1.141170,1.142650,1.139440,1.141620
2017/07/02 13:00:00,1.142540,1.142790,1.141800,1.142250,1.141620,1.142140,1.141230,1.141640
2017/07/02 21:00:00,1.142250,1.142960,1.140500,1.141430,1.141640,1.142560,1.140260,1.141190
2017/07/03 05:00:00,1.141430,1.141640,1.136280,1.136910,1.141190,1.141400,1.136030,1.136670
2017/07/03 13:00:00,1.136910,1.137500,1.135620,1.136570,1.136670,1.137270,1.135390,1.136190
2017/07/03 21:00:00,1.136570,1.137830,1.136030,1.137330,1.136190,1.137580,1.135430,1.137080
2017/07/04 05:00:00,1.137330,1.137570,1.133730,1.134400,1.137080,1.137340,1.133510,1.134160
2017/07/04 13:00:00,1.134400,1.135550,1.133930,1.134980,1.134160,1.135290,1.133680,1.134530
2017/07/04 21:00:00,1.134980,1.136990,1.134650,1.135570,1.134530,1.136760,1.133970,1.135330
2017/07/05 05:00:00,1.135570,1.136940,1.131370,1.132180,1.135330,1.136710,1.131120,1.131930
2017/07/05 13:00:00,1.132180,1.135950,1.131920,1.135290,1.131930,1.135410,1.131690,1.134890
2017/07/05 21:00:00,1.135290,1.135630,1.133110,1.134040,1.134890,1.135350,1.132870,1.133790
2017/07/06 05:00:00,1.134040,1.139900,1.133230,1.139170,1.133790,1.139670,1.132990,1.138940
2017/07/06 13:00:00,1.139170,1.142680,1.138270,1.142540,1.138940,1.142360,1.138040,1.142160
2017/07/06 21:00:00,1.142540,1.142700,1.140950,1.141620,1.142160,1.142470,1.140720,1.141390
2017/07/07 05:00:00,1.141620,1.144120,1.138810,1.140310,1.141390,1.143890,1.138230,1.140070
2017/07/07 13:00:00,1.140310,1.141220,1.138080,1.140270,1.140070,1.140970,1.137840,1.139920
2017/07/09 13:00:00,1.140270,1.140390,1.139600,1.140070,1.139920,1.139920,1.138770,1.139460
2017/07/09 21:00:00,1.140070,1.140980,1.139630,1.140520,1.139460,1.140740,1.138890,1.140300
2017/07/10 05:00:00,1.140520,1.141940,1.138290,1.139340,1.140300,1.141720,1.138050,1.139100
2017/07/10 13:00:00,1.139340,1.140920,1.138580,1.140080,1.139100,1.140690,1.138360,1.139820
2017/07/10 21:00:00,1.140080,1.140160,1.138840,1.138970,1.139820,1.139830,1.138600,1.138730
2017/07/11 05:00:00,1.138970,1.141530,1.138400,1.140320,1.138730,1.141300,1.138160,1.140060
2017/07/11 13:00:00,1.140320,1.148090,1.139470,1.146840,1.140060,1.147860,1.139230,1.146470
2017/07/11 21:00:00,1.146840,1.149000,1.146400,1.148690,1.146470,1.148750,1.146070,1.148450
2017/07/12 05:00:00,1.148690,1.149090,1.142860,1.146880,1.148450,1.148850,1.142500,1.146630
2017/07/12 13:00:00,1.146880,1.147000,1.139290,1.141320,1.146630,1.146790,1.139050,1.140970
2017/07/12 21:00:00,1.141320,1.144030,1.141310,1.143890,1.140970,1.143810,1.140970,1.143640
2017/07/13 05:00:00,1.143890,1.145720,1.137150,1.141760,1.143640,1.145480,1.136940,1.141520
2017/07/13 13:00:00,1.141760,1.141900,1.138380,1.139880,1.141520,1.141670,1.138140,1.139520
2017/07/13 21:00:00,1.139880,1.141200,1.139280,1.140190,1.139520,1.140960,1.139030,1.139960
2017/07/14 05:00:00,1.140190,1.146990,1.140190,1.146280,1.139960,1.146730,1.139960,1.146050
2017/07/14 13:00:00,1.146280,1.147320,1.143690,1.147020,1.146050,1.147070,1.143450,1.146420
2017/07/16 13:00:00,1.147020,1.147820,1.146860,1.147610,1.146420,1.147230,1.145970,1.147210
2017/07/16 21:00:00,1.147610,1.147630,1.145810,1.146260,1.147210,1.147380,1.145570,1.146020
2017/07/17 05:00:00,1.146260,1.147220,1.143600,1.146920,1.146020,1.146990,1.143360,1.146670
2017/07/17 13:00:00,1.146920,1.148850,1.146210,1.148030,1.146670,1.148590,1.145980,1.147680
2017/07/17 21:00:00,1.148030,1.153910,1.147280,1.152870,1.147680,1.153670,1.147030,1.152640
2017/07/18 05:00:00,1.152870,1.156950,1.151250,1.155720,1.152640,1.156710,1.151010,1.155480
2017/07/18 13:00:00,1.155720,1.158460,1.155330,1.155490,1.155480,1.158210,1.155060,1.155140
2017/07/18 21:00:00,1.155490,1.156030,1.153750,1.153890,1.155140,1.155520,1.153520,1.153650
2017/07/19 05:00:00,1.153890,1.154900,1.151580,1.152670,1.153650,1.154660,1.151340,1.152440
2017/07/19 13:00:00,1.152670,1.153780,1.151110,1.151710,1.152440,1.153540,1.150890,1.151340
2017/07/19 21:00:00,1.151710,1.153400,1.150620,1.151320,1.151340,1.153150,1.150390,1.151090
2017/07/20 05:00:00,1.151320,1.157190,1.148040,1.156330,1.151090,1.156940,1.147810,1.156080
2017/07/20 13:00:00,1.156330,1.166020,1.154250,1.163250,1.156080,1.165750,1.154010,1.162860
2017/07/20 21:00:00,1.163250,1.163860,1.162050,1.162990,1.162860,1.163530,1.161810,1.162740
2017/07/21 05:00:00,1.162990,1.167830,1.162950,1.164120,1.162740,1.167580,1.162710,1.163890
2017/07/21 13:00:00,1.164120,1.168430,1.163680,1.166580,1.163890,1.168170,1.163460,1.166220
2017/07/23 13:00:00,1.166580,1.167380,1.166410,1.166920,1.166220,1.166630,1.165390,1.165880
2017/07/23 21:00:00,1.166920,1.168550,1.166440,1.167210,1.165880,1.168310,1.165880,1.166960
2017/07/24 05:00:00,1.167210,1.167650,1.163150,1.165690,1.166960,1.167410,1.162900,1.165460
2017/07/24 13:00:00,1.165690,1.165730,1.162710,1.164240,1.165460,1.165490,1.162450,1.163780
2017/07/24 21:00:00,1.164240,1.166480,1.163200,1.166320,1.163780,1.166230,1.162930,1.166080
2017/07/25 05:00:00,1.166320,1.170050,1.164450,1.168990,1.166080,1.169800,1.164210,1.168740
2017/07/25 13:00:00,1.168990,1.171360,1.164350,1.164850,1.168740,1.171110,1.164110,1.164420
2017/07/25 21:00:00,1.164850,1.165520,1.163920,1.163990,1.164420,1.165290,1.163680,1.163740
2017/07/26 05:00:00,1.163990,1.165280,1.161390,1.164240,1.163740,1.165040,1.161150,1.164000
2017/07/26 13:00:00,1.164240,1.174200,1.162300,1.173760,1.164000,1.173880,1.162080,1.173240
2017/07/26 21:00:00,1.173760,1.177820,1.172260,1.175030,1.173240,1.177570,1.172030,1.174800
2017/07/27 05:00:00,1.175030,1.175260,1.168850,1.169810,1.174800,1.175030,1.168610,1.169560
2017/07/27 13:00:00,1.169810,1.170740,1.165140,1.167970,1.169560,1.170500,1.164900,1.167400
2017/07/27 21:00:00,1.167970,1.169520,1.167240,1.168640,1.167400,1.169280,1.167000,1.168410
2017/07/28 05:00:00,1.168640,1.175470,1.168640,1.171760,1.168410,1.175200,1.168410,1.171510
2017/07/28 13:00:00,1.171760,1.176530,1.171630,1.175130,1.171510,1.176300,1.171380,1.174810
2017/07/30 13:00:00,1.175130,1.175830,1.174090,1.175230,1.174810,1.175040,1.173430,1.174470
2017/07/30 21:00:00,1.175230,1.176360,1.173260,1.173770,1.174470,1.176030,1.173020,1.173540
2017/07/31 05:00:00,1.173770,1.174890,1.172440,1.173490,1.173540,1.174640,1.172210,1.173260
2017/07/31 13:00:00,1.173490,1.184730,1.173280,1.184280,1.173260,1.184440,1.173040,1.184030
2017/07/31 21:00:00,1.184280,1.184640,1.182100,1.183200,1.184030,1.184330,1.181850,1.182960
2017/08/01 05:00:00,1.183200,1.183460,1.180590,1.181870,1.182960,1.183210,1.180370,1.181630
2017/08/01 13:00:00,1.181870,1.184050,1.178640,1.180330,1.181630,1.183810,1.178390,1.180090
2017/08/01 21:00:00,1.180330,1.183000,1.179500,1.182630,1.180090,1.182770,1.179240,1.182390
2017/08/02 05:00:00,1.182630,1.186980,1.181840,1.182590,1.182390,1.186750,1.181600,1.182360
2017/08/02 13:00:00,1.182590,1.191210,1.182410,1.185830,1.182360,1.190920,1.182190,1.185460
2017/08/02 21:00:00,1.185830,1.186240,1.183550,1.184770,1.185460,1.185920,1.183300,1.184520
2017/08/03 05:00:00,1.184770,1.187560,1.183170,1.186070,1.184520,1.187300,1.182940,1.185830
2017/08/03 13:00:00,1.186070,1.189440,1.184420,1.187010,1.185830,1.189190,1.184180,1.186670
2017/08/03 21:00:00,1.187010,1.188980,1.187010,1.188100,1.186670,1.188740,1.186640,1.187850
2017/08/04 05:00:00,1.188100,1.189050,1.182640,1.183120,1.187850,1.188820,1.182400,1.182880
2017/08/04 13:00:00,1.183120,1.184710,1.172950,1.177570,1.182880,1.184460,1.172700,1.177200
2017/08/06 13:00:00,1.177510,1.178650,1.177280,1.177620,1.177260,1.177920,1.176830,1.177070
2017/08/06 21:00:00,1.177620,1.180260,1.177190,1.179560,1.177070,1.180140,1.176980,1.179450
2017/08/07 05:00:00,1.179560,1.181490,1.177870,1.178720,1.179450,1.181360,1.177750,1.178610
2017/08/07 13:00:00,1.178720,1.179920,1.178200,1.179630,1.178610,1.179790,1.178080,1.179340
2017/08/07 21:00:00,1.179630,1.182460,1.179190,1.181210,1.179340,1.182350,1.178890,1.181100
2017/08/08 05:00:00,1.181210,1.181920,1.180240,1.181540,1.181100,1.181790,1.180130,1.181410
2017/08/08 13:00:00,1.181540,1.181660,1.171590,1.175430,1.181410,1.181550,1.171450,1.175190
2017/08/08 21:00:00,1.175430,1.176460,1.171920,1.173820,1.175190,1.176340,1.171820,1.173700
2017/08/09 05:00:00,1.173820,1.176270,1.172270,1.174570,1.173700,1.176160,1.172160,1.174440
2017/08/09 13:00:00,1.174570,1.176240,1.168970,1.175870,1.174440,1.176130,1.168820,1.175650
2017/08/09 21:00:00,1.175870,1.177130,1.173280,1.173660,1.175650,1.176960,1.173160,1.173540
2017/08/10 05:00:00,1.173660,1.174910,1.170480,1.174210,1.173540,1.174770,1.170360,1.174080
2017/08/10 13:00:00,1.174210,1.178590,1.171830,1.177400,1.174080,1.178500,1.171710,1.177200
2017/08/10 21:00:00,1.177400,1.177740,1.176210,1.177530,1.177200,1.177630,1.176100,1.177400
2017/08/11 05:00:00,1.177530,1.183610,1.174900,1.181700,1.177400,1.183480,1.174820,1.181570
2017/08/11 13:00:00,1.181700,1.184850,1.177770,1.182270,1.181570,1.184710,1.177640,1.182050
2017/08/13 13:00:00,1.182270,1.183080,1.181590,1.182420,1.182050,1.182490,1.181070,1.181440
2017/08/13 21:00:00,1.182420,1.183540,1.181750,1.181910,1.181440,1.183420,1.181440,1.181790
2017/08/14 05:00:00,1.181910,1.183910,1.178780,1.179610,1.181790,1.183810,1.178670,1.179500
2017/08/14 13:00:00,1.179610,1.180260,1.177040,1.178140,1.179500,1.180140,1.176930,1.177830
2017/08/14 21:00:00,1.178140,1.179320,1.176910,1.177780,1.177830,1.179210,1.176780,1.177690
2017/08/15 05:00:00,1.177780,1.178030,1.168780,1.169250,1.177690,1.177910,1.168660,1.169140
2017/08/15 13:00:00,1.169250,1.174400,1.169080,1.173580,1.169140,1.174270,1.168950,1.173340
2017/08/15 21:00:00,1.173580,1.174630,1.173020,1.174320,1.173340,1.174500,1.172870,1.174200
2017/08/16 05:00:00,1.174320,1.175880,1.169180,1.170370,1.174200,1.175760,1.169060,1.170250
2017/08/16 13:00:00,1.170370,1.177940,1.168160,1.176790,1.170250,1.177840,1.168030,1.176510
2017/08/16 21:00:00,1.176790,1.179050,1.176570,1.177990,1.176510,1.178940,1.176450,1.177870
2017/08/17 05:00:00,1.177990,1.179030,1.166280,1.169420,1.177870,1.178920,1.166160,1.169300
2017/08/17 13:00:00,1.169420,1.175450,1.169300,1.172520,1.169300,1.175320,1.169200,1.172360
2017/08/17 21:00:00,1.172520,1.174040,1.170920,1.173790,1.172360,1.173930,1.170790,1.173670
2017/08/18 05:00:00,1.173790,1.177540,1.172170,1.174920,1.173670,1.177400,1.172050,1.174810
2017/08/18 13:00:00,1.174920,1.176830,1.172990,1.176070,1.174810,1.176710,1.172890,1.175820
2017/08/20 13:00:00,1.176070,1.176820,1.175950,1.176350,1.175820,1.176280,1.175060,1.175700
2017/08/20 21:00:00,1.176350,1.176660,1.175060,1.175190,1.175700,1.176230,1.174960,1.175070
2017/08/21 05:00:00,1.175190,1.178370,1.173170,1.178070,1.175070,1.178270,1.173040,1.177960
2017/08/21 13:00:00,1.178070,1.182880,1.177770,1.181530,1.177960,1.182760,1.177660,1.181180
2017/08/21 21:00:00,1.181530,1.182510,1.180340,1.180720,1.181180,1.182380,1.180220,1.180610
2017/08/22 05:00:00,1.180720,1.180770,1.174570,1.176230,1.180610,1.180650,1.174460,1.176110
2017/08/22 13:00:00,1.176230,1.177270,1.174870,1.176290,1.176110,1.177140,1.174760,1.175930
2017/08/22 21:00:00,1.176290,1.176750,1.174840,1.175870,1.175930,1.176570,1.174720,1.175740
2017/08/23 05:00:00,1.175870,1.180860,1.174090,1.179530,1.175740,1.180740,1.173910,1.179440
2017/08/23 13:00:00,1.179530,1.182400,1.178760,1.180720,1.179440,1.182270,1.178640,1.180590
2017/08/23 21:00:00,1.180720,1.181870,1.179490,1.180300,1.180590,1.181730,1.179390,1.180180
2017/08/24 05:00:00,1.180300,1.181090,1.178480,1.179990,1.180180,1.180980,1.178360,1.179870
2017/08/24 13:00:00,1.179990,1.181530,1.178830,1.179970,1.179870,1.181410,1.178710,1.179800
2017/08/24 21:00:00,1.179970,1.180480,1.178840,1.179870,1.179800,1.180360,1.178710,1.179750
2017/08/25 05:00:00,1.179870,1.182890,1.177380,1.180600,1.179750,1.182780,1.177270,1.180480
2017/08/25 13:00:00,1.180600,1.194250,1.178620,1.192340,1.180480,1.194120,1.178480,1.191910
2017/08/27 13:00:00,1.192340,1.196840,1.192340,1.195040,1.191910,1.196320,1.191910,1.194260
2017/08/27 21:00:00,1.195040,1.196030,1.192070,1.192110,1.194260,1.195900,1.191970,1.191980
2017/08/28 05:00:00,1.192110,1.194310,1.191770,1.193550,1.191980,1.194200,1.191640,1.193430
2017/08/28 13:00:00,1.193550,1.198440,1.192660,1.197940,1.193430,1.198340,1.192550,1.197800
2017/08/28 21:00:00,1.197940,1.198690,1.195620,1.197520,1.197800,1.198560,1.195500,1.197400
2017/08/29 05:00:00,1.197520,1.207100,1.197240,1.202970,1.197400,1.206990,1.197120,1.202850
2017/08/29 13:00:00,1.202970,1.203870,1.194670,1.197310,1.202850,1.203760,1.194560,1.197150
2017/08/29 21:00:00,1.197310,1.198490,1.196370,1.197420,1.197150,1.198370,1.196220,1.197310
2017/08/30 05:00:00,1.197420,1.197550,1.189430,1.191890,1.197310,1.197430,1.189260,1.191790
2017/08/30 13:00:00,1.191890,1.193850,1.188130,1.188480,1.191790,1.193740,1.188010,1.188300
2017/08/30 21:00:00,1.188480,1.189800,1.187200,1.187940,1.188300,1.189660,1.187080,1.187830
2017/08/31 05:00:00,1.187940,1.190630,1.182360,1.184400,1.187830,1.190530,1.182250,1.184280
2017/08/31 13:00:00,1.184400,1.191350,1.183620,1.191040,1.184280,1.191250,1.183520,1.190870
2017/08/31 21:00:00,1.191040,1.192370,1.189590,1.189810,1.190870,1.192240,1.189470,1.189690
2017/09/01 05:00:00,1.189810,1.198040,1.187960,1.190690,1.189690,1.197930,1.187850,1.190570
2017/09/01 13:00:00,1.190690,1.192160,1.185030,1.186340,1.190570,1.192040,1.184860,1.186080
2017/09/03 13:00:00,1.186340,1.189260,1.185450,1.188560,1.186080,1.189020,1.185240,1.188380
2017/09/03 21:00:00,1.188560,1.189060,1.187530,1.188260,1.188380,1.188950,1.187190,1.188140
2017/09/04 05:00:00,1.188260,1.192270,1.188150,1.189740,1.188140,1.192160,1.188040,1.189610
2017/09/04 13:00:00,1.189740,1.192050,1.188980,1.190190,1.189610,1.191940,1.188820,1.189220
2017/09/04 21:00:00,1.190190,1.191200,1.189060,1.190620,1.189220,1.191070,1.188940,1.190510
2017/09/05 05:00:00,1.190620,1.190940,1.186880,1.190120,1.190510,1.190840,1.186770,1.190000
2017/09/05 13:00:00,1.190120,1.194140,1.188720,1.191640,1.190000,1.194030,1.188600,1.191070
2017/09/05 21:00:00,1.191640,1.192530,1.190360,1.191480,1.191070,1.192410,1.190250,1.191360
2017/09/06 05:00:00,1.191480,1.195020,1.191000,1.193220,1.191360,1.194910,1.190900,1.193110
2017/09/06 13:00:00,1.193220,1.195080,1.190850,1.191770,1.193110,1.195000,1.190720,1.191620
2017/09/06 21:00:00,1.191770,1.193540,1.191700,1.192490,1.191620,1.193420,1.191320,1.192390
2017/09/07 05:00:00,1.192490,1.205400,1.191470,1.204300,1.192390,1.205250,1.191360,1.204190
2017/09/07 13:00:00,1.204300,1.206020,1.197350,1.202740,1.204190,1.205910,1.197190,1.202210
2017/09/07 21:00:00,1.202740,1.209040,1.201840,1.207050,1.202210,1.208930,1.201740,1.206930
2017/09/08 05:00:00,1.207050,1.209310,1.203510,1.204290,1.206930,1.209190,1.203390,1.204180
2017/09/08 13:00:00,1.204290,1.205150,1.201510,1.204150,1.204180,1.205040,1.201410,1.203440
2017/09/10 13:00:00,1.204150,1.204150,1.201360,1.202260,1.203440,1.203440,1.201050,1.201440
2017/09/10 21:00:00,1.202260,1.202810,1.199960,1.200820,1.201440,1.202500,1.199840,1.200700
2017/09/11 05:00:00,1.200820,1.203010,1.197960,1.198510,1.200700,1.202910,1.197860,1.198400
2017/09/11 13:00:00,1.198510,1.199370,1.194830,1.195350,1.198400,1.199250,1.194740,1.195090
2017/09/11 21:00:00,1.195350,1.196500,1.194640,1.195620,1.195090,1.196380,1.194520,1.195520
2017/09/12 05:00:00,1.195620,1.197880,1.192680,1.193030,1.195520,1.197770,1.192570,1.192910
2017/09/12 13:00:00,1.193030,1.197440,1.193030,1.196750,1.192910,1.197330,1.192900,1.196600
2017/09/12 21:00:00,1.196750,1.199380,1.196030,1.198400,1.196600,1.199260,1.195890,1.198290
2017/09/13 05:00:00,1.198400,1.199560,1.196510,1.197450,1.198290,1.199440,1.196400,1.197330
2017/09/13 13:00:00,1.197450,1.197540,1.187360,1.188630,1.197330,1.197410,1.187260,1.188470
2017/09/13 21:00:00,1.188630,1.189500,1.187100,1.187870,1.188470,1.189370,1.186990,1.187760
2017/09/14 05:00:00,1.187870,1.191040,1.183790,1.189310,1.187760,1.190940,1.183670,1.189210
2017/09/14 13:00:00,1.189310,1.192290,1.186900,1.191910,1.189210,1.192180,1.186780,1.191760
2017/09/14 21:00:00,1.191910,1.192440,1.190160,1.191310,1.191760,1.192330,1.190050,1.191190
2017/09/15 05:00:00,1.191310,1.198820,1.190570,1.197450,1.191190,1.198680,1.190450,1.197340
2017/09/15 13:00:00,1.197450,1.198730,1.193010,1.194720,1.197340,1.198630,1.192900,1.194000
2017/09/17 13:00:00,1.194720,1.194720,1.192180,1.192190,1.194000,1.194000,1.191850,1.192040
2017/09/17 21:00:00,1.192190,1.195570,1.192080,1.194130,1.192040,1.195440,1.191940,1.194020
2017/09/18 05:00:00,1.194130,1.197000,1.191530,1.196180,1.194020,1.196880,1.191410,1.196060
2017/09/18 13:00:00,1.196180,1.196770,1.192310,1.195490,1.196060,1.196650,1.192180,1.194820
2017/09/18 21:00:00,1.195490,1.198040,1.195070,1.197640,1.194820,1.197940,1.194820,1.197520
2017/09/19 05:00:00,1.197640,1.200680,1.195430,1.198490,1.197520,1.200600,1.195250,1.198360
2017/09/19 13:00:00,1.198490,1.200740,1.196100,1.199500,1.198360,1.200610,1.195970,1.199390
2017/09/19 21:00:00,1.199500,1.202020,1.198730,1.200750,1.199390,1.201910,1.198630,1.200630
2017/09/20 05:00:00,1.200750,1.202270,1.198930,1.199280,1.200630,1.202140,1.198840,1.199150
2017/09/20 13:00:00,1.199280,1.203690,1.186190,1.189520,1.199150,1.203380,1.186070,1.188990
2017/09/20 21:00:00,1.189520,1.189950,1.186630,1.188400,1.188990,1.189700,1.186530,1.188280
2017/09/21 05:00:00,1.188400,1.192350,1.187710,1.191730,1.188280,1.192230,1.187600,1.191600
2017/09/21 13:00:00,1.191730,1.195440,1.190910,1.194210,1.191600,1.195330,1.190790,1.194100
2017/09/21 21:00:00,1.194210,1.196540,1.193830,1.196080,1.194100,1.196430,1.193630,1.195960
2017/09/22 05:00:00,1.196080,1.200520,1.195830,1.197220,1.195960,1.200420,1.195720,1.197100
2017/09/22 13:00:00,1.197220,1.198440,1.193770,1.194830,1.197100,1.198340,1.193660,1.194690
2017/09/24 13:00:00,1.194830,1.194830,1.189760,1.189980,1.194690,1.194690,1.189590,1.189850
2017/09/24 21:00:00,1.189980,1.193720,1.189940,1.193390,1.189850,1.193600,1.189590,1.193270
2017/09/25 05:00:00,1.193390,1.193610,1.186460,1.187350,1.193270,1.193500,1.186360,1.187240
2017/09/25 13:00:00,1.187350,1.189060,1.183250,1.184930,1.187240,1.188950,1.183160,1.184770
2017/09/25 21:00:00,1.184930,1.186220,1.184600,1.185400,1.184770,1.186110,1.184410,1.185300
2017/09/26 05:00:00,1.185400,1.185960,1.178130,1.179240,1.185300,1.185850,1.178030,1.179130
2017/09/26 13:00:00,1.179240,1.181100,1.175770,1.179430,1.179130,1.180990,1.175700,1.179130
2017/09/26 21:00:00,1.179430,1.179600,1.177740,1.178000,1.179130,1.179480,1.177610,1.177910
2017/09/27 05:00:00,1.178000,1.178470,1.171870,1.172080,1.177910,1.178370,1.171780,1.171970
2017/09/27 13:00:00,1.172080,1.177710,1.171750,1.174550,1.171970,1.177610,1.171660,1.174390
2017/09/27 21:00:00,1.174550,1.175670,1.172740,1.173250,1.174390,1.175590,1.172660,1.173140
2017/09/28 05:00:00,1.173250,1.178530,1.172180,1.176750,1.173140,1.178430,1.172070,1.176650
2017/09/28 13:00:00,1.176750,1.180480,1.176710,1.178680,1.176650,1.180360,1.176610,1.178520
2017/09/28 21:00:00,1.178680,1.179120,1.177630,1.177950,1.178520,1.179010,1.177540,1.177840
2017/09/29 05:00:00,1.177950,1.183310,1.177310,1.182990,1.177840,1.183200,1.177200,1.182880
2017/09/29 13:00:00,1.182990,1.183250,1.179180,1.181910,1.182880,1.183130,1.179090,1.181140
2017/10/01 13:00:00,1.181910,1.181910,1.177670,1.179510,1.181140,1.181140,1.177540,1.178790
2017/10/01 21:00:00,1.179510,1.181640,1.177130,1.177740,1.178790,1.181460,1.176990,1.177610
2017/10/02 05:00:00,1.177740,1.177740,1.173070,1.175830,1.177610,1.177620,1.172970,1.175720
2017/10/02 13:00:00,1.175830,1.176180,1.173120,1.173380,1.175720,1.176060,1.173000,1.173150
2017/10/02 21:00:00,1.173380,1.174090,1.170260,1.170730,1.173150,1.173960,1.170140,1.170620
2017/10/03 05:00:00,1.170730,1.176270,1.169640,1.174930,1.170620,1.176160,1.169560,1.174830
2017/10/03 13:00:00,1.174930,1.177430,1.173970,1.174530,1.174830,1.177320,1.173870,1.174350
2017/10/03 21:00:00,1.174530,1.178040,1.173620,1.176780,1.174350,1.177930,1.173450,1.176660
2017/10/04 05:00:00,1.176780,1.178910,1.174780,1.177230,1.176660,1.178740,1.174670,1.177120
2017/10/04 13:00:00,1.177230,1.177370,1.174720,1.176180,1.177120,1.177260,1.174610,1.175790
2017/10/04 21:00:00,1.176180,1.176460,1.175180,1.175980,1.175790,1.176270,1.175070,1.175860
2017/10/05 05:00:00,1.175980,1.177960,1.172540,1.173130,1.175860,1.177840,1.172450,1.173020
2017/10/05 13:00:00,1.173130,1.173600,1.169970,1.171230,1.173020,1.173490,1.169860,1.171020
2017/10/05 21:00:00,1.171230,1.171630,1.168650,1.170040,1.171020,1.171520,1.168550,1.169910
2017/10/06 05:00:00,1.170040,1.171530,1.166990,1.169130,1.169910,1.171420,1.166860,1.169020
2017/10/06 13:00:00,1.169130,1.173940,1.168460,1.173730,1.169020,1.173860,1.168360,1.173300
2017/10/08 13:00:00,1.173730,1.173960,1.171970,1.173160,1.173300,1.173740,1.171510,1.172720
2017/10/08 21:00:00,1.173160,1.174830,1.173160,1.173620,1.172720,1.174710,1.172720,1.173510
2017/10/09 05:00:00,1.173620,1.174850,1.172010,1.173920,1.173510,1.174750,1.171900,1.173810
2017/10/09 13:00:00,1.173920,1.175650,1.172570,1.174140,1.173810,1.175570,1.172470,1.173950
2017/10/09 21:00:00,1.174140,1.178290,1.174000,1.177100,1.173950,1.178200,1.173850,1.177000
2017/10/10 05:00:00,1.177100,1.180760,1.176290,1.178780,1.177000,1.180670,1.176180,1.178660
2017/10/10 13:00:00,1.178780,1.182610,1.178270,1.180920,1.178660,1.182510,1.178170,1.180710
2017/10/10 21:00:00,1.180920,1.182840,1.179580,1.181450,1.180710,1.182720,1.179470,1.181330
2017/10/11 05:00:00,1.181450,1.184740,1.180200,1.184480,1.181330,1.184620,1.180090,1.184370
2017/10/11 13:00:00,1.184480,1.186980,1.183760,1.186120,1.184370,1.186870,1.183640,1.185750
2017/10/11 21:00:00,1.186120,1.187890,1.185810,1.187680,1.185750,1.187770,1.185540,1.187560
2017/10/12 05:00:00,1.187680,1.188040,1.184100,1.184810,1.187560,1.187980,1.184000,1.184690
2017/10/12 13:00:00,1.184810,1.185240,1.182760,1.183110,1.184690,1.185140,1.182650,1.182910
2017/10/12 21:00:00,1.183110,1.185210,1.182590,1.184610,1.182910,1.185100,1.182470,1.184500
2017/10/13 05:00:00,1.184610,1.187480,1.180590,1.185740,1.184500,1.187370,1.180480,1.185620
2017/10/13 13:00:00,1.185740,1.187550,1.181120,1.182550,1.185620,1.187460,1.181010,1.181710
2017/10/15 13:00:00,1.182550,1.182550,1.181480,1.181570,1.181710,1.181710,1.180990,1.180990
2017/10/15 21:00:00,1.181570,1.181990,1.179870,1.180980,1.180990,1.181890,1.179750,1.180870
2017/10/16 05:00:00,1.180980,1.181750,1.178090,1.180750,1.180870,1.181650,1.178000,1.180640
2017/10/16 13:00:00,1.180750,1.182030,1.178650,1.179710,1.180640,1.181920,1.178560,1.179500
2017/10/16 21:00:00,1.179710,1.180100,1.177560,1.177810,1.179500,1.179960,1.177440,1.177690
2017/10/17 05:00:00,1.177810,1.178100,1.175190,1.175190,1.177690,1.177980,1.175090,1.175090
2017/10/17 13:00:00,1.175190,1.177560,1.173670,1.176730,1.175090,1.177460,1.173560,1.176540
2017/10/17 21:00:00,1.176730,1.178140,1.176290,1.176450,1.176540,1.178030,1.176180,1.176340
2017/10/18 05:00:00,1.176450,1.177140,1.173070,1.176540,1.176340,1.177040,1.172970,1.176430
2017/10/18 13:00:00,1.176540,1.180600,1.176030,1.178830,1.176430,1.180490,1.175930,1.178700
2017/10/18 21:00:00,1.178830,1.181720,1.178830,1.180300,1.178700,1.181630,1.178590,1.180200
2017/10/19 05:00:00,1.180300,1.184290,1.176860,1.183090,1.180200,1.184180,1.176750,1.182980
2017/10/19 13:00:00,1.183090,1.185860,1.182680,1.185440,1.182980,1.185760,1.182570,1.185040
2017/10/19 21:00:00,1.185440,1.185860,1.180800,1.181560,1.185040,1.185750,1.180700,1.181460
2017/10/20 05:00:00,1.181560,1.182690,1.179110,1.180170,1.181460,1.182580,1.179020,1.180050
2017/10/20 13:00:00,1.180170,1.180550,1.176300,1.178270,1.180050,1.180480,1.176200,1.177680
2017/10/22 13:00:00,1.178270,1.178270,1.176020,1.176600,1.177680,1.177680,1.175640,1.176360
2017/10/22 21:00:00,1.176600,1.177540,1.175180,1.177040,1.176360,1.177400,1.175080,1.176930
2017/10/23 05:00:00,1.177040,1.177790,1.173370,1.173620,1.176930,1.177690,1.173280,1.173510
2017/10/23 13:00:00,1.173620,1.176410,1.172530,1.175000,1.173510,1.176300,1.172440,1.174880
2017/10/23 21:00:00,1.175000,1.177070,1.174760,1.176240,1.174880,1.176960,1.174450,1.176130
2017/10/24 05:00:00,1.176240,1.177030,1.174340,1.176150,1.176130,1.176940,1.174230,1.176040
2017/10/24 13:00:00,1.176150,1.179350,1.175460,1.176270,1.176040,1.179240,1.175360,1.176130
2017/10/24 21:00:00,1.176270,1.177070,1.175370,1.175830,1.176130,1.176960,1.175260,1.175740
2017/10/25 05:00:00,1.175830,1.178650,1.175590,1.177730,1.175740,1.178570,1.175490,1.177610
2017/10/25 13:00:00,1.177730,1.181830,1.177730,1.181370,1.177610,1.181730,1.177610,1.181230
2017/10/25 21:00:00,1.181370,1.183340,1.181310,1.182650,1.181230,1.183240,1.181120,1.182540
2017/10/26 05:00:00,1.182650,1.183740,1.173870,1.177030,1.182540,1.183640,1.173760,1.176910
2017/10/26 13:00:00,1.177030,1.178620,1.164100,1.165100,1.176910,1.178520,1.163990,1.164950
2017/10/26 21:00:00,1.165100,1.165810,1.162500,1.163580,1.164950,1.165640,1.162390,1.163480
2017/10/27 05:00:00,1.163580,1.164440,1.158800,1.159960,1.163480,1.164330,1.158700,1.159850
2017/10/27 13:00:00,1.159960,1.162460,1.157440,1.161320,1.159850,1.162340,1.157370,1.160500
2017/10/29 13:00:00,1.161320,1.161910,1.160480,1.161450,1.160500,1.161420,1.159950,1.160870
2017/10/29 21:00:00,1.161450,1.161790,1.159450,1.161770,1.160870,1.161680,1.159320,1.161680
2017/10/30 05:00:00,1.161770,1.164260,1.160210,1.161500,1.161680,1.164170,1.160100,1.161390
2017/10/30 13:00:00,1.161500,1.165850,1.160410,1.165140,1.161390,1.165740,1.160310,1.165010
2017/10/30 21:00:00,1.165140,1.165360,1.162610,1.162630,1.165010,1.165250,1.162500,1.162520
2017/10/31 05:00:00,1.162630,1.165070,1.162550,1.163660,1.162520,1.164950,1.162440,1.163530
2017/10/31 13:00:00,1.163660,1.166210,1.162720,1.164700,1.163530,1.166100,1.162610,1.164560
2017/10/31 21:00:00,1.164700,1.165540,1.162960,1.163160,1.164560,1.165450,1.162850,1.163040
2017/11/01 05:00:00,1.163160,1.165780,1.161480,1.161820,1.163040,1.165700,1.161370,1.161710
2017/11/01 13:00:00,1.161820,1.164390,1.160680,1.162020,1.161710,1.164280,1.160580,1.161720
2017/11/01 21:00:00,1.162020,1.167250,1.161400,1.165820,1.161720,1.167130,1.161270,1.165700
2017/11/02 05:00:00,1.165820,1.166820,1.162650,1.165270,1.165700,1.166720,1.162540,1.165150
2017/11/02 13:00:00,1.165270,1.168780,1.163560,1.165910,1.165150,1.168690,1.163460,1.165780
2017/11/02 21:00:00,1.165910,1.166680,1.165490,1.166270,1.165780,1.166590,1.165380,1.166150
2017/11/03 05:00:00,1.166270,1.169680,1.163930,1.165520,1.166150,1.169130,1.163820,1.165400
2017/11/03 13:00:00,1.165520,1.165940,1.159970,1.161160,1.165400,1.165830,1.159870,1.160680
2017/11/05 14:00:00,1.161160,1.162110,1.161160,1.161860,1.160680,1.161940,1.160680,1.161350
2017/11/05 22:00:00,1.161860,1.162470,1.159710,1.161300,1.161350,1.162350,1.159630,1.161190
2017/11/06 06:00:00,1.161300,1.161730,1.158430,1.158600,1.161190,1.161630,1.158320,1.158490
2017/11/06 14:00:00,1.158600,1.161670,1.158080,1.161170,1.158490,1.161560,1.157980,1.160770
2017/11/06 22:00:00,1.161170,1.161740,1.160260,1.160620,1.160770,1.161500,1.160130,1.160500
2017/11/07 06:00:00,1.160620,1.160980,1.155430,1.156310,1.160500,1.160870,1.155340,1.156210
2017/11/07 14:00:00,1.156310,1.159330,1.156060,1.158750,1.156210,1.159220,1.155950,1.158510
2017/11/07 22:00:00,1.158750,1.160690,1.158750,1.159650,1.158510,1.160570,1.158490,1.159550
2017/11/08 06:00:00,1.159650,1.161180,1.158430,1.159170,1.159550,1.161070,1.158320,1.159070
2017/11/08 14:00:00,1.159170,1.160470,1.157950,1.159690,1.159070,1.160350,1.157870,1.159400
2017/11/08 22:00:00,1.159690,1.160540,1.158620,1.160390,1.159400,1.160440,1.158510,1.160260
2017/11/09 06:00:00,1.160390,1.164490,1.159030,1.160500,1.160260,1.164400,1.158930,1.160390
2017/11/09 14:00:00,1.160500,1.165540,1.160090,1.164250,1.160390,1.165450,1.159970,1.164110
2017/11/09 22:00:00,1.164250,1.165510,1.163920,1.164650,1.164110,1.165400,1.163800,1.164540
2017/11/10 06:00:00,1.164650,1.166280,1.162330,1.164870,1.164540,1.166170,1.162240,1.164760
2017/11/10 14:00:00,1.164870,1.167850,1.164860,1.166700,1.164760,1.167740,1.164750,1.166220
2017/11/12 14:00:00,1.166700,1.167120,1.165710,1.166080,1.166220,1.166700,1.165010,1.165550
2017/11/12 22:00:00,1.166080,1.166830,1.164560,1.165880,1.165550,1.166430,1.164440,1.165750
2017/11/13 06:00:00,1.165880,1.167580,1.163810,1.167060,1.165750,1.167480,1.163690,1.166960
2017/11/13 14:00:00,1.167060,1.167470,1.165560,1.166780,1.166960,1.167370,1.165460,1.166630
2017/11/13 22:00:00,1.166780,1.167710,1.166210,1.167470,1.166630,1.167610,1.166090,1.167350
2017/11/14 06:00:00,1.167470,1.176460,1.166540,1.175240,1.167350,1.176340,1.166440,1.175120
2017/11/14 14:00:00,1.175240,1.180580,1.174470,1.179850,1.175120,1.180460,1.174410,1.179710
2017/11/14 22:00:00,1.179850,1.180340,1.178640,1.178720,1.179710,1.180180,1.178540,1.178610
2017/11/15 06:00:00,1.178720,1.186150,1.178540,1.184520,1.178610,1.186060,1.178420,1.184410
2017/11/15 14:00:00,1.184520,1.184540,1.178930,1.179230,1.184410,1.184440,1.178820,1.178990
2017/11/15 22:00:00,1.179230,1.179320,1.176880,1.177990,1.178990,1.179150,1.176750,1.177870
2017/11/16 06:00:00,1.177990,1.180160,1.175720,1.177590,1.177870,1.180050,1.175610,1.177480
2017/11/16 14:00:00,1.177590,1.178570,1.175980,1.177120,1.177480,1.178460,1.175880,1.176850
2017/11/16 22:00:00,1.177120,1.182240,1.176600,1.180430,1.176850,1.182130,1.176480,1.180310
2017/11/17 06:00:00,1.180430,1.181650,1.177450,1.178790,1.180310,1.181550,1.177340,1.178670
2017/11/17 14:00:00,1.178790,1.180670,1.177690,1.179530,1.178670,1.180550,1.177580,1.178690
2017/11/19 14:00:00,1.179530,1.179530,1.178980,1.178980,1.178690,1.178690,1.178360,1.178450
2017/11/19 22:00:00,1.178980,1.179920,1.172300,1.173420,1.178450,1.179650,1.172160,1.173320
2017/11/20 06:00:00,1.173420,1.180930,1.173270,1.177140,1.173320,1.180820,1.173160,1.177040
2017/11/20 14:00:00,1.177140,1.177610,1.172860,1.173310,1.177040,1.177510,1.172750,1.173170
2017/11/20 22:00:00,1.173310,1.174510,1.173090,1.174230,1.173170,1.174410,1.172960,1.174110
2017/11/21 06:00:00,1.174230,1.175830,1.171330,1.172280,1.174110,1.175720,1.171240,1.172160
2017/11/21 14:00:00,1.172280,1.175260,1.171880,1.173870,1.172160,1.175150,1.171760,1.173730
2017/11/21 22:00:00,1.173870,1.174840,1.173350,1.174490,1.173730,1.174730,1.173170,1.174360
2017/11/22 06:00:00,1.174490,1.177380,1.173610,1.175150,1.174360,1.177270,1.173500,1.175030
2017/11/22 14:00:00,1.175150,1.182760,1.175080,1.182350,1.175030,1.182650,1.174970,1.182200
2017/11/22 22:00:00,1.182350,1.183890,1.181380,1.183010,1.182200,1.183770,1.181260,1.182890
2017/11/23 06:00:00,1.183010,1.185670,1.182440,1.184990,1.182890,1.185550,1.182330,1.184870
2017/11/23 14:00:00,1.184990,1.185530,1.184050,1.185270,1.184870,1.185410,1.183960,1.184780
2017/11/23 22:00:00,1.185270,1.185960,1.183740,1.185240,1.184780,1.185840,1.183630,1.185140
2017/11/24 06:00:00,1.185240,1.189950,1.183740,1.189710,1.185140,1.189840,1.183640,1.189610
2017/11/24 14:00:00,1.189710,1.194490,1.189550,1.193730,1.189610,1.194380,1.189470,1.192850
2017/11/26 14:00:00,1.193730,1.194510,1.192950,1.193010,1.192850,1.193890,1.192160,1.192300
2017/11/26 22:00:00,1.193010,1.193690,1.191240,1.192900,1.192300,1.193560,1.191130,1.192770
2017/11/27 06:00:00,1.192900,1.196180,1.191800,1.195950,1.192770,1.196070,1.191680,1.195830
2017/11/27 14:00:00,1.195950,1.195950,1.189620,1.189900,1.195830,1.195840,1.189510,1.189760
2017/11/27 22:00:00,1.189900,1.190950,1.189250,1.190250,1.189760,1.190830,1.189020,1.190140
2017/11/28 06:00:00,1.190250,1.192050,1.187530,1.189450,1.190140,1.191950,1.187430,1.189350
2017/11/28 14:00:00,1.189450,1.189970,1.182760,1.184330,1.189350,1.189860,1.182650,1.183700
2017/11/28 22:00:00,1.184330,1.185690,1.184020,1.185180,1.183700,1.185570,1.183660,1.185060
2017/11/29 06:00:00,1.185180,1.188350,1.181760,1.183800,1.185060,1.188240,1.181640,1.183700
2017/11/29 14:00:00,1.183800,1.186650,1.182910,1.184780,1.183700,1.186570,1.182800,1.184640
2017/11/29 22:00:00,1.184780,1.187160,1.184760,1.186500,1.184640,1.187050,1.184540,1.186390
2017/11/30 06:00:00,1.186500,1.187660,1.180950,1.185950,1.186390,1.187540,1.180830,1.185840
2017/11/30 14:00:00,1.185950,1.193210,1.185950,1.190450,1.185840,1.193120,1.185840,1.190320
2017/11/30 22:00:00,1.190450,1.193010,1.188820,1.192810,1.190320,1.192910,1.188680,1.192690
2017/12/01 06:00:00,1.192810,1.194100,1.186380,1.186980,1.192690,1.193990,1.186280,1.186870
2017/12/01 14:00:00,1.186980,1.193550,1.185140,1.190250,1.186870,1.193440,1.185030,1.189420
2017/12/03 14:00:00,1.190250,1.190250,1.185160,1.186510,1.189420,1.189420,1.184940,1.186000
2017/12/03 22:00:00,1.186510,1.187660,1.185660,1.186830,1.186000,1.187550,1.185550,1.186720
2017/12/04 06:00:00,1.186830,1.187920,1.183690,1.184620,1.186720,1.187810,1.183580,1.184520
2017/12/04 14:00:00,1.184620,1.186920,1.182980,1.186720,1.184520,1.186790,1.182870,1.186410
2017/12/04 22:00:00,1.186720,1.187730,1.186250,1.186800,1.186410,1.187630,1.186150,1.186680
2017/12/05 06:00:00,1.186800,1.187730,1.182830,1.183540,1.186680,1.187630,1.182720,1.183430
2017/12/05 14:00:00,1.183540,1.184360,1.180100,1.182690,1.183430,1.184240,1.180030,1.182470
2017/12/05 22:00:00,1.182690,1.184870,1.181680,1.184470,1.182470,1.184760,1.181580,1.184360
2017/12/06 06:00:00,1.184470,1.184490,1.180020,1.180830,1.184360,1.184370,1.179940,1.180730
2017/12/06 14:00:00,1.180830,1.180880,1.178120,1.179660,1.180730,1.180770,1.178010,1.179510
2017/12/06 22:00:00,1.179660,1.180950,1.178990,1.179270,1.179510,1.180830,1.178870,1.179150
2017/12/07 06:00:00,1.179270,1.180540,1.177650,1.180010,1.179150,1.180440,1.177560,1.179900
2017/12/07 14:00:00,1.180010,1.181530,1.177250,1.177350,1.179900,1.181420,1.177130,1.177210
2017/12/07 22:00:00,1.177350,1.177740,1.176100,1.176580,1.177210,1.177610,1.175990,1.176470
2017/12/08 06:00:00,1.176580,1.176950,1.173060,1.176320,1.176470,1.176830,1.172960,1.176210
2017/12/08 14:00:00,1.176320,1.177770,1.174720,1.177770,1.176210,1.177310,1.174620,1.176890
2017/12/10 14:00:00,1.177770,1.177770,1.176540,1.176760,1.176890,1.176890,1.176100,1.176200
2017/12/10 22:00:00,1.176760,1.178510,1.176560,1.178080,1.176200,1.178390,1.176140,1.177960
2017/12/11 06:00:00,1.178080,1.180400,1.177580,1.177880,1.177960,1.180280,1.177470,1.177770
2017/12/11 14:00:00,1.177880,1.181230,1.176450,1.176940,1.177770,1.181120,1.176370,1.176800
2017/12/11 22:00:00,1.176940,1.178050,1.176510,1.177370,1.176800,1.177930,1.176400,1.177250
2017/12/12 06:00:00,1.177370,1.179340,1.175030,1.175120,1.177250,1.179220,1.174930,1.175010
2017/12/12 14:00:00,1.175120,1.175260,1.171810,1.174260,1.175010,1.175160,1.171710,1.174130
2017/12/12 22:00:00,1.174260,1.176260,1.173640,1.175530,1.174130,1.176160,1.173490,1.175420
2017/12/13 06:00:00,1.175530,1.177150,1.173000,1.175840,1.175420,1.177040,1.172900,1.175720
2017/12/13 14:00:00,1.175840,1.183230,1.174820,1.182660,1.175720,1.183100,1.174710,1.182530
2017/12/13 22:00:00,1.182660,1.184430,1.182240,1.182740,1.182530,1.184340,1.182100,1.182630
2017/12/14 06:00:00,1.182740,1.186320,1.181150,1.182150,1.182630,1.186230,1.181030,1.182040
2017/12/14 14:00:00,1.182150,1.182740,1.177130,1.177890,1.182040,1.182640,1.177020,1.177750
2017/12/14 22:00:00,1.177890,1.179180,1.176530,1.178440,1.177750,1.179060,1.176420,1.178320
2017/12/15 06:00:00,1.178440,1.181290,1.177980,1.180010,1.178320,1.181180,1.177880,1.179900
2017/12/15 14:00:00,1.180010,1.180090,1.175070,1.175480,1.179900,1.179980,1.174500,1.174600
2017/12/17 14:00:00,1.175480,1.175670,1.174040,1.174720,1.174600,1.175250,1.173690,1.174140
2017/12/17 22:00:00,1.174720,1.176590,1.173900,1.176150,1.174140,1.176470,1.173640,1.176030
2017/12/18 06:00:00,1.176150,1.179970,1.176150,1.179410,1.176030,1.179870,1.176030,1.179310
2017/12/18 14:00:00,1.179410,1.183480,1.177560,1.178280,1.179310,1.183390,1.177470,1.178140
2017/12/18 22:00:00,1.178280,1.179660,1.177700,1.179300,1.178140,1.179540,1.177600,1.179180
2017/12/19 06:00:00,1.179300,1.183250,1.179090,1.182730,1.179180,1.183140,1.178970,1.182630
2017/12/19 14:00:00,1.182730,1.184940,1.180510,1.184090,1.182630,1.184820,1.180420,1.183800
2017/12/19 22:00:00,1.184090,1.184760,1.183610,1.184650,1.183800,1.184640,1.183490,1.184550
2017/12/20 06:00:00,1.184650,1.185870,1.182950,1.184450,1.184550,1.185770,1.182840,1.184340
2017/12/20 14:00:00,1.184450,1.190230,1.184390,1.187230,1.184340,1.190130,1.184290,1.187080
2017/12/20 22:00:00,1.187230,1.188290,1.186390,1.186860,1.187080,1.188150,1.186270,1.186740
2017/12/21 06:00:00,1.186860,1.189010,1.185180,1.185920,1.186740,1.188900,1.185070,1.185810
2017/12/21 14:00:00,1.185920,1.187970,1.184980,1.187570,1.185810,1.187860,1.184880,1.187370
2017/12/21 22:00:00,1.187570,1.187630,1.181760,1.185020,1.187370,1.187510,1.181650,1.184900
2017/12/22 06:00:00,1.185020,1.186280,1.184530,1.185530,1.184900,1.186180,1.184420,1.185420
2017/12/22 14:00:00,1.185530,1.186720,1.182880,1.186720,1.185420,1.186350,1.182780,1.185840
2017/12/25 22:00:00,1.186720,1.187220,1.186720,1.187140,1.185840,1.187100,1.185840,1.187020
2017/12/26 06:00:00,1.187140,1.187630,1.184720,1.185580,1.187020,1.187510,1.184610,1.185470
2017/12/26 14:00:00,1.185580,1.187960,1.185580,1.185920,1.185470,1.187830,1.185470,1.185760
2017/12/26 22:00:00,1.185920,1.188100,1.185570,1.187860,1.185760,1.187990,1.185460,1.187750
2017/12/27 06:00:00,1.187860,1.190490,1.186500,1.190180,1.187750,1.190390,1.186400,1.190060
2017/12/27 14:00:00,1.190180,1.191090,1.188520,1.188900,1.190060,1.190990,1.188410,1.188580
2017/12/27 22:00:00,1.188900,1.193360,1.188900,1.193240,1.188580,1.193250,1.188560,1.193120
2017/12/28 06:00:00,1.193240,1.194810,1.192400,1.194780,1.193120,1.194710,1.192290,1.194680
2017/12/28 14:00:00,1.194780,1.195970,1.193690,1.194310,1.194680,1.195860,1.193600,1.194190
2017/12/28 22:00:00,1.194310,1.195030,1.193740,1.194970,1.194190,1.194910,1.193570,1.194850
2017/12/29 06:00:00,1.194970,1.199930,1.194660,1.198750,1.194850,1.199830,1.194550,1.198640
2017/12/29 14:00:00,1.198750,1.202610,1.198600,1.200970,1.198640,1.202500,1.198500,1.200440
