StartDate,AskOpen,AskHigh,AskLow,AskClose,BidOpen,BidHigh,BidLow,BidClose
2017/09/01 00:00:00,1.190990,1.191150,1.190730,1.190870,1.190870,1.191030,1.190610,1.190750
2017/09/01 00:30:00,1.190870,1.191100,1.190630,1.191040,1.190750,1.190990,1.190520,1.190940
2017/09/01 01:00:00,1.191040,1.191200,1.190760,1.190770,1.190940,1.191080,1.190640,1.190650
2017/09/01 01:30:00,1.190770,1.190960,1.190480,1.190820,1.190650,1.190840,1.190350,1.190700
2017/09/01 02:00:00,1.190820,1.191330,1.190740,1.191040,1.190700,1.191230,1.190620,1.190920
2017/09/01 02:30:00,1.191040,1.191040,1.190530,1.190610,1.190920,1.190920,1.190410,1.190490
2017/09/01 03:00:00,1.190610,1.190950,1.190510,1.190930,1.190490,1.190830,1.190380,1.190820
2017/09/01 03:30:00,1.190930,1.190930,1.190120,1.190200,1.190820,1.190820,1.190000,1.190090
2017/09/01 04:00:00,1.190200,1.190450,1.189890,1.189940,1.190090,1.190330,1.189780,1.189820
2017/09/01 04:30:00,1.189940,1.190000,1.189590,1.189810,1.189820,1.189880,1.189470,1.189690
2017/09/01 05:00:00,1.189810,1.189820,1.189290,1.189380,1.189690,1.189700,1.189170,1.189250
2017/09/01 05:30:00,1.189380,1.189590,1.188830,1.189550,1.189250,1.189480,1.188690,1.189430
2017/09/01 06:00:00,1.189550,1.190560,1.189250,1.189700,1.189430,1.190450,1.189140,1.189590
2017/09/01 06:30:00,1.189700,1.190070,1.188320,1.188590,1.189590,1.189940,1.188210,1.188480
2017/09/01 07:00:00,1.188590,1.189080,1.188000,1.188830,1.188480,1.188970,1.187890,1.188730
2017/09/01 07:30:00,1.188830,1.189050,1.187960,1.188630,1.188730,1.188940,1.187850,1.188530
2017/09/01 08:00:00,1.188630,1.189840,1.188290,1.189800,1.188530,1.189730,1.188180,1.189700
2017/09/01 08:30:00,1.189800,1.190250,1.189300,1.189350,1.189700,1.190140,1.189200,1.189260
2017/09/01 09:00:00,1.189350,1.190550,1.189340,1.190050,1.189260,1.190450,1.189230,1.189940
2017/09/01 09:30:00,1.190050,1.190270,1.189180,1.189550,1.189940,1.190160,1.189080,1.189440
2017/09/01 10:00:00,1.189550,1.193110,1.189450,1.191150,1.189440,1.192930,1.189350,1.191030
2017/09/01 10:30:00,1.191150,1.191800,1.190990,1.191540,1.191030,1.191700,1.190880,1.191430
2017/09/01 11:00:00,1.191540,1.191900,1.191060,1.191780,1.191430,1.191790,1.190960,1.191670
2017/09/01 11:30:00,1.191780,1.192560,1.191580,1.191670,1.191670,1.192440,1.191480,1.191550
2017/09/01 12:00:00,1.191670,1.193050,1.191450,1.191770,1.191550,1.192920,1.190870,1.191270
2017/09/01 12:30:00,1.191770,1.198040,1.189380,1.190690,1.191270,1.197930,1.189260,1.190570
2017/09/01 13:00:00,1.190690,1.192160,1.189060,1.190100,1.190570,1.192040,1.188940,1.189980
2017/09/01 13:30:00,1.190100,1.190580,1.186480,1.186810,1.189980,1.190470,1.186360,1.186490
2017/09/01 14:00:00,1.186810,1.188050,1.185030,1.187540,1.186490,1.187920,1.184860,1.187420
2017/09/01 14:30:00,1.187540,1.189560,1.186920,1.187880,1.187420,1.189450,1.186810,1.187760
2017/09/01 15:00:00,1.187880,1.188770,1.186350,1.187040,1.187760,1.188670,1.186250,1.186930
2017/09/01 15:30:00,1.187040,1.188980,1.186910,1.187800,1.186930,1.188890,1.186800,1.187680
2017/09/01 16:00:00,1.187800,1.188880,1.187460,1.188230,1.187680,1.188770,1.187350,1.188120
2017/09/01 16:30:00,1.188230,1.188230,1.185580,1.185850,1.188120,1.188120,1.185470,1.185730
2017/09/01 17:00:00,1.185850,1.187110,1.185750,1.186310,1.185730,1.187000,1.185650,1.186200
2017/09/01 17:30:00,1.186310,1.187100,1.186000,1.186840,1.186200,1.186980,1.185880,1.186720
2017/09/01 18:00:00,1.186840,1.187620,1.186500,1.186580,1.186720,1.187500,1.186390,1.186460
2017/09/01 18:30:00,1.186580,1.186890,1.186300,1.186700,1.186460,1.186790,1.186210,1.186590
2017/09/01 19:00:00,1.186700,1.186900,1.186360,1.186590,1.186590,1.186790,1.186240,1.186520
2017/09/01 19:30:00,1.186590,1.186950,1.186320,1.186560,1.186520,1.186860,1.186210,1.186430
2017/09/01 20:00:00,1.186560,1.186560,1.186180,1.186200,1.186430,1.186460,1.186050,1.186100
2017/09/01 20:30:00,1.186200,1.186480,1.185930,1.186340,1.186100,1.186330,1.185810,1.186080
2017/09/03 19:00:00,1.186340,1.189180,1.185450,1.188080,1.186080,1.188940,1.185240,1.187700
2017/09/03 19:30:00,1.188080,1.189260,1.188080,1.188580,1.187700,1.189020,1.187700,1.188200
2017/09/03 20:00:00,1.188580,1.188690,1.187860,1.188340,1.188200,1.188220,1.187530,1.187660
2017/09/03 20:30:00,1.188340,1.189060,1.188060,1.188560,1.187660,1.188700,1.187640,1.188380
2017/09/03 21:00:00,1.188560,1.188970,1.187660,1.188160,1.188380,1.188420,1.187440,1.187640
2017/09/03 21:30:00,1.188160,1.188520,1.187850,1.188050,1.187640,1.188100,1.187490,1.187880
2017/09/03 22:00:00,1.188050,1.188210,1.187530,1.187810,1.187880,1.188070,1.187190,1.187670
2017/09/03 22:30:00,1.187810,1.188510,1.187780,1.187920,1.187670,1.188400,1.187650,1.187790
2017/09/03 23:00:00,1.187920,1.188490,1.187850,1.188330,1.187790,1.188370,1.187730,1.188210
2017/09/03 23:30:00,1.188330,1.188490,1.187800,1.188260,1.188210,1.188380,1.187680,1.188150
2017/09/04 00:00:00,1.188260,1.188690,1.188080,1.188120,1.188150,1.188580,1.187970,1.188000
2017/09/04 00:30:00,1.188120,1.188530,1.187870,1.188100,1.188000,1.188410,1.187750,1.187980
2017/09/04 01:00:00,1.188100,1.189060,1.187840,1.188680,1.187980,1.188950,1.187730,1.188550
2017/09/04 01:30:00,1.188680,1.188860,1.188360,1.188410,1.188550,1.188740,1.188250,1.188300
2017/09/04 02:00:00,1.188410,1.188570,1.187880,1.188100,1.188300,1.188450,1.187760,1.187990
2017/09/04 02:30:00,1.188100,1.188630,1.188050,1.188430,1.187990,1.188510,1.187940,1.188340
2017/09/04 03:00:00,1.188430,1.188700,1.188150,1.188200,1.188340,1.188570,1.188030,1.188090
2017/09/04 03:30:00,1.188200,1.188320,1.188000,1.188050,1.188090,1.188210,1.187880,1.187950
2017/09/04 04:00:00,1.188050,1.188270,1.187920,1.188090,1.187950,1.188150,1.187810,1.187980
2017/09/04 04:30:00,1.188090,1.188520,1.188080,1.188260,1.187980,1.188410,1.187970,1.188140
2017/09/04 05:00:00,1.188260,1.188620,1.188150,1.188530,1.188140,1.188500,1.188040,1.188400
2017/09/04 05:30:00,1.188530,1.188830,1.188360,1.188580,1.188400,1.188710,1.188250,1.188470
2017/09/04 06:00:00,1.188580,1.190440,1.188480,1.189350,1.188470,1.190310,1.188360,1.189230
2017/09/04 06:30:00,1.189350,1.189650,1.188290,1.189530,1.189230,1.189550,1.188160,1.189410
2017/09/04 07:00:00,1.189530,1.190200,1.188680,1.188970,1.189410,1.190070,1.188570,1.188860
2017/09/04 07:30:00,1.188970,1.190050,1.188510,1.189980,1.188860,1.189940,1.188400,1.189870
2017/09/04 08:00:00,1.189980,1.191540,1.189030,1.191390,1.189870,1.191440,1.188940,1.191280
2017/09/04 08:30:00,1.191390,1.192130,1.190740,1.191920,1.191280,1.192040,1.190630,1.191810
2017/09/04 09:00:00,1.191920,1.192270,1.190910,1.190950,1.191810,1.192160,1.190820,1.190830
2017/09/04 09:30:00,1.190950,1.191870,1.190840,1.191580,1.190830,1.191760,1.190730,1.191470
2017/09/04 10:00:00,1.191580,1.191800,1.190170,1.190530,1.191470,1.191690,1.190060,1.190430
2017/09/04 10:30:00,1.190530,1.191230,1.190260,1.191140,1.190430,1.191130,1.190150,1.191030
2017/09/04 11:00:00,1.191140,1.191160,1.190300,1.190850,1.191030,1.191050,1.190180,1.190740
2017/09/04 11:30:00,1.190850,1.191610,1.190730,1.191050,1.190740,1.191490,1.190620,1.190940
2017/09/04 12:00:00,1.191050,1.191180,1.189260,1.189570,1.190940,1.191050,1.189130,1.189460
2017/09/04 12:30:00,1.189570,1.190060,1.188960,1.189740,1.189460,1.189940,1.188860,1.189610
2017/09/04 13:00:00,1.189740,1.190700,1.189640,1.190270,1.189610,1.190580,1.189540,1.190140
2017/09/04 13:30:00,1.190270,1.190690,1.190150,1.190410,1.190140,1.190570,1.190040,1.190300
2017/09/04 14:00:00,1.190410,1.190730,1.189590,1.190260,1.190300,1.190610,1.189470,1.190140
2017/09/04 14:30:00,1.190260,1.191440,1.190260,1.191290,1.190140,1.191310,1.190140,1.191180
2017/09/04 15:00:00,1.191290,1.191670,1.190980,1.191610,1.191180,1.191560,1.190860,1.191490
2017/09/04 15:30:00,1.191610,1.192050,1.191430,1.191680,1.191490,1.191930,1.191310,1.191550
2017/09/04 16:00:00,1.191680,1.192050,1.191510,1.191600,1.191550,1.191940,1.191390,1.191480
2017/09/04 16:30:00,1.191600,1.191800,1.188980,1.189010,1.191480,1.191700,1.188830,1.188840
2017/09/04 17:00:00,1.189010,1.190680,1.188980,1.190120,1.188840,1.190320,1.188820,1.189980
2017/09/04 17:30:00,1.190120,1.190420,1.190030,1.190280,1.189980,1.190230,1.189870,1.190090
2017/09/04 18:00:00,1.190280,1.190410,1.189450,1.189720,1.190090,1.190200,1.189220,1.189390
2017/09/04 18:30:00,1.189720,1.190400,1.189370,1.190360,1.189390,1.190150,1.189160,1.190070
2017/09/04 19:00:00,1.190360,1.190380,1.190100,1.190140,1.190070,1.190150,1.189880,1.189950
2017/09/04 19:30:00,1.190140,1.190140,1.189490,1.189870,1.189950,1.189950,1.189260,1.189750
2017/09/04 20:00:00,1.189870,1.190430,1.189520,1.190000,1.189750,1.189950,1.188960,1.189490
2017/09/04 20:30:00,1.190000,1.190530,1.189500,1.190190,1.189490,1.189870,1.188890,1.189220
2017/09/04 21:00:00,1.190190,1.190190,1.189860,1.190180,1.189220,1.189300,1.189110,1.189290
2017/09/04 21:30:00,1.190180,1.190250,1.189730,1.189880,1.189290,1.189640,1.189180,1.189510
2017/09/04 22:00:00,1.189880,1.190120,1.189640,1.189700,1.189510,1.189870,1.189310,1.189540
2017/09/04 22:30:00,1.189700,1.190040,1.189700,1.189930,1.189540,1.189880,1.189540,1.189770
2017/09/04 23:00:00,1.189930,1.189930,1.189480,1.189610,1.189770,1.189770,1.189350,1.189500
2017/09/04 23:30:00,1.189610,1.189790,1.189060,1.189360,1.189500,1.189690,1.188940,1.189240
2017/09/05 00:00:00,1.189360,1.189760,1.189260,1.189370,1.189240,1.189640,1.189140,1.189260
2017/09/05 00:30:00,1.189370,1.190240,1.189270,1.190030,1.189260,1.190130,1.189160,1.189940
2017/09/05 01:00:00,1.190030,1.190570,1.189420,1.189420,1.189940,1.190460,1.189300,1.189310
2017/09/05 01:30:00,1.189420,1.190380,1.189310,1.189820,1.189310,1.190250,1.189180,1.189730
2017/09/05 02:00:00,1.189820,1.190630,1.189820,1.190020,1.189730,1.190540,1.189730,1.189920
2017/09/05 02:30:00,1.190020,1.191040,1.189920,1.190660,1.189920,1.190920,1.189800,1.190550
2017/09/05 03:00:00,1.190660,1.190940,1.190460,1.190890,1.190550,1.190830,1.190350,1.190770
2017/09/05 03:30:00,1.190890,1.191120,1.190610,1.190710,1.190770,1.191010,1.190510,1.190600
2017/09/05 04:00:00,1.190710,1.191060,1.190540,1.190850,1.190600,1.190940,1.190440,1.190740
2017/09/05 04:30:00,1.190850,1.191200,1.190560,1.190620,1.190740,1.191070,1.190450,1.190510
2017/09/05 05:00:00,1.190620,1.190890,1.190290,1.190470,1.190510,1.190780,1.190180,1.190370
2017/09/05 05:30:00,1.190470,1.190930,1.190370,1.190560,1.190370,1.190840,1.190250,1.190460
2017/09/05 06:00:00,1.190560,1.190730,1.189240,1.189830,1.190460,1.190630,1.189140,1.189710
2017/09/05 06:30:00,1.189830,1.190940,1.189270,1.190350,1.189710,1.190830,1.189160,1.190220
2017/09/05 07:00:00,1.190350,1.190860,1.189620,1.189670,1.190220,1.190730,1.189520,1.189570
2017/09/05 07:30:00,1.189670,1.189850,1.186880,1.187980,1.189570,1.189750,1.186770,1.187870
2017/09/05 08:00:00,1.187980,1.188380,1.187600,1.188150,1.187870,1.188300,1.187480,1.188040
2017/09/05 08:30:00,1.188150,1.188900,1.187960,1.188530,1.188040,1.188770,1.187850,1.188420
2017/09/05 09:00:00,1.188530,1.188630,1.187860,1.188080,1.188420,1.188510,1.187750,1.187970
2017/09/05 09:30:00,1.188080,1.188380,1.187710,1.188260,1.187970,1.188300,1.187600,1.188150
2017/09/05 10:00:00,1.188260,1.190330,1.188220,1.190110,1.188150,1.190220,1.188110,1.190000
2017/09/05 10:30:00,1.190110,1.190770,1.189700,1.189820,1.190000,1.190650,1.189590,1.189710
2017/09/05 11:00:00,1.189820,1.189840,1.187780,1.188630,1.189710,1.189730,1.187680,1.188510
2017/09/05 11:30:00,1.188630,1.189230,1.188420,1.188970,1.188510,1.189110,1.188310,1.188860
2017/09/05 12:00:00,1.188970,1.190210,1.188970,1.190120,1.188860,1.190090,1.188860,1.190000
2017/09/05 12:30:00,1.190120,1.190510,1.189300,1.190120,1.190000,1.190400,1.189180,1.190000
2017/09/05 13:00:00,1.190120,1.190140,1.189030,1.189060,1.190000,1.190040,1.188900,1.188940
2017/09/05 13:30:00,1.189060,1.190120,1.188720,1.188940,1.188940,1.190000,1.188600,1.188760
2017/09/05 14:00:00,1.188940,1.191560,1.188860,1.190980,1.188760,1.191410,1.188730,1.190860
2017/09/05 14:30:00,1.190980,1.194140,1.190970,1.191900,1.190860,1.194030,1.190850,1.191790
2017/09/05 15:00:00,1.191900,1.192540,1.190010,1.191670,1.191790,1.192430,1.189880,1.191550
2017/09/05 15:30:00,1.191670,1.191880,1.190810,1.191210,1.191550,1.191770,1.190690,1.191090
2017/09/05 16:00:00,1.191210,1.192380,1.191080,1.192100,1.191090,1.192270,1.190960,1.192000
2017/09/05 16:30:00,1.192100,1.192310,1.190180,1.190370,1.192000,1.192220,1.190070,1.190260
2017/09/05 17:00:00,1.190370,1.191590,1.189590,1.190810,1.190260,1.191470,1.189470,1.190700
2017/09/05 17:30:00,1.190810,1.190850,1.189540,1.189700,1.190700,1.190740,1.189430,1.189580
2017/09/05 18:00:00,1.189700,1.191400,1.189650,1.190910,1.189580,1.191280,1.189530,1.190790
2017/09/05 18:30:00,1.190910,1.192230,1.190710,1.192050,1.190790,1.192130,1.190590,1.191950
2017/09/05 19:00:00,1.192050,1.192430,1.191700,1.191910,1.191950,1.192320,1.191590,1.191800
2017/09/05 19:30:00,1.191910,1.193080,1.191700,1.191880,1.191800,1.192970,1.191590,1.191770
2017/09/05 20:00:00,1.191880,1.192080,1.191140,1.191630,1.191770,1.191960,1.191020,1.191530
2017/09/05 20:30:00,1.191630,1.191830,1.191130,1.191640,1.191530,1.191700,1.190970,1.191070
2017/09/05 21:00:00,1.191640,1.192060,1.191010,1.191420,1.191070,1.191450,1.190850,1.191250
2017/09/05 21:30:00,1.191420,1.191760,1.191210,1.191520,1.191250,1.191510,1.191020,1.191280
2017/09/05 22:00:00,1.191520,1.192140,1.191520,1.191940,1.191280,1.192000,1.191280,1.191820
2017/09/05 22:30:00,1.191940,1.192320,1.191910,1.192100,1.191820,1.192190,1.191780,1.192000
2017/09/05 23:00:00,1.192100,1.192260,1.191830,1.192180,1.192000,1.192170,1.191700,1.192070
2017/09/05 23:30:00,1.192180,1.192490,1.192150,1.192430,1.192070,1.192400,1.192030,1.192320
2017/09/06 00:00:00,1.192430,1.192530,1.191940,1.192030,1.192320,1.192410,1.191820,1.191920
2017/09/06 00:30:00,1.192030,1.192430,1.191620,1.192220,1.191920,1.192310,1.191490,1.192120
2017/09/06 01:00:00,1.192220,1.192480,1.191990,1.192100,1.192120,1.192380,1.191880,1.191980
2017/09/06 01:30:00,1.192100,1.192320,1.190360,1.190910,1.191980,1.192210,1.190250,1.190800
2017/09/06 02:00:00,1.190910,1.191400,1.190660,1.191180,1.190800,1.191280,1.190550,1.191060
2017/09/06 02:30:00,1.191180,1.191440,1.191070,1.191260,1.191060,1.191330,1.190970,1.191150
2017/09/06 03:00:00,1.191260,1.191550,1.191170,1.191540,1.191150,1.191430,1.191060,1.191430
2017/09/06 03:30:00,1.191540,1.191560,1.190970,1.191100,1.191430,1.191440,1.190860,1.190980
2017/09/06 04:00:00,1.191100,1.191130,1.190870,1.190880,1.190980,1.191030,1.190750,1.190760
2017/09/06 04:30:00,1.190880,1.191600,1.190710,1.191480,1.190760,1.191480,1.190600,1.191360
2017/09/06 05:00:00,1.191480,1.191620,1.191130,1.191170,1.191360,1.191510,1.191010,1.191050
2017/09/06 05:30:00,1.191170,1.193000,1.191000,1.192740,1.191050,1.192890,1.190900,1.192550
2017/09/06 06:00:00,1.192740,1.192750,1.191380,1.192100,1.192550,1.192590,1.191250,1.191980
2017/09/06 06:30:00,1.192100,1.192390,1.191680,1.192250,1.191980,1.192270,1.191580,1.192120
2017/09/06 07:00:00,1.192250,1.193090,1.192080,1.192430,1.192120,1.192990,1.191970,1.192320
2017/09/06 07:30:00,1.192430,1.194130,1.192370,1.193470,1.192320,1.194040,1.192270,1.193350
2017/09/06 08:00:00,1.193470,1.194850,1.193360,1.194610,1.193350,1.194750,1.193240,1.194510
2017/09/06 08:30:00,1.194610,1.195020,1.193660,1.194450,1.194510,1.194910,1.193560,1.194340
2017/09/06 09:00:00,1.194450,1.194740,1.193610,1.193980,1.194340,1.194630,1.193500,1.193860
2017/09/06 09:30:00,1.193980,1.195020,1.193150,1.193580,1.193860,1.194900,1.193050,1.193490
2017/09/06 10:00:00,1.193580,1.194820,1.193490,1.194310,1.193490,1.194710,1.193400,1.194210
2017/09/06 10:30:00,1.194310,1.194600,1.192460,1.192940,1.194210,1.194500,1.192340,1.192820
2017/09/06 11:00:00,1.192940,1.193150,1.192040,1.192400,1.192820,1.193060,1.191920,1.192290
2017/09/06 11:30:00,1.192400,1.193240,1.191960,1.193240,1.192290,1.193130,1.191860,1.193130
2017/09/06 12:00:00,1.193240,1.194010,1.192920,1.192960,1.193130,1.193900,1.192800,1.192850
2017/09/06 12:30:00,1.192960,1.194130,1.192810,1.193220,1.192850,1.194010,1.192680,1.193110
2017/09/06 13:00:00,1.193220,1.193470,1.192630,1.193120,1.193110,1.193360,1.192520,1.193010
2017/09/06 13:30:00,1.193120,1.193230,1.192080,1.192620,1.193010,1.193110,1.191970,1.192380
2017/09/06 14:00:00,1.192620,1.193930,1.191440,1.191840,1.192380,1.193760,1.191320,1.191720
2017/09/06 14:30:00,1.191840,1.194580,1.191570,1.194030,1.191720,1.194470,1.191450,1.193910
2017/09/06 15:00:00,1.194030,1.194730,1.193570,1.194340,1.193910,1.194630,1.193450,1.194240
2017/09/06 15:30:00,1.194340,1.194980,1.193940,1.194130,1.194240,1.194870,1.193830,1.194030
2017/09/06 16:00:00,1.194130,1.195080,1.191190,1.193490,1.194030,1.195000,1.191070,1.193360
2017/09/06 16:30:00,1.193490,1.193600,1.192260,1.192730,1.193360,1.193480,1.192150,1.192610
2017/09/06 17:00:00,1.192730,1.192820,1.191500,1.192580,1.192610,1.192700,1.191380,1.192460
2017/09/06 17:30:00,1.192580,1.192910,1.191890,1.191910,1.192460,1.192790,1.191770,1.191800
2017/09/06 18:00:00,1.191910,1.192580,1.191170,1.191480,1.191800,1.192460,1.191060,1.191360
2017/09/06 18:30:00,1.191480,1.192360,1.191100,1.191280,1.191360,1.192250,1.191000,1.191180
2017/09/06 19:00:00,1.191280,1.191550,1.190850,1.191390,1.191180,1.191430,1.190720,1.191270
2017/09/06 19:30:00,1.191390,1.191730,1.191280,1.191600,1.191270,1.191620,1.191160,1.191470
2017/09/06 20:00:00,1.191600,1.192000,1.191230,1.192000,1.191470,1.191880,1.191110,1.191880
2017/09/06 20:30:00,1.192000,1.192170,1.191730,1.191770,1.191880,1.192100,1.191600,1.191620
2017/09/06 21:00:00,1.191770,1.192410,1.191700,1.192130,1.191620,1.192070,1.191320,1.191920
2017/09/06 21:30:00,1.192130,1.192520,1.191990,1.192310,1.191920,1.192250,1.191570,1.191980
2017/09/06 22:00:00,1.192310,1.192490,1.192240,1.192340,1.191980,1.192310,1.191730,1.192230
2017/09/06 22:30:00,1.192340,1.192670,1.192200,1.192600,1.192230,1.192550,1.192070,1.192480
2017/09/06 23:00:00,1.192600,1.192810,1.192170,1.192370,1.192480,1.192680,1.192050,1.192240
2017/09/06 23:30:00,1.192370,1.192810,1.192220,1.192710,1.192240,1.192710,1.192090,1.192600
2017/09/07 00:00:00,1.192710,1.193540,1.192340,1.192930,1.192600,1.193420,1.192230,1.192810
2017/09/07 00:30:00,1.192930,1.193210,1.192320,1.192340,1.192810,1.193100,1.192190,1.192250
2017/09/07 01:00:00,1.192340,1.192510,1.192040,1.192480,1.192250,1.192380,1.191930,1.192360
2017/09/07 01:30:00,1.192480,1.192480,1.191970,1.192450,1.192360,1.192360,1.191860,1.192330
2017/09/07 02:00:00,1.192450,1.192660,1.192300,1.192650,1.192330,1.192540,1.192180,1.192540
2017/09/07 02:30:00,1.192650,1.192880,1.192510,1.192610,1.192540,1.192780,1.192400,1.192500
2017/09/07 03:00:00,1.192610,1.192870,1.192110,1.192610,1.192500,1.192750,1.192000,1.192520
2017/09/07 03:30:00,1.192610,1.192870,1.192540,1.192640,1.192520,1.192760,1.192420,1.192540
2017/09/07 04:00:00,1.192640,1.192750,1.192390,1.192550,1.192540,1.192640,1.192280,1.192430
2017/09/07 04:30:00,1.192550,1.192610,1.192390,1.192490,1.192430,1.192500,1.192280,1.192390
2017/09/07 05:00:00,1.192490,1.192800,1.192420,1.192580,1.192390,1.192680,1.192310,1.192480
2017/09/07 05:30:00,1.192580,1.192710,1.192270,1.192350,1.192480,1.192590,1.192160,1.192220
2017/09/07 06:00:00,1.192350,1.192420,1.191470,1.192350,1.192220,1.192290,1.191360,1.192230
2017/09/07 06:30:00,1.192350,1.192890,1.192000,1.192850,1.192230,1.192770,1.191870,1.192740
2017/09/07 07:00:00,1.192850,1.194490,1.192720,1.194000,1.192740,1.194390,1.192600,1.193890
2017/09/07 07:30:00,1.194000,1.195850,1.193630,1.195410,1.193890,1.195730,1.193510,1.195290
2017/09/07 08:00:00,1.195410,1.196770,1.194430,1.196720,1.195290,1.196670,1.194330,1.196600
2017/09/07 08:30:00,1.196720,1.197120,1.195770,1.195990,1.196600,1.197000,1.195670,1.195870
2017/09/07 09:00:00,1.195990,1.197550,1.195780,1.197530,1.195870,1.197440,1.195680,1.197400
2017/09/07 09:30:00,1.197530,1.198340,1.197170,1.198100,1.197400,1.198230,1.197070,1.198000
2017/09/07 10:00:00,1.198100,1.198330,1.197580,1.197710,1.198000,1.198220,1.197470,1.197600
2017/09/07 10:30:00,1.197710,1.199490,1.197600,1.198700,1.197600,1.199370,1.197490,1.198590
2017/09/07 11:00:00,1.198700,1.198710,1.197710,1.198460,1.198590,1.198600,1.197600,1.198320
2017/09/07 11:30:00,1.198460,1.199630,1.196410,1.197440,1.198320,1.199060,1.196200,1.197320
2017/09/07 12:00:00,1.197440,1.198000,1.196470,1.197040,1.197320,1.197880,1.196240,1.196720
2017/09/07 12:30:00,1.197040,1.205400,1.193040,1.204300,1.196720,1.205250,1.192850,1.204190
2017/09/07 13:00:00,1.204300,1.206020,1.201460,1.202170,1.204190,1.205910,1.201340,1.202050
2017/09/07 13:30:00,1.202170,1.202590,1.197350,1.200090,1.202050,1.202470,1.197190,1.199960
2017/09/07 14:00:00,1.200090,1.201940,1.199920,1.201850,1.199960,1.201820,1.199800,1.201730
2017/09/07 14:30:00,1.201850,1.201940,1.199710,1.201120,1.201730,1.201830,1.199610,1.200990
2017/09/07 15:00:00,1.201120,1.203020,1.200220,1.202010,1.200990,1.202930,1.200120,1.201910
2017/09/07 15:30:00,1.202010,1.203270,1.201910,1.202730,1.201910,1.203140,1.201790,1.202600
2017/09/07 16:00:00,1.202730,1.203030,1.200470,1.200990,1.202600,1.202910,1.200360,1.200880
2017/09/07 16:30:00,1.200990,1.201580,1.198530,1.198990,1.200880,1.201470,1.198420,1.198880
2017/09/07 17:00:00,1.198990,1.200090,1.198990,1.200050,1.198880,1.199980,1.198870,1.199940
2017/09/07 17:30:00,1.200050,1.200450,1.199250,1.200030,1.199940,1.200330,1.199160,1.199910
2017/09/07 18:00:00,1.200030,1.200990,1.199880,1.200370,1.199910,1.200880,1.199780,1.200260
2017/09/07 18:30:00,1.200370,1.200700,1.199320,1.200450,1.200260,1.200590,1.199210,1.200330
2017/09/07 19:00:00,1.200450,1.201780,1.200140,1.201670,1.200330,1.201660,1.200030,1.201550
2017/09/07 19:30:00,1.201670,1.202070,1.201260,1.202040,1.201550,1.201990,1.201150,1.201920
2017/09/07 20:00:00,1.202040,1.202920,1.201760,1.202750,1.201920,1.202790,1.201650,1.202630
2017/09/07 20:30:00,1.202750,1.202930,1.202030,1.202740,1.202630,1.202870,1.201760,1.202210
2017/09/07 21:00:00,1.202740,1.202750,1.202020,1.202220,1.202210,1.202500,1.201890,1.202090
2017/09/07 21:30:00,1.202220,1.202750,1.201890,1.201980,1.202090,1.202300,1.201760,1.201840
2017/09/07 22:00:00,1.201980,1.202320,1.201950,1.202130,1.201840,1.202180,1.201790,1.202020
2017/09/07 22:30:00,1.202130,1.202330,1.201900,1.201970,1.202020,1.202210,1.201770,1.201840
2017/09/07 23:00:00,1.201970,1.202970,1.201840,1.202500,1.201840,1.202840,1.201740,1.202390
2017/09/07 23:30:00,1.202500,1.203010,1.202420,1.202860,1.202390,1.202890,1.202300,1.202760
2017/09/08 00:00:00,1.202860,1.203010,1.202470,1.202610,1.202760,1.202880,1.202360,1.202510
2017/09/08 00:30:00,1.202610,1.203670,1.202610,1.203560,1.202510,1.203570,1.202510,1.203440
2017/09/08 01:00:00,1.203560,1.203670,1.202870,1.202950,1.203440,1.203550,1.202760,1.202830
2017/09/08 01:30:00,1.202950,1.203070,1.202400,1.202460,1.202830,1.202940,1.202290,1.202350
2017/09/08 02:00:00,1.202460,1.205440,1.202390,1.204980,1.202350,1.205320,1.202280,1.204850
2017/09/08 02:30:00,1.204980,1.209040,1.204360,1.207200,1.204850,1.208930,1.204230,1.207070
2017/09/08 03:00:00,1.207200,1.207680,1.206420,1.206910,1.207070,1.207570,1.206290,1.206800
2017/09/08 03:30:00,1.206910,1.208190,1.206350,1.207200,1.206800,1.208080,1.206270,1.207090
2017/09/08 04:00:00,1.207200,1.207310,1.206150,1.206350,1.207090,1.207200,1.206020,1.206220
2017/09/08 04:30:00,1.206350,1.207190,1.206240,1.207050,1.206220,1.207060,1.206130,1.206930
2017/09/08 05:00:00,1.207050,1.209310,1.207020,1.209120,1.206930,1.209190,1.206880,1.209020
2017/09/08 05:30:00,1.209120,1.209140,1.207630,1.208010,1.209020,1.209020,1.207500,1.207900
2017/09/08 06:00:00,1.208010,1.208690,1.206140,1.206450,1.207900,1.208610,1.206010,1.206340
2017/09/08 06:30:00,1.206450,1.206830,1.205180,1.206540,1.206340,1.206740,1.205070,1.206430
2017/09/08 07:00:00,1.206540,1.206720,1.204670,1.204960,1.206430,1.206610,1.204550,1.204860
2017/09/08 07:30:00,1.204960,1.205630,1.203690,1.204920,1.204860,1.205540,1.203590,1.204810
2017/09/08 08:00:00,1.204920,1.205310,1.204160,1.204910,1.204810,1.205200,1.204050,1.204820
2017/09/08 08:30:00,1.204910,1.207010,1.204550,1.206400,1.204820,1.206900,1.204450,1.206290
2017/09/08 09:00:00,1.206400,1.206520,1.205110,1.205530,1.206290,1.206410,1.205020,1.205440
2017/09/08 09:30:00,1.205530,1.206490,1.205160,1.206070,1.205440,1.206380,1.205050,1.205970
2017/09/08 10:00:00,1.206070,1.207410,1.205910,1.207340,1.205970,1.207290,1.205790,1.207230
2017/09/08 10:30:00,1.207340,1.207430,1.206550,1.206970,1.207230,1.207320,1.206450,1.206860
2017/09/08 11:00:00,1.206970,1.207080,1.205210,1.205840,1.206860,1.206980,1.205110,1.205720
2017/09/08 11:30:00,1.205840,1.207030,1.205790,1.206680,1.205720,1.206920,1.205690,1.206570
2017/09/08 12:00:00,1.206680,1.206830,1.205880,1.206140,1.206570,1.206730,1.205780,1.206030
2017/09/08 12:30:00,1.206140,1.206300,1.203510,1.204290,1.206030,1.206170,1.203390,1.204180
2017/09/08 13:00:00,1.204290,1.205150,1.203840,1.204620,1.204180,1.205040,1.203730,1.204500
2017/09/08 13:30:00,1.204620,1.205090,1.202430,1.202800,1.204500,1.204980,1.202330,1.202670
2017/09/08 14:00:00,1.202800,1.204020,1.202100,1.202710,1.202670,1.203910,1.201990,1.202590
2017/09/08 14:30:00,1.202710,1.203720,1.201510,1.201750,1.202590,1.203600,1.201410,1.201620
2017/09/08 15:00:00,1.201750,1.203790,1.201720,1.203160,1.201620,1.203670,1.201620,1.203040
2017/09/08 15:30:00,1.203160,1.204260,1.202800,1.204020,1.203040,1.204150,1.202680,1.203890
2017/09/08 16:00:00,1.204020,1.204460,1.203350,1.203620,1.203890,1.204350,1.203230,1.203500
2017/09/08 16:30:00,1.203620,1.204170,1.202350,1.202700,1.203500,1.204070,1.202240,1.202590
2017/09/08 17:00:00,1.202700,1.203320,1.202630,1.202890,1.202590,1.203220,1.202540,1.202770
2017/09/08 17:30:00,1.202890,1.203310,1.202580,1.203210,1.202770,1.203190,1.202490,1.203110
2017/09/08 18:00:00,1.203210,1.203310,1.202790,1.203000,1.203110,1.203190,1.202670,1.202890
2017/09/08 18:30:00,1.203000,1.203090,1.202550,1.202760,1.202890,1.202980,1.202440,1.202630
2017/09/08 19:00:00,1.202760,1.203890,1.202690,1.203200,1.202630,1.203770,1.202580,1.203080
2017/09/08 19:30:00,1.203200,1.203640,1.202660,1.202670,1.203080,1.203530,1.202560,1.202570
2017/09/08 20:00:00,1.202670,1.203640,1.202660,1.203610,1.202570,1.203540,1.202550,1.203500
2017/09/08 20:30:00,1.203610,1.204240,1.202920,1.204150,1.203500,1.203820,1.202700,1.203440
2017/09/10 19:00:00,1.204150,1.204150,1.202260,1.202300,1.203440,1.203440,1.201810,1.202040
2017/09/10 19:30:00,1.202300,1.202510,1.201400,1.201400,1.202040,1.202040,1.201100,1.201100
2017/09/10 20:00:00,1.201400,1.202860,1.201360,1.202460,1.201100,1.202010,1.201050,1.201490
2017/09/10 20:30:00,1.202460,1.202560,1.201700,1.202260,1.201490,1.201690,1.201160,1.201440
2017/09/10 21:00:00,1.202260,1.202810,1.201990,1.202340,1.201440,1.202500,1.201440,1.202180
2017/09/10 21:30:00,1.202340,1.202540,1.202280,1.202490,1.202180,1.202280,1.202170,1.202270
2017/09/10 22:00:00,1.202490,1.202560,1.201330,1.201660,1.202270,1.202390,1.201160,1.201530
2017/09/10 22:30:00,1.201660,1.202130,1.201330,1.201960,1.201530,1.201990,1.201200,1.201830
2017/09/10 23:00:00,1.201960,1.202120,1.201640,1.201690,1.201830,1.202020,1.201540,1.201600
2017/09/10 23:30:00,1.201690,1.201870,1.201190,1.201770,1.201600,1.201760,1.201050,1.201660
2017/09/11 00:00:00,1.201770,1.201930,1.201130,1.201610,1.201660,1.201810,1.201010,1.201520
2017/09/11 00:30:00,1.201610,1.202060,1.201200,1.201280,1.201520,1.201960,1.201080,1.201180
2017/09/11 01:00:00,1.201280,1.201740,1.200620,1.200780,1.201180,1.201620,1.200510,1.200660
2017/09/11 01:30:00,1.200780,1.201180,1.199960,1.200710,1.200660,1.201070,1.199840,1.200590
2017/09/11 02:00:00,1.200710,1.201320,1.200500,1.201270,1.200590,1.201200,1.200380,1.201160
2017/09/11 02:30:00,1.201270,1.201910,1.201010,1.201770,1.201160,1.201790,1.200890,1.201650
2017/09/11 03:00:00,1.201770,1.201970,1.201510,1.201690,1.201650,1.201880,1.201390,1.201600
2017/09/11 03:30:00,1.201690,1.201730,1.201120,1.201470,1.201600,1.201620,1.201000,1.201350
2017/09/11 04:00:00,1.201470,1.201560,1.201020,1.201090,1.201350,1.201440,1.200920,1.200990
2017/09/11 04:30:00,1.201090,1.201160,1.200490,1.200820,1.200990,1.201060,1.200370,1.200700
2017/09/11 05:00:00,1.200820,1.201630,1.200590,1.201500,1.200700,1.201510,1.200480,1.201380
2017/09/11 05:30:00,1.201500,1.201880,1.201320,1.201640,1.201380,1.201780,1.201200,1.201520
2017/09/11 06:00:00,1.201640,1.201950,1.200880,1.201690,1.201520,1.201820,1.200750,1.201570
2017/09/11 06:30:00,1.201690,1.201690,1.200250,1.200860,1.201570,1.201570,1.200150,1.200740
2017/09/11 07:00:00,1.200860,1.201700,1.199380,1.200210,1.200740,1.201610,1.199260,1.200100
2017/09/11 07:30:00,1.200210,1.201720,1.199940,1.201520,1.200100,1.201620,1.199840,1.201410
2017/09/11 08:00:00,1.201520,1.202470,1.201230,1.202460,1.201410,1.202360,1.201130,1.202350
2017/09/11 08:30:00,1.202460,1.203010,1.201780,1.202190,1.202350,1.202910,1.201680,1.202080
2017/09/11 09:00:00,1.202190,1.202620,1.201290,1.201290,1.202080,1.202520,1.201180,1.201180
2017/09/11 09:30:00,1.201290,1.201760,1.201070,1.201360,1.201180,1.201650,1.200960,1.201250
2017/09/11 10:00:00,1.201360,1.202250,1.201300,1.201720,1.201250,1.202150,1.201190,1.201610
2017/09/11 10:30:00,1.201720,1.201800,1.200970,1.201170,1.201610,1.201700,1.200860,1.201060
2017/09/11 11:00:00,1.201170,1.201480,1.200640,1.200660,1.201060,1.201370,1.200520,1.200560
2017/09/11 11:30:00,1.200660,1.200690,1.199070,1.199840,1.200560,1.200590,1.198940,1.199740
2017/09/11 12:00:00,1.199840,1.200520,1.199210,1.199270,1.199740,1.200410,1.199090,1.199170
2017/09/11 12:30:00,1.199270,1.199740,1.197960,1.198510,1.199170,1.199630,1.197860,1.198400
2017/09/11 13:00:00,1.198510,1.198680,1.197190,1.197800,1.198400,1.198560,1.197100,1.197670
2017/09/11 13:30:00,1.197800,1.199180,1.197470,1.198870,1.197670,1.199070,1.197340,1.198750
2017/09/11 14:00:00,1.198870,1.199370,1.198260,1.198430,1.198750,1.199250,1.198140,1.198310
2017/09/11 14:30:00,1.198430,1.198870,1.197990,1.198340,1.198310,1.198750,1.197900,1.198220
2017/09/11 15:00:00,1.198340,1.198750,1.197850,1.198010,1.198220,1.198650,1.197740,1.197900
2017/09/11 15:30:00,1.198010,1.198200,1.196100,1.196380,1.197900,1.198090,1.196000,1.196280
2017/09/11 16:00:00,1.196380,1.196550,1.195770,1.196050,1.196280,1.196430,1.195660,1.195930
2017/09/11 16:30:00,1.196050,1.197080,1.196020,1.197030,1.195930,1.196960,1.195920,1.196910
2017/09/11 17:00:00,1.197030,1.197150,1.195950,1.196110,1.196910,1.197040,1.195830,1.195990
2017/09/11 17:30:00,1.196110,1.196850,1.195990,1.196360,1.195990,1.196740,1.195890,1.196250
2017/09/11 18:00:00,1.196360,1.196850,1.196330,1.196750,1.196250,1.196730,1.196230,1.196630
2017/09/11 18:30:00,1.196750,1.197030,1.196260,1.196310,1.196630,1.196920,1.196160,1.196200
2017/09/11 19:00:00,1.196310,1.196420,1.195120,1.195140,1.196200,1.196300,1.195020,1.195030
2017/09/11 19:30:00,1.195140,1.195500,1.194980,1.195320,1.195030,1.195390,1.194880,1.195200
2017/09/11 20:00:00,1.195320,1.195330,1.194830,1.195250,1.195200,1.195200,1.194740,1.195150
2017/09/11 20:30:00,1.195250,1.195640,1.195170,1.195350,1.195150,1.195510,1.194920,1.195090
2017/09/11 21:00:00,1.195350,1.195600,1.195220,1.195510,1.195090,1.195450,1.195020,1.195310
2017/09/11 21:30:00,1.195510,1.195670,1.195360,1.195600,1.195310,1.195480,1.195220,1.195480
2017/09/11 22:00:00,1.195600,1.196430,1.195560,1.195930,1.195480,1.196290,1.195430,1.195830
2017/09/11 22:30:00,1.195930,1.196400,1.195760,1.196320,1.195830,1.196260,1.195630,1.196190
2017/09/11 23:00:00,1.196320,1.196490,1.196120,1.196160,1.196190,1.196350,1.196000,1.196050
2017/09/11 23:30:00,1.196160,1.196500,1.195840,1.195850,1.196050,1.196380,1.195730,1.195730
2017/09/12 00:00:00,1.195850,1.196180,1.195340,1.195380,1.195730,1.196060,1.195200,1.195280
2017/09/12 00:30:00,1.195380,1.195710,1.194640,1.194770,1.195280,1.195580,1.194520,1.194660
2017/09/12 01:00:00,1.194770,1.195640,1.194770,1.195330,1.194660,1.195540,1.194650,1.195220
2017/09/12 01:30:00,1.195330,1.195600,1.194970,1.195540,1.195220,1.195490,1.194880,1.195430
2017/09/12 02:00:00,1.195540,1.195790,1.195310,1.195580,1.195430,1.195690,1.195200,1.195470
2017/09/12 02:30:00,1.195580,1.196310,1.195540,1.196190,1.195470,1.196190,1.195440,1.196070
2017/09/12 03:00:00,1.196190,1.196410,1.196020,1.196110,1.196070,1.196290,1.195900,1.196000
2017/09/12 03:30:00,1.196110,1.196190,1.195450,1.195530,1.196000,1.196070,1.195340,1.195410
2017/09/12 04:00:00,1.195530,1.196020,1.195500,1.195530,1.195410,1.195900,1.195380,1.195440
2017/09/12 04:30:00,1.195530,1.195670,1.195410,1.195620,1.195440,1.195550,1.195300,1.195520
2017/09/12 05:00:00,1.195620,1.195630,1.194730,1.195210,1.195520,1.195520,1.194610,1.195100
2017/09/12 05:30:00,1.195210,1.196120,1.194940,1.195960,1.195100,1.195990,1.194830,1.195840
2017/09/12 06:00:00,1.195960,1.197580,1.195640,1.197260,1.195840,1.197480,1.195550,1.197140
2017/09/12 06:30:00,1.197260,1.197850,1.196780,1.197600,1.197140,1.197720,1.196670,1.197520
2017/09/12 07:00:00,1.197600,1.197880,1.196600,1.197660,1.197520,1.197770,1.196480,1.197560
2017/09/12 07:30:00,1.197660,1.197690,1.197110,1.197510,1.197560,1.197580,1.197000,1.197400
2017/09/12 08:00:00,1.197510,1.197540,1.196140,1.196200,1.197400,1.197430,1.196040,1.196090
2017/09/12 08:30:00,1.196200,1.197340,1.195460,1.195870,1.196090,1.197220,1.195340,1.195750
2017/09/12 09:00:00,1.195870,1.196520,1.195020,1.195490,1.195750,1.196420,1.194910,1.195390
2017/09/12 09:30:00,1.195490,1.196490,1.195340,1.196220,1.195390,1.196390,1.195220,1.196120
2017/09/12 10:00:00,1.196220,1.196530,1.195820,1.196070,1.196120,1.196430,1.195690,1.195970
2017/09/12 10:30:00,1.196070,1.196160,1.193230,1.193720,1.195970,1.196060,1.193120,1.193610
2017/09/12 11:00:00,1.193720,1.193920,1.192680,1.193230,1.193610,1.193800,1.192570,1.193130
2017/09/12 11:30:00,1.193230,1.193560,1.192720,1.193260,1.193130,1.193440,1.192610,1.193130
2017/09/12 12:00:00,1.193260,1.194330,1.193200,1.194070,1.193130,1.194210,1.193080,1.193950
2017/09/12 12:30:00,1.194070,1.194100,1.192840,1.193030,1.193950,1.193980,1.192720,1.192910
2017/09/12 13:00:00,1.193030,1.194240,1.193030,1.193880,1.192910,1.194130,1.192900,1.193760
2017/09/12 13:30:00,1.193880,1.195190,1.193590,1.194690,1.193760,1.195110,1.193490,1.194580
2017/09/12 14:00:00,1.194690,1.196900,1.194270,1.195570,1.194580,1.196790,1.194170,1.195470
2017/09/12 14:30:00,1.195570,1.196490,1.195140,1.195430,1.195470,1.196380,1.195030,1.195310
2017/09/12 15:00:00,1.195430,1.196480,1.195170,1.195930,1.195310,1.196370,1.195060,1.195810
2017/09/12 15:30:00,1.195930,1.197270,1.195920,1.196840,1.195810,1.197190,1.195800,1.196720
2017/09/12 16:00:00,1.196840,1.197440,1.195660,1.196060,1.196720,1.197330,1.195550,1.195940
2017/09/12 16:30:00,1.196060,1.197290,1.195870,1.196330,1.195940,1.197170,1.195760,1.196230
2017/09/12 17:00:00,1.196330,1.196730,1.195520,1.195960,1.196230,1.196610,1.195400,1.195850
2017/09/12 17:30:00,1.195960,1.196500,1.195770,1.196070,1.195850,1.196380,1.195660,1.195950
2017/09/12 18:00:00,1.196070,1.197350,1.195930,1.196900,1.195950,1.197240,1.195830,1.196800
2017/09/12 18:30:00,1.196900,1.197140,1.196180,1.197020,1.196800,1.197020,1.196070,1.196900
2017/09/12 19:00:00,1.197020,1.197250,1.196140,1.196290,1.196900,1.197130,1.196020,1.196170
2017/09/12 19:30:00,1.196290,1.196770,1.196060,1.196730,1.196170,1.196650,1.195940,1.196610
2017/09/12 20:00:00,1.196730,1.196850,1.196260,1.196320,1.196610,1.196740,1.196140,1.196200
2017/09/12 20:30:00,1.196320,1.196860,1.196310,1.196750,1.196200,1.196650,1.196200,1.196600
2017/09/12 21:00:00,1.196750,1.197020,1.196330,1.196570,1.196600,1.196710,1.196200,1.196390
2017/09/12 21:30:00,1.196570,1.196930,1.196030,1.196560,1.196390,1.196850,1.195890,1.196500
2017/09/12 22:00:00,1.196560,1.196950,1.196450,1.196770,1.196500,1.196780,1.196340,1.196640
2017/09/12 22:30:00,1.196770,1.197300,1.196670,1.197260,1.196640,1.197160,1.196540,1.197140
2017/09/12 23:00:00,1.197260,1.197260,1.196480,1.196570,1.197140,1.197140,1.196380,1.196460
2017/09/12 23:30:00,1.196570,1.197340,1.196570,1.197180,1.196460,1.197230,1.196460,1.197070
2017/09/13 00:00:00,1.197180,1.197380,1.196700,1.197120,1.197070,1.197270,1.196620,1.197000
2017/09/13 00:30:00,1.197120,1.197430,1.196780,1.197050,1.197000,1.197310,1.196720,1.196940
2017/09/13 01:00:00,1.197050,1.197410,1.197030,1.197210,1.196940,1.197300,1.196910,1.197090
2017/09/13 01:30:00,1.197210,1.199380,1.197010,1.198470,1.197090,1.199260,1.196890,1.198360
2017/09/13 02:00:00,1.198470,1.198800,1.198070,1.198090,1.198360,1.198690,1.197940,1.197970
2017/09/13 02:30:00,1.198090,1.198890,1.197780,1.198570,1.197970,1.198750,1.197670,1.198450
2017/09/13 03:00:00,1.198570,1.198590,1.198030,1.198260,1.198450,1.198490,1.197920,1.198150
2017/09/13 03:30:00,1.198260,1.198400,1.197640,1.198310,1.198150,1.198280,1.197510,1.198200
2017/09/13 04:00:00,1.198310,1.198970,1.198120,1.198910,1.198200,1.198850,1.198010,1.198800
2017/09/13 04:30:00,1.198910,1.199050,1.198220,1.198400,1.198800,1.198920,1.198110,1.198290
2017/09/13 05:00:00,1.198400,1.198420,1.197900,1.197910,1.198290,1.198310,1.197790,1.197790
2017/09/13 05:30:00,1.197910,1.198040,1.197560,1.197970,1.197790,1.197930,1.197450,1.197860
2017/09/13 06:00:00,1.197970,1.199040,1.197820,1.198440,1.197860,1.198930,1.197700,1.198310
2017/09/13 06:30:00,1.198440,1.198650,1.197260,1.197450,1.198310,1.198540,1.197150,1.197330
2017/09/13 07:00:00,1.197450,1.198690,1.196910,1.198640,1.197330,1.198580,1.196810,1.198540
2017/09/13 07:30:00,1.198640,1.199040,1.198170,1.198540,1.198540,1.198930,1.198050,1.198420
2017/09/13 08:00:00,1.198540,1.199560,1.198290,1.198940,1.198420,1.199440,1.198180,1.198840
2017/09/13 08:30:00,1.198940,1.199140,1.197920,1.197970,1.198840,1.199030,1.197810,1.197860
2017/09/13 09:00:00,1.197970,1.198390,1.197310,1.197630,1.197860,1.198270,1.197200,1.197520
2017/09/13 09:30:00,1.197630,1.197770,1.196510,1.197290,1.197520,1.197660,1.196400,1.197180
2017/09/13 10:00:00,1.197290,1.197830,1.197130,1.197380,1.197180,1.197720,1.197020,1.197270
2017/09/13 10:30:00,1.197380,1.198710,1.197220,1.198700,1.197270,1.198600,1.197110,1.198600
2017/09/13 11:00:00,1.198700,1.198840,1.198110,1.198220,1.198600,1.198720,1.198000,1.198110
2017/09/13 11:30:00,1.198220,1.198610,1.197970,1.198580,1.198110,1.198500,1.197850,1.198470
2017/09/13 12:00:00,1.198580,1.198770,1.197680,1.198390,1.198470,1.198650,1.197570,1.198120
2017/09/13 12:30:00,1.198390,1.199030,1.197030,1.197450,1.198120,1.198920,1.196930,1.197330
2017/09/13 13:00:00,1.197450,1.197540,1.194850,1.195340,1.197330,1.197410,1.194750,1.195220
2017/09/13 13:30:00,1.195340,1.195750,1.193820,1.193850,1.195220,1.195620,1.193730,1.193730
2017/09/13 14:00:00,1.193850,1.194110,1.191060,1.191500,1.193730,1.193980,1.190950,1.191380
2017/09/13 14:30:00,1.191500,1.191850,1.190510,1.191690,1.191380,1.191740,1.190380,1.191570
2017/09/13 15:00:00,1.191690,1.191910,1.189060,1.189550,1.191570,1.191790,1.188960,1.189430
2017/09/13 15:30:00,1.189550,1.189970,1.188480,1.189900,1.189430,1.189870,1.188380,1.189790
2017/09/13 16:00:00,1.189900,1.190150,1.188570,1.188630,1.189790,1.190040,1.188460,1.188520
2017/09/13 16:30:00,1.188630,1.188890,1.188070,1.188180,1.188520,1.188780,1.187950,1.188070
2017/09/13 17:00:00,1.188180,1.189630,1.188010,1.189060,1.188070,1.189520,1.187890,1.188940
2017/09/13 17:30:00,1.189060,1.189600,1.188230,1.188670,1.188940,1.189480,1.188130,1.188550
2017/09/13 18:00:00,1.188670,1.188680,1.188110,1.188200,1.188550,1.188570,1.188000,1.188080
2017/09/13 18:30:00,1.188200,1.188410,1.187360,1.187480,1.188080,1.188290,1.187260,1.187370
2017/09/13 19:00:00,1.187480,1.188300,1.187360,1.188070,1.187370,1.188190,1.187260,1.187950
2017/09/13 19:30:00,1.188070,1.188640,1.187960,1.188500,1.187950,1.188530,1.187850,1.188380
2017/09/13 20:00:00,1.188500,1.188850,1.188080,1.188740,1.188380,1.188720,1.187970,1.188610
2017/09/13 20:30:00,1.188740,1.188780,1.188370,1.188630,1.188610,1.188610,1.188260,1.188470
2017/09/13 21:00:00,1.188630,1.189280,1.188430,1.188990,1.188470,1.189040,1.187930,1.188890
2017/09/13 21:30:00,1.188990,1.189280,1.188650,1.188950,1.188890,1.189030,1.188350,1.188640
2017/09/13 22:00:00,1.188950,1.189230,1.188560,1.189120,1.188640,1.189000,1.188450,1.188990
2017/09/13 22:30:00,1.189120,1.189460,1.189100,1.189450,1.188990,1.189350,1.188970,1.189330
2017/09/13 23:00:00,1.189450,1.189500,1.188680,1.188810,1.189330,1.189370,1.188570,1.188680
2017/09/13 23:30:00,1.188810,1.188950,1.188700,1.188860,1.188680,1.188870,1.188600,1.188750
2017/09/14 00:00:00,1.188860,1.189210,1.188420,1.188970,1.188750,1.189090,1.188300,1.188860
2017/09/14 00:30:00,1.188970,1.189120,1.188210,1.188330,1.188860,1.189000,1.188100,1.188220
2017/09/14 01:00:00,1.188330,1.188390,1.187430,1.187940,1.188220,1.188270,1.187320,1.187830
2017/09/14 01:30:00,1.187940,1.188110,1.187100,1.187630,1.187830,1.187990,1.186990,1.187520
2017/09/14 02:00:00,1.187630,1.188620,1.187320,1.188130,1.187520,1.188510,1.187210,1.188040
2017/09/14 02:30:00,1.188130,1.188220,1.187540,1.187610,1.188040,1.188130,1.187420,1.187530
2017/09/14 03:00:00,1.187610,1.187960,1.187610,1.187890,1.187530,1.187840,1.187530,1.187780
2017/09/14 03:30:00,1.187890,1.187990,1.187120,1.187570,1.187780,1.187880,1.187010,1.187460
2017/09/14 04:00:00,1.187570,1.187910,1.187350,1.187600,1.187460,1.187790,1.187230,1.187480
2017/09/14 04:30:00,1.187600,1.188000,1.187470,1.187870,1.187480,1.187880,1.187340,1.187760
2017/09/14 05:00:00,1.187870,1.187880,1.187130,1.187310,1.187760,1.187760,1.187000,1.187200
2017/09/14 05:30:00,1.187310,1.187630,1.186650,1.187610,1.187200,1.187520,1.186530,1.187500
2017/09/14 06:00:00,1.187610,1.188780,1.186860,1.188150,1.187500,1.188660,1.186730,1.188050
2017/09/14 06:30:00,1.188150,1.188680,1.187770,1.188520,1.188050,1.188560,1.187650,1.188400
2017/09/14 07:00:00,1.188520,1.189260,1.188060,1.188970,1.188400,1.189150,1.187960,1.188860
2017/09/14 07:30:00,1.188970,1.191040,1.188890,1.190630,1.188860,1.190940,1.188780,1.190530
2017/09/14 08:00:00,1.190630,1.190630,1.189460,1.190120,1.190530,1.190540,1.189350,1.190010
2017/09/14 08:30:00,1.190120,1.190550,1.189680,1.190520,1.190010,1.190450,1.189570,1.190420
2017/09/14 09:00:00,1.190520,1.190780,1.189870,1.190270,1.190420,1.190680,1.189750,1.190160
2017/09/14 09:30:00,1.190270,1.190320,1.189210,1.189610,1.190160,1.190220,1.189100,1.189500
2017/09/14 10:00:00,1.189610,1.190240,1.189490,1.190070,1.189500,1.190130,1.189380,1.189960
2017/09/14 10:30:00,1.190070,1.190510,1.189860,1.190200,1.189960,1.190410,1.189750,1.190090
2017/09/14 11:00:00,1.190200,1.190330,1.188050,1.188230,1.190090,1.190220,1.187940,1.188110
2017/09/14 11:30:00,1.188230,1.189650,1.187860,1.189280,1.188110,1.189540,1.187730,1.189150
2017/09/14 12:00:00,1.189280,1.190380,1.188210,1.189860,1.189150,1.190270,1.188100,1.189190
2017/09/14 12:30:00,1.189860,1.190960,1.183790,1.189310,1.189190,1.190860,1.183670,1.189210
2017/09/14 13:00:00,1.189310,1.189900,1.186900,1.187590,1.189210,1.189770,1.186780,1.187470
2017/09/14 13:30:00,1.187590,1.189740,1.187380,1.188380,1.187470,1.189620,1.187260,1.188260
2017/09/14 14:00:00,1.188380,1.189810,1.188090,1.189320,1.188260,1.189700,1.188000,1.189210
2017/09/14 14:30:00,1.189320,1.189490,1.187130,1.187370,1.189210,1.189370,1.187020,1.187260
2017/09/14 15:00:00,1.187370,1.188350,1.187060,1.187820,1.187260,1.188230,1.186970,1.187720
2017/09/14 15:30:00,1.187820,1.188920,1.187610,1.188670,1.187720,1.188810,1.187490,1.188550
2017/09/14 16:00:00,1.188670,1.188950,1.187520,1.188030,1.188550,1.188850,1.187410,1.187900
2017/09/14 16:30:00,1.188030,1.188530,1.187650,1.188440,1.187900,1.188410,1.187530,1.188330
2017/09/14 17:00:00,1.188440,1.190370,1.188380,1.189940,1.188330,1.190270,1.188280,1.189810
2017/09/14 17:30:00,1.189940,1.192290,1.189630,1.191860,1.189810,1.192180,1.189530,1.191750
2017/09/14 18:00:00,1.191860,1.192070,1.191260,1.191550,1.191750,1.191950,1.191140,1.191450
2017/09/14 18:30:00,1.191550,1.191730,1.191240,1.191360,1.191450,1.191610,1.191140,1.191250
2017/09/14 19:00:00,1.191360,1.191460,1.190540,1.191010,1.191250,1.191370,1.190420,1.190910
2017/09/14 19:30:00,1.191010,1.191070,1.190310,1.190600,1.190910,1.190980,1.190200,1.190480
2017/09/14 20:00:00,1.190600,1.191100,1.190370,1.190860,1.190480,1.190970,1.190250,1.190750
2017/09/14 20:30:00,1.190860,1.192090,1.190710,1.191910,1.190750,1.191970,1.190600,1.191760
2017/09/14 21:00:00,1.191910,1.192220,1.191540,1.191730,1.191760,1.192040,1.191320,1.191490
2017/09/14 21:30:00,1.191730,1.191910,1.191240,1.191450,1.191490,1.191760,1.191030,1.191370
2017/09/14 22:00:00,1.191450,1.192330,1.190730,1.190850,1.191370,1.192140,1.190540,1.190700
2017/09/14 22:30:00,1.190850,1.192360,1.190820,1.191950,1.190700,1.192240,1.190630,1.191830
2017/09/14 23:00:00,1.191950,1.192220,1.191690,1.192060,1.191830,1.192100,1.191560,1.191940
2017/09/14 23:30:00,1.192060,1.192270,1.191590,1.192190,1.191940,1.192160,1.191460,1.192080
2017/09/15 00:00:00,1.192190,1.192440,1.191350,1.191560,1.192080,1.192330,1.191240,1.191450
2017/09/15 00:30:00,1.191560,1.191710,1.190800,1.190880,1.191450,1.191600,1.190680,1.190760
2017/09/15 01:00:00,1.190880,1.191250,1.190160,1.191010,1.190760,1.191130,1.190050,1.190900
2017/09/15 01:30:00,1.191010,1.191180,1.190600,1.190630,1.190900,1.191080,1.190490,1.190530
2017/09/15 02:00:00,1.190630,1.191840,1.190610,1.191750,1.190530,1.191730,1.190500,1.191630
2017/09/15 02:30:00,1.191750,1.191890,1.191200,1.191590,1.191630,1.191770,1.191080,1.191470
2017/09/15 03:00:00,1.191590,1.191660,1.191250,1.191260,1.191470,1.191560,1.191120,1.191160
2017/09/15 03:30:00,1.191260,1.191500,1.190510,1.190920,1.191160,1.191390,1.190390,1.190800
2017/09/15 04:00:00,1.190920,1.191050,1.190500,1.190870,1.190800,1.190920,1.190380,1.190750
2017/09/15 04:30:00,1.190870,1.191370,1.190800,1.191310,1.190750,1.191260,1.190690,1.191190
2017/09/15 05:00:00,1.191310,1.191510,1.191060,1.191260,1.191190,1.191400,1.190950,1.191150
2017/09/15 05:30:00,1.191260,1.192150,1.191060,1.192050,1.191150,1.192030,1.190960,1.191930
2017/09/15 06:00:00,1.192050,1.192050,1.190570,1.191640,1.191930,1.191930,1.190450,1.191510
2017/09/15 06:30:00,1.191640,1.193020,1.191400,1.192400,1.191510,1.192890,1.191290,1.192280
2017/09/15 07:00:00,1.192400,1.192790,1.191340,1.191960,1.192280,1.192680,1.191230,1.191840
2017/09/15 07:30:00,1.191960,1.193080,1.191470,1.192140,1.191840,1.192960,1.191350,1.192040
2017/09/15 08:00:00,1.192140,1.192420,1.191370,1.192330,1.192040,1.192310,1.191280,1.192210
2017/09/15 08:30:00,1.192330,1.194050,1.192020,1.192990,1.192210,1.193950,1.191920,1.192880
2017/09/15 09:00:00,1.192990,1.195650,1.192710,1.194570,1.192880,1.195540,1.192610,1.194470
2017/09/15 09:30:00,1.194570,1.194820,1.193550,1.193850,1.194470,1.194710,1.193440,1.193730
2017/09/15 10:00:00,1.193850,1.195160,1.193740,1.195080,1.193730,1.195060,1.193640,1.194970
2017/09/15 10:30:00,1.195080,1.195230,1.194240,1.195130,1.194970,1.195120,1.194130,1.195020
2017/09/15 11:00:00,1.195130,1.195830,1.195010,1.195620,1.195020,1.195720,1.194910,1.195500
2017/09/15 11:30:00,1.195620,1.196390,1.194900,1.194940,1.195500,1.196270,1.194800,1.194830
2017/09/15 12:00:00,1.194940,1.197520,1.194900,1.196380,1.194830,1.197400,1.194790,1.196140
2017/09/15 12:30:00,1.196380,1.198820,1.196190,1.197450,1.196140,1.198680,1.196070,1.197340
2017/09/15 13:00:00,1.197450,1.198730,1.196440,1.197820,1.197340,1.198630,1.196310,1.197700
2017/09/15 13:30:00,1.197820,1.198180,1.196690,1.197700,1.197700,1.198070,1.196570,1.197600
2017/09/15 14:00:00,1.197700,1.197910,1.196000,1.196950,1.197600,1.197760,1.195890,1.196830
2017/09/15 14:30:00,1.196950,1.197900,1.196260,1.196390,1.196830,1.197790,1.196160,1.196270
2017/09/15 15:00:00,1.196390,1.196810,1.195910,1.196430,1.196270,1.196700,1.195800,1.196310
2017/09/15 15:30:00,1.196430,1.196440,1.195470,1.195890,1.196310,1.196320,1.195360,1.195780
2017/09/15 16:00:00,1.195890,1.196100,1.195500,1.196090,1.195780,1.195980,1.195380,1.195980
2017/09/15 16:30:00,1.196090,1.197210,1.194060,1.194590,1.195980,1.197090,1.193950,1.194480
2017/09/15 17:00:00,1.194590,1.194670,1.193080,1.193470,1.194480,1.194540,1.193010,1.193350
2017/09/15 17:30:00,1.193470,1.194290,1.193320,1.193700,1.193350,1.194170,1.193220,1.193580
2017/09/15 18:00:00,1.193700,1.194110,1.193010,1.193940,1.193580,1.193990,1.192900,1.193830
2017/09/15 18:30:00,1.193940,1.194350,1.193770,1.194140,1.193830,1.194240,1.193670,1.194020
2017/09/15 19:00:00,1.194140,1.194500,1.193540,1.193950,1.194020,1.194380,1.193430,1.193830
2017/09/15 19:30:00,1.193950,1.194690,1.193920,1.194590,1.193830,1.194570,1.193800,1.194500
2017/09/15 20:00:00,1.194590,1.196170,1.194510,1.194960,1.194500,1.196060,1.194410,1.194850
2017/09/15 20:30:00,1.194960,1.195600,1.194590,1.194720,1.194850,1.195490,1.193660,1.194000
2017/09/17 19:00:00,1.194720,1.194720,1.193580,1.193730,1.194000,1.194000,1.193240,1.193290
2017/09/17 19:30:00,1.193730,1.194230,1.193300,1.193820,1.193290,1.193290,1.192840,1.192840
2017/09/17 20:00:00,1.193820,1.193820,1.193260,1.193820,1.192840,1.192840,1.192830,1.192840
2017/09/17 20:30:00,1.193820,1.193820,1.192180,1.192190,1.192840,1.192840,1.191850,1.192040
2017/09/17 21:00:00,1.192190,1.193700,1.192080,1.193590,1.192040,1.193280,1.191940,1.193220
2017/09/17 21:30:00,1.193590,1.193880,1.193200,1.193580,1.193220,1.193520,1.192830,1.193400
2017/09/17 22:00:00,1.193580,1.195110,1.193580,1.195050,1.193400,1.194980,1.193380,1.194940
2017/09/17 22:30:00,1.195050,1.195060,1.194210,1.194350,1.194940,1.194940,1.194080,1.194210
2017/09/17 23:00:00,1.194350,1.194700,1.194290,1.194420,1.194210,1.194590,1.194160,1.194320
2017/09/17 23:30:00,1.194420,1.194460,1.193430,1.193850,1.194320,1.194350,1.193320,1.193730
2017/09/18 00:00:00,1.193850,1.194490,1.193680,1.194490,1.193730,1.194380,1.193560,1.194380
2017/09/18 00:30:00,1.194490,1.194600,1.193890,1.194470,1.194380,1.194500,1.193790,1.194350
2017/09/18 01:00:00,1.194470,1.194920,1.194450,1.194710,1.194350,1.194790,1.194330,1.194590
2017/09/18 01:30:00,1.194710,1.195030,1.194320,1.194920,1.194590,1.194910,1.194190,1.194810
2017/09/18 02:00:00,1.194920,1.195570,1.194740,1.195120,1.194810,1.195440,1.194640,1.195020
2017/09/18 02:30:00,1.195120,1.195200,1.194560,1.194610,1.195020,1.195100,1.194440,1.194490
2017/09/18 03:00:00,1.194610,1.194760,1.194260,1.194750,1.194490,1.194640,1.194140,1.194630
2017/09/18 03:30:00,1.194750,1.194750,1.194090,1.194480,1.194630,1.194630,1.193970,1.194360
2017/09/18 04:00:00,1.194480,1.194630,1.194350,1.194620,1.194360,1.194510,1.194230,1.194490
2017/09/18 04:30:00,1.194620,1.194620,1.193960,1.194130,1.194490,1.194500,1.193840,1.194020
2017/09/18 05:00:00,1.194130,1.194600,1.193870,1.193900,1.194020,1.194500,1.193760,1.193790
2017/09/18 05:30:00,1.193900,1.194720,1.193900,1.194430,1.193790,1.194600,1.193790,1.194310
2017/09/18 06:00:00,1.194430,1.194990,1.194020,1.194860,1.194310,1.194880,1.193900,1.194750
2017/09/18 06:30:00,1.194860,1.195690,1.194380,1.194880,1.194750,1.195560,1.194250,1.194750
2017/09/18 07:00:00,1.194880,1.195200,1.191530,1.192440,1.194750,1.195060,1.191410,1.192330
2017/09/18 07:30:00,1.192440,1.192830,1.192010,1.192590,1.192330,1.192730,1.191890,1.192480
2017/09/18 08:00:00,1.192590,1.193590,1.192360,1.193110,1.192480,1.193480,1.192260,1.193010
2017/09/18 08:30:00,1.193110,1.194240,1.192510,1.193960,1.193010,1.194130,1.192400,1.193850
2017/09/18 09:00:00,1.193960,1.194690,1.193790,1.194350,1.193850,1.194570,1.193670,1.194240
2017/09/18 09:30:00,1.194350,1.195460,1.194270,1.195140,1.194240,1.195350,1.194160,1.195030
2017/09/18 10:00:00,1.195140,1.195290,1.194320,1.194560,1.195030,1.195170,1.194210,1.194450
2017/09/18 10:30:00,1.194560,1.196160,1.194490,1.195830,1.194450,1.196050,1.194390,1.195710
2017/09/18 11:00:00,1.195830,1.197000,1.195720,1.196180,1.195710,1.196880,1.195610,1.196070
2017/09/18 11:30:00,1.196180,1.196740,1.194290,1.194430,1.196070,1.196630,1.194170,1.194310
2017/09/18 12:00:00,1.194430,1.195840,1.194210,1.195770,1.194310,1.195720,1.194100,1.195680
2017/09/18 12:30:00,1.195770,1.196420,1.195460,1.196180,1.195680,1.196310,1.195360,1.196060
2017/09/18 13:00:00,1.196180,1.196410,1.194820,1.194960,1.196060,1.196290,1.194710,1.194830
2017/09/18 13:30:00,1.194960,1.196210,1.194720,1.196070,1.194830,1.196070,1.194600,1.195950
2017/09/18 14:00:00,1.196070,1.196770,1.195660,1.195720,1.195950,1.196650,1.195540,1.195600
2017/09/18 14:30:00,1.195720,1.195900,1.194700,1.195640,1.195600,1.195780,1.194590,1.195520
2017/09/18 15:00:00,1.195640,1.196430,1.194870,1.195140,1.195520,1.196310,1.194780,1.195030
2017/09/18 15:30:00,1.195140,1.195570,1.193560,1.194020,1.195030,1.195450,1.193450,1.193900
2017/09/18 16:00:00,1.194020,1.194020,1.192310,1.192780,1.193900,1.193900,1.192180,1.192660
2017/09/18 16:30:00,1.192780,1.193500,1.192460,1.193500,1.192660,1.193400,1.192340,1.193380
2017/09/18 17:00:00,1.193500,1.194040,1.193320,1.193870,1.193380,1.193940,1.193200,1.193750
2017/09/18 17:30:00,1.193870,1.194270,1.193610,1.193730,1.193750,1.194170,1.193490,1.193610
2017/09/18 18:00:00,1.193730,1.194070,1.192810,1.194050,1.193610,1.193970,1.192700,1.193940
2017/09/18 18:30:00,1.194050,1.195470,1.193870,1.195070,1.193940,1.195370,1.193760,1.194950
2017/09/18 19:00:00,1.195070,1.195650,1.194860,1.195250,1.194950,1.195530,1.194750,1.195130
2017/09/18 19:30:00,1.195250,1.195840,1.194640,1.195340,1.195130,1.195730,1.194520,1.195220
2017/09/18 20:00:00,1.195340,1.195650,1.195100,1.195650,1.195220,1.195550,1.195000,1.195550
2017/09/18 20:30:00,1.195650,1.195980,1.195400,1.195490,1.195550,1.195860,1.194800,1.194820
2017/09/18 21:00:00,1.195490,1.195810,1.195070,1.195760,1.194820,1.195440,1.194820,1.195360
2017/09/18 21:30:00,1.195760,1.195760,1.195090,1.195290,1.195360,1.195450,1.194830,1.195070
2017/09/18 22:00:00,1.195290,1.195690,1.195290,1.195600,1.195070,1.195580,1.195000,1.195490
2017/09/18 22:30:00,1.195600,1.195880,1.195450,1.195730,1.195490,1.195760,1.195340,1.195610
2017/09/18 23:00:00,1.195730,1.196110,1.195670,1.195930,1.195610,1.195990,1.195560,1.195810
2017/09/18 23:30:00,1.195930,1.196180,1.195730,1.196050,1.195810,1.196070,1.195610,1.195940
2017/09/19 00:00:00,1.196050,1.196600,1.195910,1.196570,1.195940,1.196500,1.195800,1.196460
2017/09/19 00:30:00,1.196570,1.196740,1.196400,1.196470,1.196460,1.196620,1.196290,1.196360
2017/09/19 01:00:00,1.196470,1.197550,1.196470,1.196930,1.196360,1.197430,1.196360,1.196810
2017/09/19 01:30:00,1.196930,1.197190,1.196470,1.196850,1.196810,1.197070,1.196340,1.196750
2017/09/19 02:00:00,1.196850,1.197110,1.196290,1.196440,1.196750,1.196990,1.196170,1.196320
2017/09/19 02:30:00,1.196440,1.196810,1.196290,1.196700,1.196320,1.196700,1.196180,1.196580
2017/09/19 03:00:00,1.196700,1.197150,1.196540,1.196890,1.196580,1.197040,1.196440,1.196770
2017/09/19 03:30:00,1.196890,1.197140,1.196650,1.197140,1.196770,1.197020,1.196540,1.197020
2017/09/19 04:00:00,1.197140,1.197140,1.196830,1.196990,1.197020,1.197030,1.196720,1.196870
2017/09/19 04:30:00,1.196990,1.198040,1.196820,1.197640,1.196870,1.197940,1.196710,1.197520
2017/09/19 05:00:00,1.197640,1.199240,1.197470,1.198840,1.197520,1.199130,1.197360,1.198750
2017/09/19 05:30:00,1.198840,1.199080,1.198150,1.198340,1.198750,1.198960,1.198030,1.198210
2017/09/19 06:00:00,1.198340,1.200290,1.197840,1.199480,1.198210,1.200150,1.197710,1.199360
2017/09/19 06:30:00,1.199480,1.200630,1.199270,1.199540,1.199360,1.200530,1.199150,1.199420
2017/09/19 07:00:00,1.199540,1.200680,1.198290,1.198520,1.199420,1.200600,1.198180,1.198410
2017/09/19 07:30:00,1.198520,1.199850,1.198420,1.199440,1.198410,1.199750,1.198310,1.199330
2017/09/19 08:00:00,1.199440,1.200440,1.199010,1.199410,1.199330,1.200340,1.198890,1.199300
2017/09/19 08:30:00,1.199410,1.199610,1.197220,1.198540,1.199300,1.199500,1.197100,1.198380
2017/09/19 09:00:00,1.198540,1.199370,1.198300,1.199360,1.198380,1.199270,1.198160,1.199240
2017/09/19 09:30:00,1.199360,1.199390,1.198510,1.198940,1.199240,1.199280,1.198410,1.198830
2017/09/19 10:00:00,1.198940,1.199530,1.198420,1.198840,1.198830,1.199420,1.198320,1.198730
2017/09/19 10:30:00,1.198840,1.199500,1.198330,1.199080,1.198730,1.199390,1.198220,1.198970
2017/09/19 11:00:00,1.199080,1.199300,1.195430,1.197290,1.198970,1.199210,1.195250,1.197180
2017/09/19 11:30:00,1.197290,1.197940,1.196100,1.197310,1.197180,1.197820,1.195970,1.197200
2017/09/19 12:00:00,1.197310,1.198630,1.196430,1.197800,1.197200,1.198500,1.196330,1.197650
2017/09/19 12:30:00,1.197800,1.199370,1.197270,1.198490,1.197650,1.199250,1.197160,1.198360
2017/09/19 13:00:00,1.198490,1.199010,1.197650,1.198650,1.198360,1.198940,1.197530,1.198550
2017/09/19 13:30:00,1.198650,1.199140,1.198230,1.198610,1.198550,1.199030,1.198120,1.198490
2017/09/19 14:00:00,1.198610,1.198750,1.197310,1.198060,1.198490,1.198620,1.197200,1.197950
2017/09/19 14:30:00,1.198060,1.198600,1.197490,1.197810,1.197950,1.198490,1.197380,1.197690
2017/09/19 15:00:00,1.197810,1.198220,1.196860,1.197010,1.197690,1.198110,1.196750,1.196900
2017/09/19 15:30:00,1.197010,1.198160,1.196740,1.198110,1.196900,1.198030,1.196620,1.198000
2017/09/19 16:00:00,1.198110,1.198810,1.197470,1.197720,1.198000,1.198720,1.197380,1.197600
2017/09/19 16:30:00,1.197720,1.197760,1.196100,1.197450,1.197600,1.197650,1.195970,1.197330
2017/09/19 17:00:00,1.197450,1.198150,1.197110,1.198020,1.197330,1.198040,1.196990,1.197910
2017/09/19 17:30:00,1.198020,1.200120,1.197840,1.199600,1.197910,1.200010,1.197730,1.199480
2017/09/19 18:00:00,1.199600,1.200740,1.199330,1.199830,1.199480,1.200610,1.199230,1.199720
2017/09/19 18:30:00,1.199830,1.200050,1.199460,1.199600,1.199720,1.199940,1.199350,1.199490
2017/09/19 19:00:00,1.199600,1.199980,1.199350,1.199830,1.199490,1.199880,1.199240,1.199710
2017/09/19 19:30:00,1.199830,1.200070,1.199560,1.199830,1.199710,1.199990,1.199460,1.199690
2017/09/19 20:00:00,1.199830,1.199860,1.199330,1.199540,1.199690,1.199730,1.199180,1.199420
2017/09/19 20:30:00,1.199540,1.199660,1.199330,1.199500,1.199420,1.199560,1.199210,1.199390
2017/09/19 21:00:00,1.199500,1.199820,1.199310,1.199540,1.199390,1.199650,1.199190,1.199270
2017/09/19 21:30:00,1.199540,1.199750,1.199210,1.199550,1.199270,1.199550,1.198960,1.199470
2017/09/19 22:00:00,1.199550,1.199690,1.199430,1.199470,1.199470,1.199520,1.199290,1.199360
2017/09/19 22:30:00,1.199470,1.199750,1.199410,1.199510,1.199360,1.199630,1.199290,1.199390
2017/09/19 23:00:00,1.199510,1.200120,1.199480,1.200120,1.199390,1.200000,1.199360,1.200000
2017/09/19 23:30:00,1.200120,1.200130,1.199130,1.199320,1.200000,1.200010,1.199000,1.199200
2017/09/20 00:00:00,1.199320,1.199580,1.198980,1.199000,1.199200,1.199460,1.198860,1.198880
2017/09/20 00:30:00,1.199000,1.199490,1.198730,1.199270,1.198880,1.199410,1.198630,1.199150
2017/09/20 01:00:00,1.199270,1.199740,1.199130,1.199290,1.199150,1.199630,1.199020,1.199200
2017/09/20 01:30:00,1.199290,1.202020,1.199290,1.201470,1.199200,1.201910,1.199170,1.201340
2017/09/20 02:00:00,1.201470,1.201850,1.201160,1.201550,1.201340,1.201740,1.201040,1.201450
2017/09/20 02:30:00,1.201550,1.201590,1.200730,1.200820,1.201450,1.201490,1.200620,1.200710
2017/09/20 03:00:00,1.200820,1.201150,1.200770,1.200920,1.200710,1.201040,1.200650,1.200820
2017/09/20 03:30:00,1.200920,1.201040,1.200700,1.200840,1.200820,1.200920,1.200580,1.200720
2017/09/20 04:00:00,1.200840,1.201050,1.200420,1.200950,1.200720,1.200930,1.200330,1.200830
2017/09/20 04:30:00,1.200950,1.201040,1.200740,1.200750,1.200830,1.200930,1.200630,1.200630
2017/09/20 05:00:00,1.200750,1.201360,1.200610,1.201160,1.200630,1.201230,1.200500,1.201040
2017/09/20 05:30:00,1.201160,1.201550,1.200950,1.201050,1.201040,1.201430,1.200840,1.200940
2017/09/20 06:00:00,1.201050,1.201660,1.200230,1.200820,1.200940,1.201560,1.200100,1.200720
2017/09/20 06:30:00,1.200820,1.200900,1.199730,1.200000,1.200720,1.200770,1.199610,1.199880
2017/09/20 07:00:00,1.200000,1.201470,1.199850,1.200250,1.199880,1.201360,1.199730,1.200140
2017/09/20 07:30:00,1.200250,1.200400,1.199630,1.200010,1.200140,1.200290,1.199520,1.199900
2017/09/20 08:00:00,1.200010,1.200880,1.199820,1.200530,1.199900,1.200770,1.199720,1.200430
2017/09/20 08:30:00,1.200530,1.201300,1.200530,1.200750,1.200430,1.201180,1.200430,1.200650
2017/09/20 09:00:00,1.200750,1.201340,1.200640,1.200930,1.200650,1.201220,1.200530,1.200810
2017/09/20 09:30:00,1.200930,1.202270,1.200890,1.201340,1.200810,1.202140,1.200790,1.201220
2017/09/20 10:00:00,1.201340,1.201400,1.200200,1.200480,1.201220,1.201290,1.200090,1.200370
2017/09/20 10:30:00,1.200480,1.200720,1.200110,1.200610,1.200370,1.200610,1.200000,1.200500
2017/09/20 11:00:00,1.200610,1.200930,1.200260,1.200430,1.200500,1.200820,1.200140,1.200310
2017/09/20 11:30:00,1.200430,1.200770,1.200180,1.200550,1.200310,1.200640,1.200070,1.200440
2017/09/20 12:00:00,1.200550,1.201250,1.199880,1.199930,1.200440,1.201130,1.199770,1.199830
2017/09/20 12:30:00,1.199930,1.200290,1.198930,1.199280,1.199830,1.200180,1.198840,1.199150
2017/09/20 13:00:00,1.199280,1.199720,1.199170,1.199690,1.199150,1.199600,1.199050,1.199570
2017/09/20 13:30:00,1.199690,1.200330,1.199470,1.199670,1.199570,1.200200,1.199360,1.199550
2017/09/20 14:00:00,1.199670,1.200230,1.199240,1.199980,1.199550,1.200110,1.199140,1.199860
2017/09/20 14:30:00,1.199980,1.200200,1.199490,1.199570,1.199860,1.200080,1.199380,1.199460
2017/09/20 15:00:00,1.199570,1.199860,1.198450,1.199280,1.199460,1.199770,1.198340,1.199170
2017/09/20 15:30:00,1.199280,1.200180,1.199230,1.199820,1.199170,1.200060,1.199120,1.199700
2017/09/20 16:00:00,1.199820,1.200530,1.199810,1.200280,1.199700,1.200420,1.199690,1.200150
2017/09/20 16:30:00,1.200280,1.200630,1.200090,1.200480,1.200150,1.200540,1.199980,1.200370
2017/09/20 17:00:00,1.200480,1.200730,1.199760,1.199870,1.200370,1.200610,1.199660,1.199770
2017/09/20 17:30:00,1.199870,1.201700,1.199800,1.201330,1.199770,1.201420,1.199690,1.201220
2017/09/20 18:00:00,1.201330,1.203690,1.188460,1.190400,1.201220,1.203380,1.188350,1.190270
2017/09/20 18:30:00,1.190400,1.190410,1.186190,1.189100,1.190270,1.190290,1.186070,1.189010
2017/09/20 19:00:00,1.189100,1.189190,1.186850,1.188140,1.189010,1.189080,1.186740,1.188030
2017/09/20 19:30:00,1.188140,1.189950,1.187830,1.189200,1.188030,1.189840,1.187700,1.189080
2017/09/20 20:00:00,1.189200,1.190270,1.189080,1.189900,1.189080,1.190150,1.188970,1.189800
2017/09/20 20:30:00,1.189900,1.190120,1.189450,1.189520,1.189800,1.190010,1.188990,1.188990
2017/09/20 21:00:00,1.189520,1.189950,1.188450,1.188870,1.188990,1.189700,1.188130,1.188660
2017/09/20 21:30:00,1.188870,1.189820,1.188490,1.189660,1.188660,1.189670,1.188150,1.189320
2017/09/20 22:00:00,1.189660,1.189700,1.188950,1.188960,1.189320,1.189540,1.188820,1.188830
2017/09/20 22:30:00,1.188960,1.189230,1.188680,1.189020,1.188830,1.189100,1.188540,1.188910
2017/09/20 23:00:00,1.189020,1.189200,1.187220,1.187580,1.188910,1.189070,1.187090,1.187460
2017/09/20 23:30:00,1.187580,1.188170,1.186700,1.187500,1.187460,1.188050,1.186590,1.187380
2017/09/21 00:00:00,1.187500,1.187590,1.186630,1.187550,1.187380,1.187470,1.186530,1.187440
2017/09/21 00:30:00,1.187550,1.188350,1.187310,1.187820,1.187440,1.188230,1.187200,1.187710
2017/09/21 01:00:00,1.187820,1.188400,1.187010,1.187550,1.187710,1.188300,1.186910,1.187470
2017/09/21 01:30:00,1.187550,1.187650,1.186770,1.187570,1.187470,1.187540,1.186640,1.187460
2017/09/21 02:00:00,1.187570,1.188190,1.187160,1.188150,1.187460,1.188070,1.187050,1.188040
2017/09/21 02:30:00,1.188150,1.188640,1.187670,1.188600,1.188040,1.188520,1.187560,1.188490
2017/09/21 03:00:00,1.188600,1.188830,1.188180,1.188630,1.188490,1.188710,1.188060,1.188510
2017/09/21 03:30:00,1.188630,1.189220,1.188360,1.188600,1.188510,1.189100,1.188250,1.188480
2017/09/21 04:00:00,1.188600,1.188660,1.188260,1.188430,1.188480,1.188540,1.188160,1.188310
2017/09/21 04:30:00,1.188430,1.188780,1.188300,1.188400,1.188310,1.188670,1.188190,1.188280
2017/09/21 05:00:00,1.188400,1.188740,1.187710,1.187860,1.188280,1.188620,1.187600,1.187750
2017/09/21 05:30:00,1.187860,1.188680,1.187810,1.188360,1.187750,1.188560,1.187700,1.188250
2017/09/21 06:00:00,1.188360,1.189240,1.187990,1.188980,1.188250,1.189130,1.187880,1.188850
2017/09/21 06:30:00,1.188980,1.190130,1.188830,1.189690,1.188850,1.190020,1.188720,1.189570
2017/09/21 07:00:00,1.189690,1.189750,1.187710,1.188330,1.189570,1.189630,1.187600,1.188200
2017/09/21 07:30:00,1.188330,1.190820,1.188240,1.190310,1.188200,1.190710,1.188130,1.190200
2017/09/21 08:00:00,1.190310,1.191450,1.190200,1.191050,1.190200,1.191360,1.190080,1.190940
2017/09/21 08:30:00,1.191050,1.191890,1.190670,1.191400,1.190940,1.191770,1.190570,1.191280
2017/09/21 09:00:00,1.191400,1.191540,1.190860,1.191020,1.191280,1.191430,1.190740,1.190920
2017/09/21 09:30:00,1.191020,1.192000,1.191010,1.191390,1.190920,1.191880,1.190900,1.191280
2017/09/21 10:00:00,1.191390,1.191580,1.190620,1.191340,1.191280,1.191460,1.190520,1.191220
2017/09/21 10:30:00,1.191340,1.191590,1.190330,1.190330,1.191220,1.191470,1.190200,1.190200
2017/09/21 11:00:00,1.190330,1.190480,1.189140,1.189280,1.190200,1.190360,1.189020,1.189180
2017/09/21 11:30:00,1.189280,1.190560,1.189170,1.190300,1.189180,1.190450,1.189060,1.190200
2017/09/21 12:00:00,1.190300,1.192350,1.190290,1.191520,1.190200,1.192230,1.190170,1.191360
2017/09/21 12:30:00,1.191520,1.192010,1.189910,1.191730,1.191360,1.191900,1.189730,1.191600
2017/09/21 13:00:00,1.191730,1.192140,1.190950,1.191080,1.191600,1.192010,1.190830,1.190960
2017/09/21 13:30:00,1.191080,1.192970,1.190910,1.192520,1.190960,1.192860,1.190790,1.192390
2017/09/21 14:00:00,1.192520,1.192680,1.191520,1.192430,1.192390,1.192600,1.191400,1.192330
2017/09/21 14:30:00,1.192430,1.192640,1.191060,1.192290,1.192330,1.192520,1.190950,1.192180
2017/09/21 15:00:00,1.192290,1.193960,1.191740,1.193080,1.192180,1.193860,1.191610,1.192970
2017/09/21 15:30:00,1.193080,1.195440,1.193080,1.194710,1.192970,1.195330,1.192960,1.194610
2017/09/21 16:00:00,1.194710,1.195080,1.193600,1.193730,1.194610,1.194950,1.193500,1.193610
2017/09/21 16:30:00,1.193730,1.194380,1.193220,1.193300,1.193610,1.194260,1.193110,1.193200
2017/09/21 17:00:00,1.193300,1.193980,1.192990,1.193040,1.193200,1.193860,1.192890,1.192920
2017/09/21 17:30:00,1.193040,1.193700,1.192860,1.193570,1.192920,1.193600,1.192760,1.193450
2017/09/21 18:00:00,1.193570,1.193590,1.193120,1.193240,1.193450,1.193480,1.193040,1.193140
2017/09/21 18:30:00,1.193240,1.193530,1.193080,1.193100,1.193140,1.193430,1.192990,1.193010
2017/09/21 19:00:00,1.193100,1.193740,1.193100,1.193510,1.193010,1.193640,1.193000,1.193400
2017/09/21 19:30:00,1.193510,1.193710,1.193150,1.193180,1.193400,1.193600,1.193040,1.193070
2017/09/21 20:00:00,1.193180,1.194020,1.193180,1.193900,1.193070,1.193930,1.193070,1.193800
2017/09/21 20:30:00,1.193900,1.194320,1.193820,1.194210,1.193800,1.194210,1.193730,1.194100
2017/09/21 21:00:00,1.194210,1.194340,1.193830,1.194120,1.194100,1.194200,1.193690,1.193980
2017/09/21 21:30:00,1.194120,1.194220,1.193850,1.194080,1.193980,1.194070,1.193630,1.193940
2017/09/21 22:00:00,1.194080,1.194330,1.193830,1.194220,1.193940,1.194210,1.193690,1.194110
2017/09/21 22:30:00,1.194220,1.194350,1.194110,1.194160,1.194110,1.194240,1.193980,1.194030
2017/09/21 23:00:00,1.194160,1.194380,1.194050,1.194280,1.194030,1.194270,1.193940,1.194170
2017/09/21 23:30:00,1.194280,1.194950,1.194270,1.194490,1.194170,1.194830,1.194170,1.194380
2017/09/22 00:00:00,1.194490,1.194560,1.194020,1.194350,1.194380,1.194430,1.193910,1.194250
2017/09/22 00:30:00,1.194350,1.194720,1.194180,1.194220,1.194250,1.194610,1.194070,1.194110
2017/09/22 01:00:00,1.194220,1.195920,1.194150,1.195540,1.194110,1.195810,1.194040,1.195420
2017/09/22 01:30:00,1.195540,1.195750,1.195330,1.195490,1.195420,1.195630,1.195220,1.195380
2017/09/22 02:00:00,1.195490,1.195550,1.194970,1.195430,1.195380,1.195440,1.194870,1.195340
2017/09/22 02:30:00,1.195430,1.196020,1.195180,1.195640,1.195340,1.195910,1.195080,1.195530
2017/09/22 03:00:00,1.195640,1.195830,1.195380,1.195550,1.195530,1.195720,1.195250,1.195450
2017/09/22 03:30:00,1.195550,1.195960,1.195450,1.195810,1.195450,1.195850,1.195350,1.195700
2017/09/22 04:00:00,1.195810,1.195870,1.195470,1.195770,1.195700,1.195760,1.195350,1.195660
2017/09/22 04:30:00,1.195770,1.196540,1.195760,1.196080,1.195660,1.196430,1.195650,1.195960
2017/09/22 05:00:00,1.196080,1.196560,1.195860,1.196430,1.195960,1.196450,1.195730,1.196310
2017/09/22 05:30:00,1.196430,1.197040,1.196140,1.196870,1.196310,1.196920,1.196030,1.196760
2017/09/22 06:00:00,1.196870,1.197470,1.195830,1.196530,1.196760,1.197380,1.195720,1.196410
2017/09/22 06:30:00,1.196530,1.197230,1.196000,1.197070,1.196410,1.197140,1.195890,1.196960
2017/09/22 07:00:00,1.197070,1.197910,1.196560,1.197590,1.196960,1.197800,1.196440,1.197470
2017/09/22 07:30:00,1.197590,1.199880,1.197590,1.199270,1.197470,1.199780,1.197470,1.199190
2017/09/22 08:00:00,1.199270,1.199690,1.198890,1.199360,1.199190,1.199590,1.198780,1.199250
2017/09/22 08:30:00,1.199360,1.200330,1.198790,1.199080,1.199250,1.200240,1.198690,1.198970
2017/09/22 09:00:00,1.199080,1.199080,1.197770,1.198450,1.198970,1.198980,1.197660,1.198350
2017/09/22 09:30:00,1.198450,1.199590,1.198430,1.199580,1.198350,1.199480,1.198330,1.199480
2017/09/22 10:00:00,1.199580,1.200520,1.197340,1.197630,1.199480,1.200420,1.197240,1.197510
2017/09/22 10:30:00,1.197630,1.197910,1.195970,1.196630,1.197510,1.197800,1.195880,1.196530
2017/09/22 11:00:00,1.196630,1.198100,1.196160,1.197390,1.196530,1.198010,1.196060,1.197290
2017/09/22 11:30:00,1.197390,1.197600,1.196260,1.196340,1.197290,1.197490,1.196170,1.196230
2017/09/22 12:00:00,1.196340,1.196830,1.195910,1.196390,1.196230,1.196720,1.195810,1.196290
2017/09/22 12:30:00,1.196390,1.197540,1.196030,1.197220,1.196290,1.197430,1.195900,1.197100
2017/09/22 13:00:00,1.197220,1.197300,1.196080,1.196490,1.197100,1.197200,1.195970,1.196380
2017/09/22 13:30:00,1.196490,1.197460,1.195890,1.196860,1.196380,1.197360,1.195770,1.196740
2017/09/22 14:00:00,1.196860,1.197950,1.196710,1.197930,1.196740,1.197840,1.196610,1.197830
2017/09/22 14:30:00,1.197930,1.198440,1.196550,1.196850,1.197830,1.198340,1.196450,1.196730
2017/09/22 15:00:00,1.196850,1.197260,1.195960,1.196770,1.196730,1.197150,1.195850,1.196660
2017/09/22 15:30:00,1.196770,1.197340,1.196510,1.196940,1.196660,1.197240,1.196400,1.196830
2017/09/22 16:00:00,1.196940,1.197040,1.195090,1.195210,1.196830,1.196940,1.194980,1.195100
2017/09/22 16:30:00,1.195210,1.195490,1.193770,1.194530,1.195100,1.195390,1.193660,1.194440
2017/09/22 17:00:00,1.194530,1.194630,1.194020,1.194530,1.194440,1.194520,1.193920,1.194420
2017/09/22 17:30:00,1.194530,1.194980,1.194530,1.194710,1.194420,1.194870,1.194420,1.194610
2017/09/22 18:00:00,1.194710,1.195430,1.194490,1.194610,1.194610,1.195310,1.194380,1.194500
2017/09/22 18:30:00,1.194610,1.195000,1.194140,1.194360,1.194500,1.194890,1.194030,1.194250
2017/09/22 19:00:00,1.194360,1.194720,1.194060,1.194230,1.194250,1.194610,1.193950,1.194130
2017/09/22 19:30:00,1.194230,1.194580,1.194180,1.194490,1.194130,1.194480,1.194080,1.194370
2017/09/22 20:00:00,1.194490,1.195000,1.194280,1.194990,1.194370,1.194890,1.194160,1.194870
2017/09/22 20:30:00,1.194990,1.195520,1.194300,1.194830,1.194870,1.195380,1.194190,1.194690
2017/09/24 18:30:00,1.194830,1.194830,1.191240,1.191990,1.194690,1.194690,1.190470,1.191110
2017/09/24 19:00:00,1.191990,1.193280,1.190360,1.192560,1.191110,1.192800,1.189790,1.192100
2017/09/24 19:30:00,1.192560,1.192640,1.190540,1.190540,1.192100,1.192340,1.190350,1.190350
2017/09/24 20:00:00,1.190540,1.191530,1.190270,1.190520,1.190350,1.191200,1.190100,1.190270
2017/09/24 20:30:00,1.190520,1.190800,1.189760,1.189980,1.190270,1.190370,1.189590,1.189850
2017/09/24 21:00:00,1.189980,1.191240,1.189940,1.191100,1.189850,1.190900,1.189590,1.190770
2017/09/24 21:30:00,1.191100,1.191720,1.190560,1.191700,1.190770,1.191460,1.190000,1.191430
2017/09/24 22:00:00,1.191700,1.192600,1.191570,1.192460,1.191430,1.192460,1.191400,1.192340
2017/09/24 22:30:00,1.192460,1.192550,1.192240,1.192290,1.192340,1.192430,1.192140,1.192190
2017/09/24 23:00:00,1.192290,1.192580,1.191920,1.192230,1.192190,1.192470,1.191810,1.192120
2017/09/24 23:30:00,1.192230,1.192760,1.192070,1.192730,1.192120,1.192660,1.191960,1.192630
2017/09/25 00:00:00,1.192730,1.193550,1.192620,1.193410,1.192630,1.193440,1.192500,1.193290
2017/09/25 00:30:00,1.193410,1.193510,1.192830,1.192870,1.193290,1.193390,1.192740,1.192750
2017/09/25 01:00:00,1.192870,1.193280,1.191950,1.192720,1.192750,1.193190,1.191830,1.192600
2017/09/25 01:30:00,1.192720,1.193230,1.192570,1.193030,1.192600,1.193120,1.192480,1.192920
2017/09/25 02:00:00,1.193030,1.193250,1.192830,1.193150,1.192920,1.193140,1.192720,1.193030
2017/09/25 02:30:00,1.193150,1.193410,1.193080,1.193190,1.193030,1.193290,1.192970,1.193060
2017/09/25 03:00:00,1.193190,1.193240,1.192840,1.192940,1.193060,1.193120,1.192740,1.192830
2017/09/25 03:30:00,1.192940,1.193340,1.192830,1.193330,1.192830,1.193220,1.192730,1.193210
2017/09/25 04:00:00,1.193330,1.193720,1.193220,1.193560,1.193210,1.193600,1.193100,1.193450
2017/09/25 04:30:00,1.193560,1.193610,1.193200,1.193390,1.193450,1.193500,1.193080,1.193270
2017/09/25 05:00:00,1.193390,1.193610,1.193330,1.193390,1.193270,1.193500,1.193220,1.193290
2017/09/25 05:30:00,1.193390,1.193440,1.192570,1.192820,1.193290,1.193320,1.192460,1.192730
2017/09/25 06:00:00,1.192820,1.193170,1.191520,1.192240,1.192730,1.193060,1.191470,1.192140
2017/09/25 06:30:00,1.192240,1.192470,1.190370,1.191030,1.192140,1.192370,1.190290,1.190920
2017/09/25 07:00:00,1.191030,1.191980,1.190530,1.191930,1.190920,1.191880,1.190420,1.191810
2017/09/25 07:30:00,1.191930,1.192130,1.190060,1.191080,1.191810,1.192020,1.189950,1.190960
2017/09/25 08:00:00,1.191080,1.191190,1.189910,1.190680,1.190960,1.191070,1.189810,1.190580
2017/09/25 08:30:00,1.190680,1.191580,1.190380,1.190590,1.190580,1.191470,1.190280,1.190480
2017/09/25 09:00:00,1.190590,1.190730,1.189220,1.189450,1.190480,1.190630,1.189130,1.189370
2017/09/25 09:30:00,1.189450,1.189730,1.188070,1.188710,1.189370,1.189610,1.187950,1.188600
2017/09/25 10:00:00,1.188710,1.188980,1.188260,1.188520,1.188600,1.188870,1.188150,1.188400
2017/09/25 10:30:00,1.188520,1.188920,1.186920,1.187660,1.188400,1.188810,1.186830,1.187580
2017/09/25 11:00:00,1.187660,1.188190,1.187520,1.187780,1.187580,1.188080,1.187420,1.187670
2017/09/25 11:30:00,1.187780,1.187790,1.186710,1.187150,1.187670,1.187670,1.186620,1.187050
2017/09/25 12:00:00,1.187150,1.187270,1.186460,1.187060,1.187050,1.187150,1.186360,1.186950
2017/09/25 12:30:00,1.187060,1.187800,1.186670,1.187350,1.186950,1.187700,1.186570,1.187240
2017/09/25 13:00:00,1.187350,1.188440,1.186260,1.187870,1.187240,1.188320,1.186150,1.187760
2017/09/25 13:30:00,1.187870,1.189060,1.187640,1.187990,1.187760,1.188950,1.187530,1.187870
2017/09/25 14:00:00,1.187990,1.188910,1.187620,1.188420,1.187870,1.188790,1.187520,1.188320
2017/09/25 14:30:00,1.188420,1.188660,1.186510,1.186670,1.188320,1.188550,1.186410,1.186560
2017/09/25 15:00:00,1.186670,1.187330,1.185340,1.185710,1.186560,1.187220,1.185240,1.185600
2017/09/25 15:30:00,1.185710,1.186210,1.185010,1.185180,1.185600,1.186110,1.184910,1.185060
2017/09/25 16:00:00,1.185180,1.185320,1.183250,1.184320,1.185060,1.185210,1.183160,1.184210
2017/09/25 16:30:00,1.184320,1.184820,1.184130,1.184560,1.184210,1.184710,1.184010,1.184470
2017/09/25 17:00:00,1.184560,1.184580,1.183870,1.183920,1.184470,1.184490,1.183760,1.183800
2017/09/25 17:30:00,1.183920,1.184520,1.183770,1.184110,1.183800,1.184400,1.183670,1.183990
2017/09/25 18:00:00,1.184110,1.184320,1.183920,1.183950,1.183990,1.184200,1.183800,1.183830
2017/09/25 18:30:00,1.183950,1.184760,1.183950,1.184580,1.183830,1.184630,1.183830,1.184450
2017/09/25 19:00:00,1.184580,1.185610,1.184500,1.184840,1.184450,1.185490,1.184380,1.184730
2017/09/25 19:30:00,1.184840,1.185000,1.184500,1.184840,1.184730,1.184900,1.184390,1.184740
2017/09/25 20:00:00,1.184840,1.184840,1.184550,1.184690,1.184740,1.184740,1.184440,1.184590
2017/09/25 20:30:00,1.184690,1.185010,1.184610,1.184930,1.184590,1.184870,1.184480,1.184770
2017/09/25 21:00:00,1.184930,1.185230,1.184660,1.184760,1.184770,1.184880,1.184420,1.184560
2017/09/25 21:30:00,1.184760,1.184920,1.184600,1.184770,1.184560,1.184720,1.184410,1.184610
2017/09/25 22:00:00,1.184770,1.185710,1.184610,1.185530,1.184610,1.185580,1.184550,1.185370
2017/09/25 22:30:00,1.185530,1.185780,1.185240,1.185630,1.185370,1.185650,1.185100,1.185490
2017/09/25 23:00:00,1.185630,1.185790,1.185280,1.185370,1.185490,1.185680,1.185150,1.185270
2017/09/25 23:30:00,1.185370,1.185790,1.185280,1.185650,1.185270,1.185670,1.185170,1.185520
2017/09/26 00:00:00,1.185650,1.185720,1.185070,1.185150,1.185520,1.185610,1.184950,1.185050
2017/09/26 00:30:00,1.185150,1.186000,1.185110,1.185490,1.185050,1.185900,1.185000,1.185370
2017/09/26 01:00:00,1.185490,1.185830,1.185340,1.185570,1.185370,1.185720,1.185230,1.185450
2017/09/26 01:30:00,1.185570,1.186110,1.185410,1.185930,1.185450,1.185990,1.185300,1.185810
2017/09/26 02:00:00,1.185930,1.186160,1.185800,1.186120,1.185810,1.186050,1.185680,1.186010
2017/09/26 02:30:00,1.186120,1.186190,1.185500,1.185850,1.186010,1.186060,1.185390,1.185750
2017/09/26 03:00:00,1.185850,1.186080,1.185780,1.185780,1.185750,1.185960,1.185680,1.185680
2017/09/26 03:30:00,1.185780,1.186220,1.185780,1.186180,1.185680,1.186110,1.185670,1.186060
2017/09/26 04:00:00,1.186180,1.186210,1.185700,1.185770,1.186060,1.186090,1.185580,1.185650
2017/09/26 04:30:00,1.185770,1.185800,1.185390,1.185400,1.185650,1.185680,1.185280,1.185300
2017/09/26 05:00:00,1.185400,1.185450,1.184350,1.184550,1.185300,1.185330,1.184240,1.184420
2017/09/26 05:30:00,1.184550,1.184720,1.183650,1.184170,1.184420,1.184620,1.183550,1.184060
2017/09/26 06:00:00,1.184170,1.185480,1.184060,1.185410,1.184060,1.185360,1.183940,1.185300
2017/09/26 06:30:00,1.185410,1.185960,1.184630,1.184650,1.185300,1.185850,1.184520,1.184540
2017/09/26 07:00:00,1.184650,1.184710,1.182220,1.184110,1.184540,1.184600,1.182120,1.184010
2017/09/26 07:30:00,1.184110,1.184150,1.181120,1.181320,1.184010,1.184040,1.181000,1.181210
2017/09/26 08:00:00,1.181320,1.181860,1.181030,1.181380,1.181210,1.181750,1.180920,1.181280
2017/09/26 08:30:00,1.181380,1.181980,1.181060,1.181780,1.181280,1.181900,1.180950,1.181660
2017/09/26 09:00:00,1.181780,1.182970,1.181370,1.182240,1.181660,1.182860,1.181260,1.182140
2017/09/26 09:30:00,1.182240,1.182620,1.181360,1.181540,1.182140,1.182520,1.181240,1.181420
2017/09/26 10:00:00,1.181540,1.181690,1.179400,1.179860,1.181420,1.181600,1.179310,1.179740
2017/09/26 10:30:00,1.179860,1.180000,1.178650,1.179040,1.179740,1.179910,1.178540,1.178930
2017/09/26 11:00:00,1.179040,1.179860,1.178760,1.179630,1.178930,1.179760,1.178650,1.179530
2017/09/26 11:30:00,1.179630,1.179750,1.178270,1.178940,1.179530,1.179640,1.178180,1.178820
2017/09/26 12:00:00,1.178940,1.179150,1.178130,1.178900,1.178820,1.179050,1.178030,1.178790
2017/09/26 12:30:00,1.178900,1.179650,1.178430,1.179240,1.178790,1.179540,1.178340,1.179130
2017/09/26 13:00:00,1.179240,1.179790,1.178920,1.179530,1.179130,1.179680,1.178810,1.179420
2017/09/26 13:30:00,1.179530,1.179660,1.178090,1.178110,1.179420,1.179540,1.177980,1.178000
2017/09/26 14:00:00,1.178110,1.179090,1.177950,1.178180,1.178000,1.178980,1.177850,1.178070
2017/09/26 14:30:00,1.178180,1.178430,1.176470,1.176670,1.178070,1.178360,1.176360,1.176560
2017/09/26 15:00:00,1.176670,1.177470,1.176650,1.177340,1.176560,1.177360,1.176540,1.177240
2017/09/26 15:30:00,1.177340,1.177410,1.176740,1.177090,1.177240,1.177330,1.176640,1.176970
2017/09/26 16:00:00,1.177090,1.178200,1.176690,1.178120,1.176970,1.178100,1.176580,1.178040
2017/09/26 16:30:00,1.178120,1.179600,1.175770,1.178280,1.178040,1.179490,1.175700,1.178160
2017/09/26 17:00:00,1.178280,1.180720,1.178170,1.180110,1.178160,1.180610,1.178090,1.180020
2017/09/26 17:30:00,1.180110,1.181100,1.179640,1.181000,1.180020,1.180990,1.179530,1.180880
2017/09/26 18:00:00,1.181000,1.181090,1.179800,1.180010,1.180880,1.180980,1.179680,1.179890
2017/09/26 18:30:00,1.180010,1.180160,1.179450,1.179930,1.179890,1.180070,1.179360,1.179820
2017/09/26 19:00:00,1.179930,1.179960,1.178840,1.178900,1.179820,1.179850,1.178730,1.178790
2017/09/26 19:30:00,1.178900,1.179560,1.178790,1.179340,1.178790,1.179450,1.178690,1.179240
2017/09/26 20:00:00,1.179340,1.179490,1.178570,1.178810,1.179240,1.179380,1.178470,1.178690
2017/09/26 20:30:00,1.178810,1.179550,1.178710,1.179430,1.178690,1.179390,1.178590,1.179130
2017/09/26 21:00:00,1.179430,1.179570,1.179130,1.179210,1.179130,1.179360,1.178940,1.179060
2017/09/26 21:30:00,1.179210,1.179450,1.179110,1.179240,1.179060,1.179300,1.178970,1.179080
2017/09/26 22:00:00,1.179240,1.179320,1.179090,1.179200,1.179080,1.179160,1.178940,1.179070
2017/09/26 22:30:00,1.179200,1.179200,1.178980,1.179050,1.179070,1.179070,1.178850,1.178920
2017/09/26 23:00:00,1.179050,1.179100,1.178630,1.178770,1.178920,1.178980,1.178500,1.178670
2017/09/26 23:30:00,1.178770,1.178840,1.178280,1.178460,1.178670,1.178710,1.178160,1.178340
2017/09/27 00:00:00,1.178460,1.178520,1.177740,1.178230,1.178340,1.178400,1.177610,1.178120
2017/09/27 00:30:00,1.178230,1.178870,1.177930,1.178850,1.178120,1.178770,1.177800,1.178730
2017/09/27 01:00:00,1.178850,1.179290,1.178730,1.179130,1.178730,1.179180,1.178620,1.179000
2017/09/27 01:30:00,1.179130,1.179600,1.178790,1.178970,1.179000,1.179480,1.178680,1.178870
2017/09/27 02:00:00,1.178970,1.179060,1.178710,1.178820,1.178870,1.178940,1.178600,1.178710
2017/09/27 02:30:00,1.178820,1.179090,1.178740,1.178950,1.178710,1.178990,1.178660,1.178840
2017/09/27 03:00:00,1.178950,1.179070,1.178640,1.179040,1.178840,1.178960,1.178520,1.178920
2017/09/27 03:30:00,1.179040,1.179270,1.178730,1.179160,1.178920,1.179170,1.178620,1.179050
2017/09/27 04:00:00,1.179160,1.179290,1.178370,1.178470,1.179050,1.179190,1.178270,1.178350
2017/09/27 04:30:00,1.178470,1.178640,1.177820,1.178000,1.178350,1.178530,1.177710,1.177910
2017/09/27 05:00:00,1.178000,1.178000,1.177290,1.177750,1.177910,1.177920,1.177180,1.177630
2017/09/27 05:30:00,1.177750,1.178470,1.177120,1.177530,1.177630,1.178370,1.177010,1.177420
2017/09/27 06:00:00,1.177530,1.178020,1.176890,1.177040,1.177420,1.177900,1.176780,1.176940
2017/09/27 06:30:00,1.177040,1.177270,1.175710,1.175930,1.176940,1.177170,1.175610,1.175830
2017/09/27 07:00:00,1.175930,1.176070,1.174290,1.175070,1.175830,1.175940,1.174170,1.174960
2017/09/27 07:30:00,1.175070,1.175880,1.174580,1.175750,1.174960,1.175780,1.174470,1.175640
2017/09/27 08:00:00,1.175750,1.175790,1.173540,1.173740,1.175640,1.175720,1.173430,1.173620
2017/09/27 08:30:00,1.173740,1.174510,1.173170,1.173670,1.173620,1.174410,1.173060,1.173570
2017/09/27 09:00:00,1.173670,1.174610,1.173490,1.174250,1.173570,1.174500,1.173380,1.174140
2017/09/27 09:30:00,1.174250,1.175040,1.173510,1.174900,1.174140,1.174930,1.173400,1.174780
2017/09/27 10:00:00,1.174900,1.175750,1.174780,1.175340,1.174780,1.175650,1.174680,1.175230
2017/09/27 10:30:00,1.175340,1.175690,1.174530,1.174670,1.175230,1.175580,1.174430,1.174580
2017/09/27 11:00:00,1.174670,1.174730,1.173260,1.174060,1.174580,1.174650,1.173160,1.173950
2017/09/27 11:30:00,1.174060,1.174650,1.173780,1.174530,1.173950,1.174530,1.173680,1.174420
2017/09/27 12:00:00,1.174530,1.174630,1.173560,1.173620,1.174420,1.174520,1.173220,1.173220
2017/09/27 12:30:00,1.173620,1.173950,1.171870,1.172080,1.173220,1.173830,1.171780,1.171970
2017/09/27 13:00:00,1.172080,1.172630,1.171750,1.172250,1.171970,1.172510,1.171660,1.172140
2017/09/27 13:30:00,1.172250,1.173050,1.172120,1.172660,1.172140,1.172940,1.172010,1.172550
2017/09/27 14:00:00,1.172660,1.174290,1.171890,1.173080,1.172550,1.174180,1.171780,1.172960
2017/09/27 14:30:00,1.173080,1.174680,1.172330,1.173280,1.172960,1.174560,1.172230,1.173170
2017/09/27 15:00:00,1.173280,1.175010,1.172870,1.174900,1.173170,1.174900,1.172770,1.174790
2017/09/27 15:30:00,1.174900,1.175070,1.174160,1.174720,1.174790,1.174980,1.174050,1.174610
2017/09/27 16:00:00,1.174720,1.177710,1.174610,1.176990,1.174610,1.177610,1.174520,1.176890
2017/09/27 16:30:00,1.176990,1.177300,1.175070,1.175290,1.176890,1.177200,1.174960,1.175180
2017/09/27 17:00:00,1.175290,1.175920,1.174880,1.175670,1.175180,1.175810,1.174760,1.175570
2017/09/27 17:30:00,1.175670,1.176610,1.175670,1.175890,1.175570,1.176510,1.175570,1.175770
2017/09/27 18:00:00,1.175890,1.176360,1.175010,1.175860,1.175770,1.176240,1.174900,1.175740
2017/09/27 18:30:00,1.175860,1.176500,1.175690,1.175820,1.175740,1.176390,1.175580,1.175690
2017/09/27 19:00:00,1.175820,1.175820,1.174620,1.174880,1.175690,1.175710,1.174510,1.174770
2017/09/27 19:30:00,1.174880,1.175360,1.174700,1.175050,1.174770,1.175280,1.174580,1.174950
2017/09/27 20:00:00,1.175050,1.175500,1.174690,1.175240,1.174950,1.175380,1.174560,1.175140
2017/09/27 20:30:00,1.175240,1.175250,1.174500,1.174550,1.175140,1.175140,1.174350,1.174390
2017/09/27 21:00:00,1.174550,1.175410,1.174480,1.174500,1.174390,1.174880,1.174140,1.174320
2017/09/27 21:30:00,1.174500,1.174920,1.174320,1.174500,1.174320,1.174580,1.174140,1.174360
2017/09/27 22:00:00,1.174500,1.174810,1.174330,1.174790,1.174360,1.174680,1.174160,1.174670
2017/09/27 22:30:00,1.174790,1.174850,1.174140,1.174330,1.174670,1.174740,1.174000,1.174210
2017/09/27 23:00:00,1.174330,1.174700,1.174240,1.174640,1.174210,1.174590,1.174130,1.174530
2017/09/27 23:30:00,1.174640,1.175170,1.174460,1.175050,1.174530,1.175060,1.174360,1.174930
2017/09/28 00:00:00,1.175050,1.175630,1.174840,1.175300,1.174930,1.175510,1.174730,1.175200
2017/09/28 00:30:00,1.175300,1.175670,1.174710,1.174900,1.175200,1.175590,1.174590,1.174790
2017/09/28 01:00:00,1.174900,1.175170,1.174410,1.174450,1.174790,1.175050,1.174290,1.174340
2017/09/28 01:30:00,1.174450,1.174550,1.173400,1.173920,1.174340,1.174420,1.173280,1.173810
2017/09/28 02:00:00,1.173920,1.174300,1.173720,1.174240,1.173810,1.174170,1.173610,1.174120
2017/09/28 02:30:00,1.174240,1.174400,1.173760,1.174070,1.174120,1.174280,1.173640,1.173950
2017/09/28 03:00:00,1.174070,1.174180,1.173380,1.173820,1.173950,1.174060,1.173260,1.173710
2017/09/28 03:30:00,1.173820,1.174080,1.172740,1.173140,1.173710,1.173990,1.172660,1.173030
2017/09/28 04:00:00,1.173140,1.173510,1.172770,1.173450,1.173030,1.173410,1.172660,1.173340
2017/09/28 04:30:00,1.173450,1.173530,1.173170,1.173250,1.173340,1.173410,1.173060,1.173140
2017/09/28 05:00:00,1.173250,1.173680,1.173210,1.173360,1.173140,1.173560,1.173100,1.173240
2017/09/28 05:30:00,1.173360,1.173600,1.172180,1.172630,1.173240,1.173490,1.172070,1.172510
2017/09/28 06:00:00,1.172630,1.174390,1.172210,1.174110,1.172510,1.174270,1.172100,1.174000
2017/09/28 06:30:00,1.174110,1.175210,1.173770,1.174290,1.174000,1.175120,1.173650,1.174170
2017/09/28 07:00:00,1.174290,1.175150,1.172430,1.174800,1.174170,1.175030,1.172330,1.174690
2017/09/28 07:30:00,1.174800,1.175740,1.174580,1.175560,1.174690,1.175630,1.174480,1.175460
2017/09/28 08:00:00,1.175560,1.177300,1.175020,1.176140,1.175460,1.177190,1.174910,1.176030
2017/09/28 08:30:00,1.176140,1.177140,1.175150,1.176710,1.176030,1.177030,1.175040,1.176600
2017/09/28 09:00:00,1.176710,1.177440,1.175930,1.176310,1.176600,1.177350,1.175820,1.176200
2017/09/28 09:30:00,1.176310,1.177540,1.176040,1.176730,1.176200,1.177420,1.175920,1.176650
2017/09/28 10:00:00,1.176730,1.177680,1.176380,1.176970,1.176650,1.177570,1.176290,1.176870
2017/09/28 10:30:00,1.176970,1.178440,1.176930,1.177950,1.176870,1.178330,1.176830,1.177830
2017/09/28 11:00:00,1.177950,1.178530,1.177680,1.178010,1.177830,1.178430,1.177570,1.177910
2017/09/28 11:30:00,1.178010,1.178020,1.177440,1.177450,1.177910,1.177920,1.177320,1.177330
2017/09/28 12:00:00,1.177450,1.178500,1.177250,1.178120,1.177330,1.178380,1.177150,1.177850
2017/09/28 12:30:00,1.178120,1.178420,1.176730,1.176750,1.177850,1.178310,1.176620,1.176650
2017/09/28 13:00:00,1.176750,1.179290,1.176710,1.178750,1.176650,1.179200,1.176610,1.178640
2017/09/28 13:30:00,1.178750,1.179600,1.178580,1.179540,1.178640,1.179500,1.178470,1.179450
2017/09/28 14:00:00,1.179540,1.180480,1.179030,1.179080,1.179450,1.180360,1.178920,1.178980
2017/09/28 14:30:00,1.179080,1.179290,1.178100,1.178480,1.178980,1.179180,1.177980,1.178380
2017/09/28 15:00:00,1.178480,1.179290,1.178090,1.179220,1.178380,1.179190,1.177980,1.179110
2017/09/28 15:30:00,1.179220,1.179320,1.177680,1.177730,1.179110,1.179200,1.177570,1.177620
2017/09/28 16:00:00,1.177730,1.178180,1.177350,1.178070,1.177620,1.178070,1.177230,1.177960
2017/09/28 16:30:00,1.178070,1.178730,1.177760,1.178450,1.177960,1.178630,1.177660,1.178330
2017/09/28 17:00:00,1.178450,1.179010,1.178010,1.178410,1.178330,1.178890,1.177910,1.178310
2017/09/28 17:30:00,1.178410,1.179260,1.178340,1.178950,1.178310,1.179140,1.178220,1.178860
2017/09/28 18:00:00,1.178950,1.179410,1.178290,1.178500,1.178860,1.179310,1.178180,1.178380
2017/09/28 18:30:00,1.178500,1.179280,1.178460,1.179210,1.178380,1.179160,1.178360,1.179090
2017/09/28 19:00:00,1.179210,1.179210,1.178080,1.178470,1.179090,1.179090,1.177970,1.178360
2017/09/28 19:30:00,1.178470,1.178560,1.177870,1.177910,1.178360,1.178450,1.177770,1.177790
2017/09/28 20:00:00,1.177910,1.178380,1.177870,1.178340,1.177790,1.178270,1.177760,1.178220
2017/09/28 20:30:00,1.178340,1.178820,1.178160,1.178680,1.178220,1.178660,1.178030,1.178520
2017/09/28 21:00:00,1.178680,1.179050,1.178310,1.178420,1.178520,1.178820,1.178100,1.178220
2017/09/28 21:30:00,1.178420,1.178540,1.178330,1.178440,1.178220,1.178380,1.177980,1.178300
2017/09/28 22:00:00,1.178440,1.178530,1.178210,1.178450,1.178300,1.178400,1.178080,1.178310
2017/09/28 22:30:00,1.178450,1.178580,1.178120,1.178120,1.178310,1.178450,1.178030,1.178030
2017/09/28 23:00:00,1.178120,1.178210,1.177890,1.178180,1.178030,1.178120,1.177780,1.178070
2017/09/28 23:30:00,1.178180,1.178380,1.177950,1.178190,1.178070,1.178270,1.177850,1.178080
2017/09/29 00:00:00,1.178190,1.178390,1.177790,1.177870,1.178080,1.178270,1.177680,1.177750
2017/09/29 00:30:00,1.177870,1.178980,1.177840,1.178690,1.177750,1.178890,1.177740,1.178570
2017/09/29 01:00:00,1.178690,1.179120,1.178450,1.178690,1.178570,1.179010,1.178330,1.178560
2017/09/29 01:30:00,1.178690,1.178730,1.178020,1.178050,1.178560,1.178600,1.177910,1.177950
2017/09/29 02:00:00,1.178050,1.178290,1.178000,1.178150,1.177950,1.178170,1.177870,1.178030
2017/09/29 02:30:00,1.178150,1.178290,1.177630,1.177640,1.178030,1.178180,1.177540,1.177550
2017/09/29 03:00:00,1.177640,1.178100,1.177640,1.178000,1.177550,1.177990,1.177540,1.177880
2017/09/29 03:30:00,1.178000,1.178570,1.177970,1.178510,1.177880,1.178460,1.177850,1.178410
2017/09/29 04:00:00,1.178510,1.178700,1.177930,1.178180,1.178410,1.178580,1.177820,1.178060
2017/09/29 04:30:00,1.178180,1.178230,1.177890,1.177950,1.178060,1.178130,1.177770,1.177840
2017/09/29 05:00:00,1.177950,1.178150,1.177640,1.177820,1.177840,1.178030,1.177520,1.177710
2017/09/29 05:30:00,1.177820,1.177910,1.177390,1.177500,1.177710,1.177790,1.177280,1.177390
2017/09/29 06:00:00,1.177500,1.178330,1.177310,1.178330,1.177390,1.178220,1.177200,1.178220
2017/09/29 06:30:00,1.178330,1.180180,1.178220,1.179690,1.178220,1.180080,1.178110,1.179570
2017/09/29 07:00:00,1.179690,1.179880,1.178850,1.179250,1.179570,1.179770,1.178760,1.179140
2017/09/29 07:30:00,1.179250,1.180940,1.179250,1.179470,1.179140,1.180850,1.179140,1.179360
2017/09/29 08:00:00,1.179470,1.180650,1.179380,1.180240,1.179360,1.180540,1.179270,1.180150
2017/09/29 08:30:00,1.180240,1.180240,1.179570,1.180030,1.180150,1.180150,1.179490,1.179920
2017/09/29 09:00:00,1.180030,1.180030,1.178950,1.179730,1.179920,1.179920,1.178830,1.179620
2017/09/29 09:30:00,1.179730,1.180250,1.179550,1.180160,1.179620,1.180160,1.179440,1.180070
2017/09/29 10:00:00,1.180160,1.181500,1.179910,1.181190,1.180070,1.181400,1.179810,1.181080
2017/09/29 10:30:00,1.181190,1.181470,1.180850,1.181320,1.181080,1.181360,1.180730,1.181200
2017/09/29 11:00:00,1.181320,1.181900,1.181090,1.181290,1.181200,1.181800,1.180980,1.181170
2017/09/29 11:30:00,1.181290,1.181830,1.181130,1.181300,1.181170,1.181730,1.181020,1.181180
2017/09/29 12:00:00,1.181300,1.181520,1.180270,1.180780,1.181180,1.181410,1.180150,1.180640
2017/09/29 12:30:00,1.180780,1.183310,1.180360,1.182990,1.180640,1.183200,1.180150,1.182880
2017/09/29 13:00:00,1.182990,1.183250,1.181670,1.182410,1.182880,1.183130,1.181570,1.182290
2017/09/29 13:30:00,1.182410,1.182570,1.179180,1.179650,1.182290,1.182470,1.179090,1.179530
2017/09/29 14:00:00,1.179650,1.180810,1.179490,1.180330,1.179530,1.180700,1.179370,1.180210
2017/09/29 14:30:00,1.180330,1.182560,1.179930,1.182100,1.180210,1.182460,1.179820,1.181990
2017/09/29 15:00:00,1.182100,1.182370,1.181110,1.181940,1.181990,1.182260,1.180990,1.181840
2017/09/29 15:30:00,1.181940,1.182060,1.180950,1.181330,1.181840,1.181950,1.180850,1.181220
2017/09/29 16:00:00,1.181330,1.181420,1.180180,1.180200,1.181220,1.181320,1.180080,1.180090
2017/09/29 16:30:00,1.180200,1.180800,1.179990,1.180340,1.180090,1.180690,1.179900,1.180230
2017/09/29 17:00:00,1.180340,1.180550,1.180010,1.180500,1.180230,1.180470,1.179940,1.180380
2017/09/29 17:30:00,1.180500,1.181200,1.180320,1.180450,1.180380,1.181090,1.180210,1.180350
2017/09/29 18:00:00,1.180450,1.181540,1.180390,1.181440,1.180350,1.181430,1.180270,1.181340
2017/09/29 18:30:00,1.181440,1.182480,1.180920,1.181290,1.181340,1.182370,1.180810,1.181170
2017/09/29 19:00:00,1.181290,1.182670,1.181240,1.182320,1.181170,1.182570,1.181120,1.182220
2017/09/29 19:30:00,1.182320,1.182640,1.181780,1.181990,1.182220,1.182570,1.181690,1.181870
2017/09/29 20:00:00,1.181990,1.182380,1.181640,1.182300,1.181870,1.182250,1.181510,1.182180
2017/09/29 20:30:00,1.182300,1.182440,1.181130,1.181910,1.182180,1.182350,1.180850,1.181140
