StartDate,AskOpen,AskHigh,AskLow,AskClose,BidOpen,BidHigh,BidLow,BidClose
2017/01/03 00:00:00,1.053060,1.053060,1.045840,1.046850,1.051630,1.051630,1.045600,1.046580
2017/01/03 00:30:00,1.046850,1.047270,1.046590,1.046740,1.046580,1.046990,1.046330,1.046500
2017/01/03 01:00:00,1.046740,1.047960,1.046580,1.047780,1.046500,1.047700,1.046320,1.047530
2017/01/03 01:30:00,1.047780,1.048230,1.047600,1.047710,1.047530,1.047960,1.047350,1.047450
2017/01/03 02:00:00,1.047710,1.047950,1.047470,1.047700,1.047450,1.047680,1.047200,1.047440
2017/01/03 02:30:00,1.047700,1.047810,1.047200,1.047330,1.047440,1.047540,1.046950,1.047070
2017/01/03 03:00:00,1.047330,1.048140,1.047250,1.048060,1.047070,1.047880,1.047000,1.047800
2017/01/03 03:30:00,1.048060,1.048620,1.048000,1.048620,1.047800,1.048360,1.047740,1.048350
2017/01/03 04:00:00,1.048620,1.048720,1.048310,1.048470,1.048350,1.048490,1.048050,1.048220
2017/01/03 04:30:00,1.048470,1.049130,1.048370,1.048970,1.048220,1.048870,1.048130,1.048710
2017/01/03 05:00:00,1.048970,1.049150,1.048500,1.048710,1.048710,1.048890,1.048240,1.048450
2017/01/03 05:30:00,1.048710,1.048710,1.048280,1.048360,1.048450,1.048450,1.048010,1.048090
2017/01/03 06:00:00,1.048360,1.049050,1.048250,1.048870,1.048090,1.048790,1.047970,1.048610
2017/01/03 06:30:00,1.048870,1.049020,1.048530,1.048940,1.048610,1.048770,1.048270,1.048670
2017/01/03 07:00:00,1.048940,1.049010,1.045980,1.046270,1.048670,1.048750,1.045700,1.046010
2017/01/03 07:30:00,1.046270,1.046590,1.045480,1.046150,1.046010,1.046350,1.045230,1.045910
2017/01/03 08:00:00,1.046150,1.046710,1.042990,1.043380,1.045910,1.046490,1.042740,1.043110
2017/01/03 08:30:00,1.043380,1.044520,1.042180,1.043660,1.043110,1.044280,1.041930,1.043400
2017/01/03 09:00:00,1.043660,1.043780,1.041780,1.042130,1.043400,1.043500,1.041530,1.041850
2017/01/03 09:30:00,1.042130,1.042410,1.040140,1.040310,1.041850,1.042160,1.039900,1.040070
2017/01/03 10:00:00,1.040310,1.041780,1.039750,1.041270,1.040070,1.041530,1.039500,1.041020
2017/01/03 10:30:00,1.041270,1.041450,1.039720,1.039770,1.041020,1.041210,1.039470,1.039530
2017/01/03 11:00:00,1.039770,1.040090,1.038310,1.038430,1.039530,1.039850,1.038070,1.038170
2017/01/03 11:30:00,1.038430,1.039560,1.038260,1.039550,1.038170,1.039330,1.038000,1.039300
2017/01/03 12:00:00,1.039550,1.039570,1.038280,1.038380,1.039300,1.039320,1.038040,1.038120
2017/01/03 12:30:00,1.038380,1.039190,1.037620,1.039020,1.038120,1.038940,1.037390,1.038780
2017/01/03 13:00:00,1.039020,1.039300,1.038310,1.038390,1.038780,1.039040,1.038060,1.038150
2017/01/03 13:30:00,1.038390,1.039310,1.038340,1.039270,1.038150,1.039070,1.038090,1.039030
2017/01/03 14:00:00,1.039270,1.039690,1.038580,1.039630,1.039030,1.039450,1.038350,1.039380
2017/01/03 14:30:00,1.039630,1.040920,1.039070,1.039150,1.039380,1.040680,1.038720,1.038730
2017/01/03 15:00:00,1.039150,1.039200,1.034170,1.036450,1.038730,1.038890,1.033910,1.036210
2017/01/03 15:30:00,1.036450,1.038770,1.036120,1.038570,1.036210,1.038520,1.035860,1.038310
2017/01/03 16:00:00,1.038570,1.042450,1.037990,1.041730,1.038310,1.042210,1.037730,1.041470
2017/01/03 16:30:00,1.041730,1.043490,1.041120,1.041660,1.041470,1.043240,1.040870,1.041400
2017/01/03 17:00:00,1.041660,1.041910,1.041130,1.041370,1.041400,1.041660,1.040890,1.041120
2017/01/03 17:30:00,1.041370,1.042970,1.041370,1.042840,1.041120,1.042730,1.041110,1.042590
2017/01/03 18:00:00,1.042840,1.043300,1.042300,1.042650,1.042590,1.043040,1.042060,1.042400
2017/01/03 18:30:00,1.042650,1.042970,1.041460,1.041640,1.042400,1.042710,1.041220,1.041390
2017/01/03 19:00:00,1.041640,1.041640,1.040900,1.040980,1.041390,1.041390,1.040640,1.040750
2017/01/03 19:30:00,1.040980,1.041480,1.040660,1.041180,1.040750,1.041240,1.040420,1.040960
2017/01/03 20:00:00,1.041180,1.041850,1.040560,1.041760,1.040960,1.041610,1.040310,1.041510
2017/01/03 20:30:00,1.041760,1.041820,1.040310,1.040330,1.041510,1.041600,1.040080,1.040090
2017/01/03 21:00:00,1.040330,1.040810,1.040290,1.040600,1.040090,1.040600,1.040040,1.040340
2017/01/03 21:30:00,1.040600,1.040840,1.040440,1.040760,1.040340,1.040560,1.040160,1.040370
2017/01/03 22:00:00,1.040760,1.041430,1.040570,1.040860,1.040370,1.040860,1.040240,1.040410
2017/01/03 22:30:00,1.040860,1.041470,1.040510,1.041110,1.040410,1.041120,1.040270,1.040780
2017/01/03 23:00:00,1.041110,1.042090,1.041080,1.042000,1.040780,1.041790,1.040710,1.041700
2017/01/03 23:30:00,1.042000,1.042560,1.041630,1.041900,1.041700,1.042270,1.041380,1.041630
2017/01/04 00:00:00,1.041900,1.041940,1.040180,1.040480,1.041630,1.041660,1.039930,1.040240
2017/01/04 00:30:00,1.040480,1.041320,1.039310,1.039600,1.040240,1.041070,1.039100,1.039320
2017/01/04 01:00:00,1.039600,1.040360,1.039080,1.039890,1.039320,1.040100,1.038860,1.039670
2017/01/04 01:30:00,1.039890,1.040130,1.039130,1.039470,1.039670,1.039860,1.038880,1.039210
2017/01/04 02:00:00,1.039470,1.040640,1.039460,1.040420,1.039210,1.040380,1.039200,1.040160
2017/01/04 02:30:00,1.040420,1.040780,1.040170,1.040690,1.040160,1.040520,1.039920,1.040440
2017/01/04 03:00:00,1.040690,1.040690,1.039900,1.040460,1.040440,1.040440,1.039640,1.040190
2017/01/04 03:30:00,1.040460,1.040940,1.040300,1.040660,1.040190,1.040690,1.040030,1.040410
2017/01/04 04:00:00,1.040660,1.041080,1.040500,1.040580,1.040410,1.040830,1.040250,1.040320
2017/01/04 04:30:00,1.040580,1.040930,1.040390,1.040400,1.040320,1.040670,1.040130,1.040140
2017/01/04 05:00:00,1.040400,1.040770,1.040300,1.040680,1.040140,1.040510,1.040040,1.040420
2017/01/04 05:30:00,1.040680,1.041060,1.040360,1.040800,1.040420,1.040790,1.040110,1.040550
2017/01/04 06:00:00,1.040800,1.041160,1.040070,1.040980,1.040550,1.040890,1.039800,1.040720
2017/01/04 06:30:00,1.040980,1.041600,1.040690,1.040760,1.040720,1.041340,1.040440,1.040500
2017/01/04 07:00:00,1.040760,1.042000,1.040690,1.041750,1.040500,1.041730,1.040440,1.041490
2017/01/04 07:30:00,1.041750,1.042280,1.041380,1.041850,1.041490,1.042020,1.041120,1.041600
2017/01/04 08:00:00,1.041850,1.044160,1.041730,1.043240,1.041600,1.043890,1.041480,1.042980
2017/01/04 08:30:00,1.043240,1.043580,1.041670,1.043500,1.042980,1.043320,1.041420,1.043240
2017/01/04 09:00:00,1.043500,1.044610,1.042960,1.044150,1.043240,1.044370,1.042710,1.043890
2017/01/04 09:30:00,1.044150,1.044700,1.043740,1.043970,1.043890,1.044440,1.043500,1.043690
2017/01/04 10:00:00,1.043970,1.044530,1.042810,1.043680,1.043690,1.044270,1.042590,1.043430
2017/01/04 10:30:00,1.043680,1.044060,1.043050,1.043390,1.043430,1.043820,1.042790,1.043140
2017/01/04 11:00:00,1.043390,1.044660,1.043280,1.043990,1.043140,1.044410,1.043030,1.043730
2017/01/04 11:30:00,1.043990,1.044000,1.042870,1.043270,1.043730,1.043770,1.042630,1.043010
2017/01/04 12:00:00,1.043270,1.043690,1.042510,1.042950,1.043010,1.043440,1.042280,1.042700
2017/01/04 12:30:00,1.042950,1.044270,1.042470,1.043510,1.042700,1.044030,1.042220,1.043260
2017/01/04 13:00:00,1.043510,1.044790,1.042920,1.043810,1.043260,1.044520,1.042660,1.043560
2017/01/04 13:30:00,1.043810,1.044710,1.043440,1.044040,1.043560,1.044480,1.043220,1.043800
2017/01/04 14:00:00,1.044040,1.045630,1.043790,1.044990,1.043800,1.045370,1.043540,1.044740
2017/01/04 14:30:00,1.044990,1.046530,1.044300,1.046340,1.044740,1.046260,1.044090,1.046090
2017/01/04 15:00:00,1.046340,1.047510,1.045490,1.046730,1.046090,1.047270,1.045220,1.046500
2017/01/04 15:30:00,1.046730,1.048210,1.046340,1.047720,1.046500,1.048000,1.046100,1.047480
2017/01/04 16:00:00,1.047720,1.049290,1.047260,1.048530,1.047480,1.049030,1.047010,1.048280
2017/01/04 16:30:00,1.048530,1.048530,1.047360,1.047660,1.048280,1.048280,1.047110,1.047410
2017/01/04 17:00:00,1.047660,1.048520,1.047090,1.048030,1.047410,1.048260,1.046840,1.047780
2017/01/04 17:30:00,1.048030,1.048260,1.047050,1.047300,1.047780,1.048000,1.046810,1.047050
2017/01/04 18:00:00,1.047300,1.047600,1.046870,1.047320,1.047050,1.047370,1.046620,1.047070
2017/01/04 18:30:00,1.047320,1.048390,1.047190,1.047980,1.047070,1.048130,1.046960,1.047650
2017/01/04 19:00:00,1.047980,1.050150,1.046080,1.046350,1.047650,1.049880,1.045820,1.046100
2017/01/04 19:30:00,1.046350,1.046910,1.045310,1.046770,1.046100,1.046640,1.045060,1.046500
2017/01/04 20:00:00,1.046770,1.047090,1.046490,1.046830,1.046500,1.046850,1.046250,1.046580
2017/01/04 20:30:00,1.046830,1.048830,1.046710,1.048760,1.046580,1.048570,1.046460,1.048490
2017/01/04 21:00:00,1.048760,1.049240,1.048190,1.048770,1.048490,1.048990,1.047940,1.048520
2017/01/04 21:30:00,1.048770,1.049660,1.048760,1.049330,1.048520,1.049410,1.048230,1.048530
2017/01/04 22:00:00,1.049330,1.049330,1.048520,1.048840,1.048530,1.048780,1.048130,1.048440
2017/01/04 22:30:00,1.048840,1.049430,1.048780,1.048940,1.048440,1.048940,1.048300,1.048520
2017/01/04 23:00:00,1.048940,1.049170,1.048740,1.048950,1.048520,1.048900,1.048470,1.048680
2017/01/04 23:30:00,1.048950,1.050280,1.048220,1.049850,1.048680,1.050030,1.047960,1.049580
2017/01/05 00:00:00,1.049850,1.054210,1.049770,1.052960,1.049580,1.053910,1.049480,1.052690
2017/01/05 00:30:00,1.052960,1.054210,1.052280,1.054210,1.052690,1.053930,1.052030,1.053930
2017/01/05 01:00:00,1.054210,1.054250,1.051140,1.051160,1.053930,1.053970,1.050880,1.050920
2017/01/05 01:30:00,1.051160,1.052140,1.051140,1.052060,1.050920,1.051890,1.050890,1.051810
2017/01/05 02:00:00,1.052060,1.053020,1.051650,1.052190,1.051810,1.052750,1.051390,1.051920
2017/01/05 02:30:00,1.052190,1.052300,1.051240,1.051600,1.051920,1.052030,1.050990,1.051340
2017/01/05 03:00:00,1.051600,1.052820,1.051520,1.052560,1.051340,1.052550,1.051260,1.052290
2017/01/05 03:30:00,1.052560,1.052860,1.051890,1.052170,1.052290,1.052620,1.051630,1.051920
2017/01/05 04:00:00,1.052170,1.052520,1.051890,1.052130,1.051920,1.052250,1.051630,1.051850
2017/01/05 04:30:00,1.052130,1.053020,1.051910,1.052770,1.051850,1.052760,1.051650,1.052510
2017/01/05 05:00:00,1.052770,1.056500,1.052510,1.056440,1.052510,1.056240,1.052250,1.056150
2017/01/05 05:30:00,1.056440,1.056440,1.054040,1.054270,1.056150,1.056160,1.053770,1.054020
2017/01/05 06:00:00,1.054270,1.056020,1.054190,1.055160,1.054020,1.055750,1.053940,1.054890
2017/01/05 06:30:00,1.055160,1.057650,1.055110,1.056810,1.054890,1.057380,1.054850,1.056520
2017/01/05 07:00:00,1.056810,1.057010,1.054450,1.054820,1.056520,1.056750,1.054190,1.054550
2017/01/05 07:30:00,1.054820,1.056450,1.054540,1.056100,1.054550,1.056190,1.054280,1.055850
2017/01/05 08:00:00,1.056100,1.057160,1.052540,1.052810,1.055850,1.056890,1.052270,1.052560
2017/01/05 08:30:00,1.052810,1.052970,1.050590,1.051670,1.052560,1.052720,1.050350,1.051410
2017/01/05 09:00:00,1.051670,1.052490,1.050470,1.051010,1.051410,1.052270,1.050220,1.050750
2017/01/05 09:30:00,1.051010,1.051590,1.050290,1.050620,1.050750,1.051340,1.050040,1.050350
2017/01/05 10:00:00,1.050620,1.051490,1.050480,1.051180,1.050350,1.051240,1.050220,1.050930
2017/01/05 10:30:00,1.051180,1.051200,1.048890,1.049000,1.050930,1.050950,1.048630,1.048740
2017/01/05 11:00:00,1.049000,1.049460,1.048370,1.049380,1.048740,1.049200,1.048130,1.049130
2017/01/05 11:30:00,1.049380,1.050250,1.049380,1.049490,1.049130,1.050000,1.049130,1.049240
2017/01/05 12:00:00,1.049490,1.051200,1.049310,1.051100,1.049240,1.050930,1.049070,1.050850
2017/01/05 12:30:00,1.051100,1.051960,1.050080,1.050250,1.050850,1.051710,1.049850,1.050010
2017/01/05 13:00:00,1.050250,1.052450,1.049470,1.051960,1.050010,1.052220,1.049230,1.051680
2017/01/05 13:30:00,1.051960,1.054390,1.051070,1.053180,1.051680,1.054140,1.050770,1.052940
2017/01/05 14:00:00,1.053180,1.055060,1.052910,1.053890,1.052940,1.054840,1.052680,1.053640
2017/01/05 14:30:00,1.053890,1.055240,1.053560,1.054660,1.053640,1.055000,1.053310,1.054350
2017/01/05 15:00:00,1.054660,1.058310,1.053760,1.056950,1.054350,1.058040,1.053480,1.056670
2017/01/05 15:30:00,1.056950,1.061040,1.056400,1.060370,1.056670,1.060790,1.056130,1.060130
2017/01/05 16:00:00,1.060370,1.061660,1.058680,1.059090,1.060130,1.061410,1.058460,1.058830
2017/01/05 16:30:00,1.059090,1.061320,1.058930,1.060000,1.058830,1.061080,1.058690,1.059760
2017/01/05 17:00:00,1.060000,1.060250,1.059330,1.060100,1.059760,1.060010,1.059090,1.059840
2017/01/05 17:30:00,1.060100,1.060150,1.059310,1.059940,1.059840,1.059900,1.059050,1.059700
2017/01/05 18:00:00,1.059940,1.060860,1.059630,1.059640,1.059700,1.060630,1.059390,1.059390
2017/01/05 18:30:00,1.059640,1.060340,1.059210,1.060140,1.059390,1.060100,1.058950,1.059900
2017/01/05 19:00:00,1.060140,1.060150,1.058820,1.060100,1.059900,1.059910,1.058570,1.059860
2017/01/05 19:30:00,1.060100,1.060240,1.059060,1.059320,1.059860,1.059990,1.058810,1.059060
2017/01/05 20:00:00,1.059320,1.059610,1.058980,1.059350,1.059060,1.059370,1.058720,1.059100
2017/01/05 20:30:00,1.059350,1.060070,1.059350,1.060040,1.059100,1.059830,1.059100,1.059780
2017/01/05 21:00:00,1.060040,1.060580,1.060020,1.060540,1.059780,1.060310,1.059770,1.060270
2017/01/05 21:30:00,1.060540,1.061120,1.060510,1.060960,1.060270,1.060860,1.060230,1.060390
2017/01/05 22:00:00,1.060960,1.061020,1.060460,1.060900,1.060390,1.060670,1.059900,1.060610
2017/01/05 22:30:00,1.060900,1.061080,1.060090,1.060420,1.060610,1.060670,1.059650,1.060000
2017/01/05 23:00:00,1.060420,1.061270,1.060390,1.060590,1.060000,1.061020,1.060000,1.060330
2017/01/05 23:30:00,1.060590,1.061460,1.060400,1.060550,1.060330,1.061190,1.060130,1.060280
2017/01/06 00:00:00,1.060550,1.060870,1.059150,1.059940,1.060280,1.060590,1.058880,1.059670
2017/01/06 00:30:00,1.059940,1.060140,1.058660,1.059170,1.059670,1.059860,1.058420,1.058920
2017/01/06 01:00:00,1.059170,1.059320,1.057840,1.058210,1.058920,1.059060,1.057580,1.057940
2017/01/06 01:30:00,1.058210,1.059090,1.057710,1.058580,1.057940,1.058850,1.057440,1.058310
2017/01/06 02:00:00,1.058580,1.059160,1.058080,1.058890,1.058310,1.058890,1.057820,1.058630
2017/01/06 02:30:00,1.058890,1.059480,1.058770,1.058870,1.058630,1.059230,1.058510,1.058620
2017/01/06 03:00:00,1.058870,1.059360,1.058560,1.058640,1.058620,1.059100,1.058300,1.058390
2017/01/06 03:30:00,1.058640,1.059030,1.058160,1.059000,1.058390,1.058770,1.057900,1.058740
2017/01/06 04:00:00,1.059000,1.059280,1.058570,1.058590,1.058740,1.059010,1.058310,1.058340
2017/01/06 04:30:00,1.058590,1.059130,1.057950,1.058170,1.058340,1.058880,1.057690,1.057930
2017/01/06 05:00:00,1.058170,1.058350,1.057880,1.057940,1.057930,1.058120,1.057620,1.057690
2017/01/06 05:30:00,1.057940,1.058450,1.057810,1.058380,1.057690,1.058200,1.057540,1.058130
2017/01/06 06:00:00,1.058380,1.058950,1.058130,1.058380,1.058130,1.058690,1.057880,1.058140
2017/01/06 06:30:00,1.058380,1.058490,1.057620,1.058060,1.058140,1.058250,1.057370,1.057780
2017/01/06 07:00:00,1.058060,1.059010,1.057580,1.058820,1.057780,1.058750,1.057300,1.058570
2017/01/06 07:30:00,1.058820,1.059210,1.057780,1.058540,1.058570,1.058960,1.057520,1.058300
2017/01/06 08:00:00,1.058540,1.059930,1.058220,1.059480,1.058300,1.059670,1.057980,1.059210
2017/01/06 08:30:00,1.059480,1.059550,1.058530,1.059490,1.059210,1.059300,1.058290,1.059240
2017/01/06 09:00:00,1.059490,1.060100,1.058800,1.059920,1.059240,1.059850,1.058550,1.059670
2017/01/06 09:30:00,1.059920,1.061010,1.059810,1.060220,1.059670,1.060750,1.059560,1.059940
2017/01/06 10:00:00,1.060220,1.060410,1.059210,1.059390,1.059940,1.060150,1.058960,1.059170
2017/01/06 10:30:00,1.059390,1.060900,1.059040,1.060740,1.059170,1.060640,1.058840,1.060480
2017/01/06 11:00:00,1.060740,1.060760,1.059080,1.059410,1.060480,1.060510,1.058810,1.059160
2017/01/06 11:30:00,1.059410,1.059570,1.058480,1.058760,1.059160,1.059320,1.058230,1.058500
2017/01/06 12:00:00,1.058760,1.058810,1.057380,1.057630,1.058500,1.058560,1.057130,1.057390
2017/01/06 12:30:00,1.057630,1.058200,1.057200,1.058110,1.057390,1.057970,1.056950,1.057870
2017/01/06 13:00:00,1.058110,1.059660,1.057600,1.059340,1.057870,1.059130,1.057350,1.058710
2017/01/06 13:30:00,1.059340,1.062520,1.054060,1.054540,1.058710,1.062090,1.053810,1.054280
2017/01/06 14:00:00,1.054540,1.055990,1.053670,1.053720,1.054280,1.055750,1.053430,1.053470
2017/01/06 14:30:00,1.053720,1.057060,1.053720,1.056020,1.053470,1.056810,1.053470,1.055680
2017/01/06 15:00:00,1.056020,1.057450,1.055030,1.055290,1.055680,1.057200,1.054770,1.055050
2017/01/06 15:30:00,1.055290,1.058450,1.055140,1.057410,1.055050,1.058170,1.054890,1.057160
2017/01/06 16:00:00,1.057410,1.058400,1.056000,1.056450,1.057160,1.058140,1.055750,1.056190
2017/01/06 16:30:00,1.056450,1.056610,1.055240,1.055990,1.056190,1.056350,1.054980,1.055740
2017/01/06 17:00:00,1.055990,1.056320,1.053710,1.054320,1.055740,1.056080,1.053460,1.054060
2017/01/06 17:30:00,1.054320,1.055220,1.053940,1.055100,1.054060,1.054980,1.053680,1.054860
2017/01/06 18:00:00,1.055100,1.055320,1.054090,1.054290,1.054860,1.055090,1.053830,1.054040
2017/01/06 18:30:00,1.054290,1.054300,1.052660,1.052730,1.054040,1.054050,1.052400,1.052470
2017/01/06 19:00:00,1.052730,1.053200,1.052700,1.053060,1.052470,1.052940,1.052440,1.052830
2017/01/06 19:30:00,1.053060,1.053570,1.052620,1.053240,1.052830,1.053320,1.052390,1.052990
2017/01/06 20:00:00,1.053240,1.053620,1.052910,1.053420,1.052990,1.053350,1.052650,1.053170
2017/01/06 20:30:00,1.053420,1.053700,1.053060,1.053570,1.053170,1.053470,1.052800,1.053310
2017/01/06 21:00:00,1.053570,1.053670,1.053120,1.053450,1.053310,1.053420,1.052870,1.053190
2017/01/06 21:30:00,1.053450,1.053840,1.053110,1.053830,1.053190,1.053190,1.052780,1.053080
2017/01/08 20:00:00,1.053830,1.053830,1.053220,1.053250,1.053080,1.053080,1.052630,1.052820
2017/01/08 20:30:00,1.053250,1.053330,1.053120,1.053160,1.052820,1.052880,1.052730,1.052730
2017/01/08 21:00:00,1.053160,1.053350,1.053110,1.053210,1.052730,1.052960,1.052730,1.052780
2017/01/08 21:30:00,1.053210,1.053500,1.053120,1.053300,1.052780,1.053080,1.052560,1.052800
2017/01/08 22:00:00,1.053300,1.053520,1.053110,1.053230,1.052800,1.053000,1.052590,1.052890
2017/01/08 22:30:00,1.053230,1.053650,1.053130,1.053420,1.052890,1.053260,1.052800,1.053100
2017/01/08 23:00:00,1.053420,1.053770,1.052750,1.052990,1.053100,1.053480,1.052470,1.052720
2017/01/08 23:30:00,1.052990,1.053390,1.052760,1.053110,1.052720,1.053120,1.052500,1.052830
2017/01/09 00:00:00,1.053110,1.053450,1.052340,1.052700,1.052830,1.053170,1.052080,1.052410
2017/01/09 00:30:00,1.052700,1.053720,1.052380,1.053630,1.052410,1.053460,1.052110,1.053380
2017/01/09 01:00:00,1.053630,1.054500,1.053580,1.053690,1.053380,1.054210,1.053310,1.053420
2017/01/09 01:30:00,1.053690,1.054590,1.053680,1.054340,1.053420,1.054330,1.053410,1.054080
2017/01/09 02:00:00,1.054340,1.054380,1.053790,1.054040,1.054080,1.054140,1.053520,1.053810
2017/01/09 02:30:00,1.054040,1.054060,1.053400,1.053400,1.053810,1.053820,1.053130,1.053130
2017/01/09 03:00:00,1.053400,1.053620,1.053210,1.053280,1.053130,1.053360,1.052950,1.053010
2017/01/09 03:30:00,1.053280,1.053280,1.052770,1.053110,1.053010,1.053010,1.052490,1.052850
2017/01/09 04:00:00,1.053110,1.053140,1.052500,1.052680,1.052850,1.052880,1.052250,1.052420
2017/01/09 04:30:00,1.052680,1.052950,1.052560,1.052780,1.052420,1.052680,1.052290,1.052510
2017/01/09 05:00:00,1.052780,1.053350,1.052580,1.052920,1.052510,1.053090,1.052310,1.052650
2017/01/09 05:30:00,1.052920,1.053050,1.051810,1.052520,1.052650,1.052800,1.051530,1.052260
2017/01/09 06:00:00,1.052520,1.052770,1.052050,1.052700,1.052260,1.052510,1.051790,1.052440
2017/01/09 06:30:00,1.052700,1.053800,1.052400,1.053430,1.052440,1.053540,1.052130,1.053150
2017/01/09 07:00:00,1.053430,1.054220,1.053140,1.054070,1.053150,1.053990,1.052880,1.053810
2017/01/09 07:30:00,1.054070,1.054260,1.053070,1.053860,1.053810,1.053990,1.052800,1.053590
2017/01/09 08:00:00,1.053860,1.055610,1.053580,1.055460,1.053590,1.055350,1.053310,1.055180
2017/01/09 08:30:00,1.055460,1.055750,1.054560,1.054940,1.055180,1.055490,1.054320,1.054670
2017/01/09 09:00:00,1.054940,1.055350,1.053320,1.053850,1.054670,1.055100,1.053060,1.053580
2017/01/09 09:30:00,1.053850,1.054720,1.052500,1.052560,1.053580,1.054450,1.052220,1.052300
2017/01/09 10:00:00,1.052560,1.052690,1.051310,1.051460,1.052300,1.052430,1.051050,1.051200
2017/01/09 10:30:00,1.051460,1.052140,1.051210,1.051960,1.051200,1.051870,1.050950,1.051700
2017/01/09 11:00:00,1.051960,1.053410,1.051500,1.052710,1.051700,1.053160,1.051240,1.052490
2017/01/09 11:30:00,1.052710,1.053170,1.051390,1.052590,1.052490,1.052910,1.051120,1.052320
2017/01/09 12:00:00,1.052590,1.053160,1.052140,1.052860,1.052320,1.052900,1.051880,1.052610
2017/01/09 12:30:00,1.052860,1.053270,1.052150,1.052320,1.052610,1.053040,1.051890,1.052080
2017/01/09 13:00:00,1.052320,1.052960,1.051380,1.052760,1.052080,1.052700,1.051140,1.052510
2017/01/09 13:30:00,1.052760,1.054320,1.052580,1.053590,1.052510,1.054070,1.052360,1.053330
2017/01/09 14:00:00,1.053590,1.055010,1.053420,1.053650,1.053330,1.054760,1.053170,1.053410
2017/01/09 14:30:00,1.053650,1.054700,1.052570,1.053200,1.053410,1.054440,1.052330,1.052960
2017/01/09 15:00:00,1.053200,1.055180,1.052980,1.054920,1.052960,1.054920,1.052720,1.054670
2017/01/09 15:30:00,1.054920,1.056530,1.054500,1.055640,1.054670,1.056260,1.054240,1.055380
2017/01/09 16:00:00,1.055640,1.057490,1.055570,1.056860,1.055380,1.057260,1.055300,1.056600
2017/01/09 16:30:00,1.056860,1.058470,1.056860,1.057680,1.056600,1.058210,1.056600,1.057420
2017/01/09 17:00:00,1.057680,1.058000,1.056440,1.056590,1.057420,1.057740,1.056190,1.056340
2017/01/09 17:30:00,1.056590,1.057420,1.056250,1.057190,1.056340,1.057170,1.056010,1.056950
2017/01/09 18:00:00,1.057190,1.057890,1.056770,1.057060,1.056950,1.057640,1.056510,1.056820
2017/01/09 18:30:00,1.057060,1.057610,1.056480,1.056530,1.056820,1.057380,1.056230,1.056300
2017/01/09 19:00:00,1.056530,1.057200,1.056340,1.056600,1.056300,1.056950,1.056110,1.056350
2017/01/09 19:30:00,1.056600,1.057930,1.056600,1.057910,1.056350,1.057720,1.056350,1.057660
2017/01/09 20:00:00,1.057910,1.057930,1.055900,1.056510,1.057660,1.057730,1.055650,1.056270
2017/01/09 20:30:00,1.056510,1.057380,1.056410,1.057000,1.056270,1.057130,1.056170,1.056770
2017/01/09 21:00:00,1.057000,1.057210,1.056820,1.057150,1.056770,1.056960,1.056580,1.056920
2017/01/09 21:30:00,1.057150,1.057780,1.057070,1.057780,1.056920,1.057360,1.056830,1.057050
2017/01/09 22:00:00,1.057780,1.059100,1.057570,1.058770,1.057050,1.058810,1.056940,1.058510
2017/01/09 22:30:00,1.058770,1.058870,1.058370,1.058600,1.058510,1.058580,1.058070,1.058260
2017/01/09 23:00:00,1.058600,1.059060,1.058390,1.058830,1.058260,1.058830,1.058130,1.058580
2017/01/09 23:30:00,1.058830,1.059050,1.058390,1.058730,1.058580,1.058790,1.058140,1.058470
2017/01/10 00:00:00,1.058730,1.059520,1.058560,1.059190,1.058470,1.059280,1.058300,1.058930
2017/01/10 00:30:00,1.059190,1.060080,1.058610,1.059130,1.058930,1.059840,1.058340,1.058880
2017/01/10 01:00:00,1.059130,1.059630,1.058790,1.059370,1.058880,1.059380,1.058540,1.059100
2017/01/10 01:30:00,1.059370,1.059390,1.057710,1.058050,1.059100,1.059100,1.057460,1.057780
2017/01/10 02:00:00,1.058050,1.059200,1.057730,1.058940,1.057780,1.058940,1.057480,1.058680
2017/01/10 02:30:00,1.058940,1.061320,1.058890,1.060830,1.058680,1.061060,1.058630,1.060550
2017/01/10 03:00:00,1.060830,1.061490,1.060590,1.061170,1.060550,1.061210,1.060330,1.060900
2017/01/10 03:30:00,1.061170,1.062870,1.061150,1.061720,1.060900,1.062610,1.060890,1.061460
2017/01/10 04:00:00,1.061720,1.062060,1.061410,1.061790,1.061460,1.061810,1.061140,1.061530
2017/01/10 04:30:00,1.061790,1.061840,1.060870,1.060980,1.061530,1.061570,1.060600,1.060720
2017/01/10 05:00:00,1.060980,1.061550,1.060540,1.061190,1.060720,1.061300,1.060270,1.060940
2017/01/10 05:30:00,1.061190,1.061380,1.060420,1.061090,1.060940,1.061120,1.060160,1.060830
2017/01/10 06:00:00,1.061090,1.061710,1.060860,1.061470,1.060830,1.061500,1.060610,1.061210
2017/01/10 06:30:00,1.061470,1.061500,1.059500,1.059660,1.061210,1.061250,1.059240,1.059410
2017/01/10 07:00:00,1.059660,1.060500,1.059060,1.059550,1.059410,1.060230,1.058820,1.059290
2017/01/10 07:30:00,1.059550,1.060310,1.059070,1.059950,1.059290,1.060060,1.058810,1.059690
2017/01/10 08:00:00,1.059950,1.062160,1.058830,1.060710,1.059690,1.061930,1.058590,1.060460
2017/01/10 08:30:00,1.060710,1.061030,1.059420,1.060520,1.060460,1.060780,1.059170,1.060260
2017/01/10 09:00:00,1.060520,1.060810,1.059130,1.059430,1.060260,1.060560,1.058890,1.059180
2017/01/10 09:30:00,1.059430,1.060420,1.059270,1.059780,1.059180,1.060170,1.059010,1.059530
2017/01/10 10:00:00,1.059780,1.060150,1.058130,1.058370,1.059530,1.059920,1.057890,1.058130
2017/01/10 10:30:00,1.058370,1.059380,1.058330,1.059240,1.058130,1.059140,1.058080,1.059000
2017/01/10 11:00:00,1.059240,1.059260,1.058420,1.058480,1.059000,1.059030,1.058170,1.058250
2017/01/10 11:30:00,1.058480,1.058890,1.057840,1.057940,1.058250,1.058630,1.057600,1.057720
2017/01/10 12:00:00,1.057940,1.058630,1.056930,1.058280,1.057720,1.058400,1.056690,1.058030
2017/01/10 12:30:00,1.058280,1.058360,1.056350,1.057010,1.058030,1.058150,1.056100,1.056770
2017/01/10 13:00:00,1.057010,1.057430,1.055990,1.056960,1.056770,1.057210,1.055740,1.056720
2017/01/10 13:30:00,1.056960,1.057820,1.056420,1.057600,1.056720,1.057570,1.056180,1.057360
2017/01/10 14:00:00,1.057600,1.058080,1.057040,1.057800,1.057360,1.057830,1.056820,1.057550
2017/01/10 14:30:00,1.057800,1.060630,1.057590,1.059680,1.057550,1.060390,1.057330,1.059440
2017/01/10 15:00:00,1.059680,1.060360,1.058150,1.058300,1.059440,1.060130,1.057910,1.058050
2017/01/10 15:30:00,1.058300,1.059610,1.057240,1.059480,1.058050,1.059370,1.057000,1.059220
2017/01/10 16:00:00,1.059480,1.059930,1.057550,1.057950,1.059220,1.059690,1.057290,1.057710
2017/01/10 16:30:00,1.057950,1.058340,1.056900,1.057310,1.057710,1.058100,1.056670,1.057070
2017/01/10 17:00:00,1.057310,1.057660,1.055780,1.055780,1.057070,1.057410,1.055530,1.055570
2017/01/10 17:30:00,1.055780,1.056720,1.055200,1.056260,1.055570,1.056480,1.054960,1.055990
2017/01/10 18:00:00,1.056260,1.056500,1.055730,1.056010,1.055990,1.056270,1.055490,1.055770
2017/01/10 18:30:00,1.056010,1.056590,1.055820,1.055990,1.055770,1.056350,1.055580,1.055740
2017/01/10 19:00:00,1.055990,1.056460,1.055650,1.056070,1.055740,1.056220,1.055420,1.055820
2017/01/10 19:30:00,1.056070,1.056260,1.055650,1.055940,1.055820,1.056010,1.055420,1.055700
2017/01/10 20:00:00,1.055940,1.056110,1.055730,1.056080,1.055700,1.055860,1.055490,1.055830
2017/01/10 20:30:00,1.056080,1.056370,1.055750,1.056300,1.055830,1.056120,1.055500,1.056070
2017/01/10 21:00:00,1.056300,1.056300,1.055990,1.056040,1.056070,1.056070,1.055740,1.055790
2017/01/10 21:30:00,1.056040,1.056080,1.055520,1.055580,1.055790,1.055840,1.055220,1.055240
2017/01/10 22:00:00,1.055580,1.056110,1.055530,1.055900,1.055240,1.055850,1.055240,1.055620
2017/01/10 22:30:00,1.055900,1.056380,1.055630,1.055830,1.055620,1.055970,1.055360,1.055510
2017/01/10 23:00:00,1.055830,1.055850,1.055260,1.055350,1.055510,1.055540,1.055020,1.055100
2017/01/10 23:30:00,1.055350,1.055670,1.055230,1.055380,1.055100,1.055450,1.055000,1.055110
2017/01/11 00:00:00,1.055380,1.056230,1.055270,1.055730,1.055110,1.055970,1.055010,1.055480
2017/01/11 00:30:00,1.055730,1.056440,1.055430,1.055900,1.055480,1.056200,1.055200,1.055660
2017/01/11 01:00:00,1.055900,1.056160,1.055100,1.056030,1.055660,1.055900,1.054840,1.055780
2017/01/11 01:30:00,1.056030,1.056740,1.055730,1.055960,1.055780,1.056480,1.055490,1.055700
2017/01/11 02:00:00,1.055960,1.056220,1.054920,1.054930,1.055700,1.055960,1.054670,1.054700
2017/01/11 02:30:00,1.054930,1.055240,1.054400,1.054740,1.054700,1.054990,1.054150,1.054490
2017/01/11 03:00:00,1.054740,1.055030,1.053740,1.054940,1.054490,1.054780,1.053500,1.054690
2017/01/11 03:30:00,1.054940,1.055150,1.054260,1.054680,1.054690,1.054880,1.053990,1.054420
2017/01/11 04:00:00,1.054680,1.055050,1.054200,1.054630,1.054420,1.054790,1.053940,1.054370
2017/01/11 04:30:00,1.054630,1.055210,1.054470,1.055190,1.054370,1.054960,1.054210,1.054930
2017/01/11 05:00:00,1.055190,1.055350,1.054720,1.054910,1.054930,1.055080,1.054450,1.054640
2017/01/11 05:30:00,1.054910,1.055400,1.054850,1.055100,1.054640,1.055160,1.054590,1.054850
2017/01/11 06:00:00,1.055100,1.055950,1.055100,1.055190,1.054850,1.055690,1.054840,1.054940
2017/01/11 06:30:00,1.055190,1.056830,1.055130,1.056420,1.054940,1.056560,1.054880,1.056140
2017/01/11 07:00:00,1.056420,1.056460,1.055670,1.056170,1.056140,1.056200,1.055390,1.055920
2017/01/11 07:30:00,1.056170,1.056410,1.055430,1.055960,1.055920,1.056160,1.055190,1.055720
2017/01/11 08:00:00,1.055960,1.056110,1.054750,1.055860,1.055720,1.055850,1.054490,1.055590
2017/01/11 08:30:00,1.055860,1.056030,1.055410,1.055920,1.055590,1.055780,1.055150,1.055670
2017/01/11 09:00:00,1.055920,1.056010,1.054300,1.054790,1.055670,1.055760,1.054050,1.054530
2017/01/11 09:30:00,1.054790,1.054800,1.053140,1.053660,1.054530,1.054560,1.052900,1.053400
2017/01/11 10:00:00,1.053660,1.053740,1.052100,1.052140,1.053400,1.053490,1.051870,1.051890
2017/01/11 10:30:00,1.052140,1.052860,1.051690,1.052350,1.051890,1.052610,1.051460,1.052130
2017/01/11 11:00:00,1.052350,1.052640,1.051460,1.052200,1.052130,1.052380,1.051210,1.051960
2017/01/11 11:30:00,1.052200,1.052340,1.051500,1.052040,1.051960,1.052110,1.051260,1.051790
2017/01/11 12:00:00,1.052040,1.052210,1.050120,1.050950,1.051790,1.051970,1.049870,1.050710
2017/01/11 12:30:00,1.050950,1.051850,1.050230,1.050300,1.050710,1.051610,1.049990,1.050040
2017/01/11 13:00:00,1.050300,1.051400,1.049520,1.050770,1.050040,1.051170,1.049260,1.050520
2017/01/11 13:30:00,1.050770,1.051690,1.050220,1.051450,1.050520,1.051450,1.049980,1.051220
2017/01/11 14:00:00,1.051450,1.051700,1.049290,1.049310,1.051220,1.051450,1.049050,1.049070
2017/01/11 14:30:00,1.049310,1.049850,1.047910,1.048190,1.049070,1.049600,1.047670,1.047980
2017/01/11 15:00:00,1.048190,1.048350,1.045520,1.045740,1.047980,1.048100,1.045280,1.045480
2017/01/11 15:30:00,1.045740,1.048000,1.045740,1.047530,1.045480,1.047760,1.045480,1.047290
2017/01/11 16:00:00,1.047530,1.050510,1.045930,1.050440,1.047290,1.050260,1.045700,1.050210
2017/01/11 16:30:00,1.050440,1.054240,1.050020,1.050070,1.050210,1.054000,1.049760,1.049820
2017/01/11 17:00:00,1.050070,1.054590,1.047410,1.051680,1.049820,1.054320,1.047160,1.051410
2017/01/11 17:30:00,1.051680,1.057440,1.051400,1.055960,1.051410,1.057170,1.051140,1.055730
2017/01/11 18:00:00,1.055960,1.062110,1.055580,1.061160,1.055730,1.061850,1.055350,1.060900
2017/01/11 18:30:00,1.061160,1.062460,1.058880,1.060500,1.060900,1.062180,1.058610,1.060230
2017/01/11 19:00:00,1.060500,1.061540,1.058330,1.058630,1.060230,1.061320,1.058080,1.058370
2017/01/11 19:30:00,1.058630,1.058680,1.057180,1.057790,1.058370,1.058420,1.056940,1.057530
2017/01/11 20:00:00,1.057790,1.057930,1.056550,1.057390,1.057530,1.057680,1.056300,1.057130
2017/01/11 20:30:00,1.057390,1.057830,1.056950,1.057420,1.057130,1.057580,1.056690,1.057160
2017/01/11 21:00:00,1.057420,1.058620,1.057410,1.058560,1.057160,1.058350,1.057150,1.058290
2017/01/11 21:30:00,1.058560,1.058620,1.058120,1.058470,1.058290,1.058370,1.057860,1.058040
2017/01/11 22:00:00,1.058470,1.058600,1.058400,1.058500,1.058040,1.058260,1.057560,1.058220
2017/01/11 22:30:00,1.058500,1.058590,1.058050,1.058540,1.058220,1.058310,1.057550,1.058200
2017/01/11 23:00:00,1.058540,1.058700,1.057920,1.058300,1.058200,1.058390,1.057630,1.058020
2017/01/11 23:30:00,1.058300,1.060080,1.058300,1.059570,1.058020,1.059790,1.058020,1.059310
2017/01/12 00:00:00,1.059570,1.059870,1.058630,1.058850,1.059310,1.059600,1.058350,1.058570
2017/01/12 00:30:00,1.058850,1.059070,1.057280,1.058320,1.058570,1.058800,1.057030,1.058060
2017/01/12 01:00:00,1.058320,1.058710,1.057740,1.058320,1.058060,1.058440,1.057460,1.058060
2017/01/12 01:30:00,1.058320,1.059450,1.058320,1.058430,1.058060,1.059190,1.058060,1.058150
2017/01/12 02:00:00,1.058430,1.060570,1.058430,1.059870,1.058150,1.060310,1.058150,1.059610
2017/01/12 02:30:00,1.059870,1.061130,1.059720,1.060020,1.059610,1.060870,1.059450,1.059760
2017/01/12 03:00:00,1.060020,1.060480,1.059530,1.060310,1.059760,1.060220,1.059260,1.060040
2017/01/12 03:30:00,1.060310,1.061540,1.060180,1.061270,1.060040,1.061270,1.059920,1.061010
2017/01/12 04:00:00,1.061270,1.061420,1.060460,1.060720,1.061010,1.061160,1.060210,1.060450
2017/01/12 04:30:00,1.060720,1.060740,1.060000,1.060120,1.060450,1.060490,1.059730,1.059860
2017/01/12 05:00:00,1.060120,1.060370,1.059610,1.059760,1.059860,1.060120,1.059360,1.059500
2017/01/12 05:30:00,1.059760,1.061280,1.059760,1.061260,1.059500,1.061020,1.059490,1.061010
2017/01/12 06:00:00,1.061260,1.061600,1.060620,1.061060,1.061010,1.061340,1.060370,1.060800
2017/01/12 06:30:00,1.061060,1.064000,1.060830,1.063920,1.060800,1.063760,1.060560,1.063630
2017/01/12 07:00:00,1.063920,1.063920,1.062880,1.063750,1.063630,1.063630,1.062630,1.063470
2017/01/12 07:30:00,1.063750,1.064460,1.062920,1.063100,1.063470,1.064180,1.062650,1.062830
2017/01/12 08:00:00,1.063100,1.065040,1.062870,1.064290,1.062830,1.064810,1.062620,1.064030
2017/01/12 08:30:00,1.064290,1.066600,1.064190,1.064470,1.064030,1.066350,1.063940,1.064210
2017/01/12 09:00:00,1.064470,1.064650,1.062910,1.063670,1.064210,1.064390,1.062650,1.063400
2017/01/12 09:30:00,1.063670,1.064360,1.063340,1.064230,1.063400,1.064110,1.063080,1.063980
2017/01/12 10:00:00,1.064230,1.064430,1.062150,1.062840,1.063980,1.064160,1.061950,1.062580
2017/01/12 10:30:00,1.062840,1.064010,1.062080,1.063960,1.062580,1.063750,1.061840,1.063700
2017/01/12 11:00:00,1.063960,1.065070,1.063860,1.065050,1.063700,1.064810,1.063590,1.064800
2017/01/12 11:30:00,1.065050,1.065370,1.064280,1.065350,1.064800,1.065140,1.064030,1.065100
2017/01/12 12:00:00,1.065350,1.067480,1.065280,1.067320,1.065100,1.067250,1.065030,1.067060
2017/01/12 12:30:00,1.067320,1.068610,1.066800,1.067590,1.067060,1.068350,1.066540,1.067330
2017/01/12 13:00:00,1.067590,1.068390,1.066300,1.066550,1.067330,1.068150,1.066080,1.066290
2017/01/12 13:30:00,1.066550,1.066740,1.064470,1.065380,1.066290,1.066490,1.064230,1.065140
2017/01/12 14:00:00,1.065380,1.065750,1.063670,1.064210,1.065140,1.065510,1.063420,1.063960
2017/01/12 14:30:00,1.064210,1.066040,1.063370,1.065970,1.063960,1.065800,1.063140,1.065760
2017/01/12 15:00:00,1.065970,1.067700,1.065670,1.066090,1.065760,1.067460,1.065460,1.065840
2017/01/12 15:30:00,1.066090,1.066510,1.063860,1.065390,1.065840,1.066250,1.063630,1.065140
2017/01/12 16:00:00,1.065390,1.066680,1.064900,1.065880,1.065140,1.066450,1.064680,1.065640
2017/01/12 16:30:00,1.065880,1.066910,1.065470,1.066700,1.065640,1.066660,1.065240,1.066450
2017/01/12 17:00:00,1.066700,1.067010,1.065310,1.065620,1.066450,1.066780,1.065080,1.065380
2017/01/12 17:30:00,1.065620,1.066230,1.064680,1.064990,1.065380,1.066000,1.064440,1.064740
2017/01/12 18:00:00,1.064990,1.065310,1.063140,1.064140,1.064740,1.065070,1.062900,1.063900
2017/01/12 18:30:00,1.064140,1.064580,1.063480,1.064290,1.063900,1.064360,1.063240,1.064050
2017/01/12 19:00:00,1.064290,1.064390,1.063770,1.064000,1.064050,1.064150,1.063540,1.063760
2017/01/12 19:30:00,1.064000,1.064050,1.062270,1.062770,1.063760,1.063800,1.062040,1.062520
2017/01/12 20:00:00,1.062770,1.063050,1.061190,1.062110,1.062520,1.062810,1.060950,1.061860
2017/01/12 20:30:00,1.062110,1.062570,1.061730,1.062460,1.061860,1.062320,1.061490,1.062220
2017/01/12 21:00:00,1.062460,1.062650,1.061780,1.061830,1.062220,1.062420,1.061510,1.061600
2017/01/12 21:30:00,1.061830,1.062120,1.061280,1.061470,1.061600,1.061850,1.061010,1.061040
2017/01/12 22:00:00,1.061470,1.062190,1.061300,1.062040,1.061040,1.061730,1.060970,1.061700
2017/01/12 22:30:00,1.062040,1.062050,1.061410,1.061470,1.061700,1.061730,1.061000,1.061050
2017/01/12 23:00:00,1.061470,1.061730,1.060810,1.061030,1.061050,1.061350,1.060510,1.060730
2017/01/12 23:30:00,1.061030,1.061800,1.060940,1.061730,1.060730,1.061540,1.060680,1.061490
2017/01/13 00:00:00,1.061730,1.061940,1.060750,1.061250,1.061490,1.061680,1.060500,1.061000
2017/01/13 00:30:00,1.061250,1.061600,1.060630,1.061090,1.061000,1.061340,1.060380,1.060840
2017/01/13 01:00:00,1.061090,1.061900,1.060960,1.061830,1.060840,1.061660,1.060690,1.061580
2017/01/13 01:30:00,1.061830,1.062100,1.061330,1.061770,1.061580,1.061850,1.061090,1.061520
2017/01/13 02:00:00,1.061770,1.062030,1.061270,1.061370,1.061520,1.061790,1.061030,1.061120
2017/01/13 02:30:00,1.061370,1.061380,1.060480,1.060670,1.061120,1.061140,1.060240,1.060430
2017/01/13 03:00:00,1.060670,1.061340,1.060510,1.061180,1.060430,1.061100,1.060290,1.060950
2017/01/13 03:30:00,1.061180,1.061240,1.060800,1.060910,1.060950,1.061000,1.060560,1.060650
2017/01/13 04:00:00,1.060910,1.061210,1.060680,1.061040,1.060650,1.060970,1.060420,1.060810
2017/01/13 04:30:00,1.061040,1.061880,1.061030,1.061850,1.060810,1.061680,1.060800,1.061650
2017/01/13 05:00:00,1.061850,1.061850,1.061420,1.061640,1.061650,1.061650,1.061180,1.061400
2017/01/13 05:30:00,1.061640,1.061850,1.061380,1.061850,1.061400,1.061650,1.061130,1.061600
2017/01/13 06:00:00,1.061850,1.062770,1.061550,1.061880,1.061600,1.062530,1.061320,1.061670
2017/01/13 06:30:00,1.061880,1.063150,1.061880,1.063070,1.061670,1.062890,1.061660,1.062820
2017/01/13 07:00:00,1.063070,1.064020,1.062540,1.063930,1.062820,1.063800,1.062290,1.063690
2017/01/13 07:30:00,1.063930,1.064230,1.063030,1.063260,1.063690,1.063960,1.062800,1.063010
2017/01/13 08:00:00,1.063260,1.064490,1.062650,1.063350,1.063010,1.064240,1.062390,1.063110
2017/01/13 08:30:00,1.063350,1.063910,1.062990,1.063540,1.063110,1.063640,1.062740,1.063300
2017/01/13 09:00:00,1.063540,1.065060,1.062880,1.064720,1.063300,1.064820,1.062640,1.064480
2017/01/13 09:30:00,1.064720,1.065240,1.064150,1.064550,1.064480,1.065000,1.063920,1.064300
2017/01/13 10:00:00,1.064550,1.065560,1.064540,1.065190,1.064300,1.065320,1.064300,1.064940
2017/01/13 10:30:00,1.065190,1.065350,1.064160,1.064550,1.064940,1.065110,1.063930,1.064310
2017/01/13 11:00:00,1.064550,1.065890,1.064480,1.065300,1.064310,1.065650,1.064240,1.065070
2017/01/13 11:30:00,1.065300,1.065500,1.064610,1.064720,1.065070,1.065270,1.064380,1.064480
2017/01/13 12:00:00,1.064720,1.065280,1.064420,1.064490,1.064480,1.065050,1.064200,1.064260
2017/01/13 12:30:00,1.064490,1.066000,1.064480,1.064630,1.064260,1.065770,1.064240,1.064380
2017/01/13 13:00:00,1.064630,1.066650,1.064620,1.066260,1.064380,1.066400,1.064350,1.065770
2017/01/13 13:30:00,1.066260,1.067730,1.062150,1.064650,1.065770,1.067450,1.061910,1.064410
2017/01/13 14:00:00,1.064650,1.065380,1.062600,1.064090,1.064410,1.065160,1.062350,1.063850
2017/01/13 14:30:00,1.064090,1.064100,1.060240,1.060650,1.063850,1.063870,1.059960,1.060380
2017/01/13 15:00:00,1.060650,1.062340,1.059730,1.062080,1.060380,1.062110,1.059500,1.061840
2017/01/13 15:30:00,1.062080,1.063090,1.061780,1.062420,1.061840,1.062850,1.061540,1.062170
2017/01/13 16:00:00,1.062420,1.062980,1.061310,1.061520,1.062170,1.062720,1.061070,1.061290
2017/01/13 16:30:00,1.061520,1.063240,1.061440,1.062570,1.061290,1.063000,1.061210,1.062340
2017/01/13 17:00:00,1.062570,1.063980,1.062320,1.063860,1.062340,1.063740,1.062090,1.063620
2017/01/13 17:30:00,1.063860,1.064320,1.063210,1.063840,1.063620,1.064050,1.062970,1.063610
2017/01/13 18:00:00,1.063840,1.064550,1.063150,1.063680,1.063610,1.064310,1.062910,1.063440
2017/01/13 18:30:00,1.063680,1.063800,1.063070,1.063330,1.063440,1.063570,1.062830,1.063090
2017/01/13 19:00:00,1.063330,1.064680,1.063120,1.064590,1.063090,1.064440,1.062890,1.064330
2017/01/13 19:30:00,1.064590,1.065420,1.064280,1.064500,1.064330,1.065160,1.064040,1.064280
2017/01/13 20:00:00,1.064500,1.064880,1.064060,1.064260,1.064280,1.064640,1.063830,1.064020
2017/01/13 20:30:00,1.064260,1.064720,1.063690,1.063830,1.064020,1.064480,1.063460,1.063590
2017/01/13 21:00:00,1.063830,1.064620,1.063800,1.064520,1.063590,1.064360,1.063560,1.064310
2017/01/13 21:30:00,1.064520,1.065120,1.064020,1.065120,1.064310,1.064390,1.063670,1.063880
2017/01/15 19:30:00,1.065120,1.065120,1.061600,1.062110,1.063880,1.063880,1.060830,1.061350
2017/01/15 20:00:00,1.062110,1.062110,1.060770,1.061070,1.061350,1.061450,1.060080,1.060390
2017/01/15 20:30:00,1.061070,1.061110,1.060310,1.060620,1.060390,1.060720,1.059880,1.059880
2017/01/15 21:00:00,1.060620,1.061430,1.059480,1.059580,1.059880,1.060690,1.058970,1.058980
2017/01/15 21:30:00,1.059580,1.061000,1.059580,1.060790,1.058980,1.060640,1.058930,1.060210
2017/01/15 22:00:00,1.060790,1.063530,1.060790,1.061740,1.060210,1.062800,1.059980,1.061490
2017/01/15 22:30:00,1.061740,1.062560,1.061610,1.062550,1.061490,1.062010,1.061090,1.062010
2017/01/15 23:00:00,1.062550,1.063710,1.062350,1.063630,1.062010,1.063430,1.061870,1.063340
2017/01/15 23:30:00,1.063630,1.063720,1.062610,1.062900,1.063340,1.063450,1.062320,1.062630
2017/01/16 00:00:00,1.062900,1.063440,1.062560,1.063120,1.062630,1.063200,1.062300,1.062900
2017/01/16 00:30:00,1.063120,1.063600,1.062850,1.063000,1.062900,1.063350,1.062610,1.062770
2017/01/16 01:00:00,1.063000,1.063190,1.062460,1.062940,1.062770,1.062930,1.062210,1.062700
2017/01/16 01:30:00,1.062940,1.062950,1.061710,1.062220,1.062700,1.062700,1.061460,1.061970
2017/01/16 02:00:00,1.062220,1.062320,1.061200,1.062240,1.061970,1.062080,1.060960,1.061990
2017/01/16 02:30:00,1.062240,1.062860,1.062040,1.062290,1.061990,1.062610,1.061780,1.062060
2017/01/16 03:00:00,1.062290,1.062440,1.061610,1.061740,1.062060,1.062200,1.061360,1.061510
2017/01/16 03:30:00,1.061740,1.062110,1.060740,1.061220,1.061510,1.061850,1.060520,1.060970
2017/01/16 04:00:00,1.061220,1.061390,1.060610,1.061370,1.060970,1.061150,1.060380,1.061140
2017/01/16 04:30:00,1.061370,1.061660,1.060690,1.061620,1.061140,1.061430,1.060450,1.061380
2017/01/16 05:00:00,1.061620,1.062160,1.061250,1.061920,1.061380,1.061920,1.061010,1.061680
2017/01/16 05:30:00,1.061920,1.062400,1.061710,1.062210,1.061680,1.062150,1.061480,1.061960
2017/01/16 06:00:00,1.062210,1.062910,1.061940,1.062090,1.061960,1.062670,1.061700,1.061850
2017/01/16 06:30:00,1.062090,1.063120,1.061840,1.061930,1.061850,1.062850,1.061600,1.061690
2017/01/16 07:00:00,1.061930,1.062400,1.060650,1.060830,1.061690,1.062190,1.060440,1.060580
2017/01/16 07:30:00,1.060830,1.061760,1.060560,1.061480,1.060580,1.061520,1.060320,1.061260
2017/01/16 08:00:00,1.061480,1.061880,1.059050,1.059920,1.061260,1.061630,1.058790,1.059690
2017/01/16 08:30:00,1.059920,1.060660,1.058110,1.058460,1.059690,1.060410,1.057840,1.058180
2017/01/16 09:00:00,1.058460,1.059310,1.058170,1.058260,1.058180,1.059080,1.057920,1.058010
2017/01/16 09:30:00,1.058260,1.059920,1.058220,1.059130,1.058010,1.059690,1.057960,1.058890
2017/01/16 10:00:00,1.059130,1.059710,1.058480,1.059550,1.058890,1.059450,1.058230,1.059300
2017/01/16 10:30:00,1.059550,1.059640,1.058450,1.058730,1.059300,1.059400,1.058210,1.058500
2017/01/16 11:00:00,1.058730,1.059950,1.058040,1.059490,1.058500,1.059710,1.057790,1.059250
2017/01/16 11:30:00,1.059490,1.059750,1.058660,1.059520,1.059250,1.059510,1.058430,1.059270
2017/01/16 12:00:00,1.059520,1.059980,1.059010,1.059290,1.059270,1.059740,1.058790,1.059040
2017/01/16 12:30:00,1.059290,1.059540,1.058660,1.059190,1.059040,1.059320,1.058430,1.058950
2017/01/16 13:00:00,1.059190,1.060240,1.059100,1.059960,1.058950,1.059990,1.058870,1.059720
2017/01/16 13:30:00,1.059960,1.060030,1.059130,1.059380,1.059720,1.059820,1.058900,1.059150
2017/01/16 14:00:00,1.059380,1.060440,1.059070,1.060300,1.059150,1.060200,1.058840,1.060050
2017/01/16 14:30:00,1.060300,1.060990,1.060160,1.060780,1.060050,1.060770,1.059930,1.060530
2017/01/16 15:00:00,1.060780,1.060920,1.059730,1.060850,1.060530,1.060670,1.059490,1.060610
2017/01/16 15:30:00,1.060850,1.060970,1.059380,1.060730,1.060610,1.060740,1.059140,1.060490
2017/01/16 16:00:00,1.060730,1.060980,1.059200,1.060160,1.060490,1.060740,1.058970,1.059920
2017/01/16 16:30:00,1.060160,1.060520,1.059500,1.060120,1.059920,1.060280,1.059250,1.059900
2017/01/16 17:00:00,1.060120,1.060980,1.059850,1.060610,1.059900,1.060740,1.059640,1.060360
2017/01/16 17:30:00,1.060610,1.060620,1.060210,1.060570,1.060360,1.060370,1.059960,1.060310
2017/01/16 18:00:00,1.060570,1.060650,1.060210,1.060320,1.060310,1.060400,1.059960,1.060040
2017/01/16 18:30:00,1.060320,1.060450,1.059870,1.060130,1.060040,1.060200,1.059590,1.059800
2017/01/16 19:00:00,1.060130,1.060510,1.059980,1.060470,1.059800,1.060220,1.059650,1.060190
2017/01/16 19:30:00,1.060470,1.060650,1.060150,1.060410,1.060190,1.060400,1.059900,1.060150
2017/01/16 20:00:00,1.060410,1.060600,1.059810,1.059930,1.060150,1.060340,1.059490,1.059620
2017/01/16 20:30:00,1.059930,1.060700,1.059790,1.060090,1.059620,1.060400,1.059500,1.059780
2017/01/16 21:00:00,1.060090,1.060660,1.059940,1.060320,1.059780,1.060310,1.059630,1.059980
2017/01/16 21:30:00,1.060320,1.060840,1.060020,1.060640,1.059980,1.060190,1.059380,1.059440
2017/01/16 22:00:00,1.060640,1.060770,1.060260,1.060450,1.059440,1.060200,1.059380,1.060140
2017/01/16 22:30:00,1.060450,1.060600,1.059980,1.060060,1.060140,1.060300,1.059570,1.059710
2017/01/16 23:00:00,1.060060,1.060600,1.060010,1.060350,1.059710,1.060300,1.059670,1.060060
2017/01/16 23:30:00,1.060350,1.060930,1.059920,1.060360,1.060060,1.060610,1.059650,1.060090
2017/01/17 00:00:00,1.060360,1.062020,1.060360,1.061380,1.060090,1.061780,1.060070,1.061120
2017/01/17 00:30:00,1.061380,1.061880,1.060450,1.060740,1.061120,1.061620,1.060190,1.060500
2017/01/17 01:00:00,1.060740,1.061210,1.060290,1.060310,1.060500,1.060970,1.060070,1.060090
2017/01/17 01:30:00,1.060310,1.060740,1.060220,1.060380,1.060090,1.060500,1.059980,1.060130
2017/01/17 02:00:00,1.060380,1.061350,1.060380,1.061290,1.060130,1.061110,1.060120,1.061050
2017/01/17 02:30:00,1.061290,1.062280,1.061030,1.062180,1.061050,1.062040,1.060800,1.061930
2017/01/17 03:00:00,1.062180,1.062670,1.061570,1.062490,1.061930,1.062430,1.061330,1.062250
2017/01/17 03:30:00,1.062490,1.063190,1.062450,1.062580,1.062250,1.062910,1.062210,1.062340
2017/01/17 04:00:00,1.062580,1.064190,1.062380,1.063630,1.062340,1.063940,1.062140,1.063380
2017/01/17 04:30:00,1.063630,1.064480,1.063370,1.064130,1.063380,1.064230,1.063130,1.063890
2017/01/17 05:00:00,1.064130,1.065100,1.064130,1.064910,1.063890,1.064850,1.063890,1.064680
2017/01/17 05:30:00,1.064910,1.066060,1.064330,1.065880,1.064680,1.065800,1.064090,1.065640
2017/01/17 06:00:00,1.065880,1.066700,1.065300,1.065520,1.065640,1.066450,1.065060,1.065270
2017/01/17 06:30:00,1.065520,1.066140,1.064820,1.065630,1.065270,1.065920,1.064580,1.065380
2017/01/17 07:00:00,1.065630,1.066000,1.064140,1.064730,1.065380,1.065740,1.063900,1.064480
2017/01/17 07:30:00,1.064730,1.065660,1.064310,1.065590,1.064480,1.065410,1.064080,1.065360
2017/01/17 08:00:00,1.065590,1.067280,1.065550,1.066220,1.065360,1.067040,1.065300,1.065980
2017/01/17 08:30:00,1.066220,1.066710,1.065820,1.066430,1.065980,1.066450,1.065590,1.066170
2017/01/17 09:00:00,1.066430,1.067650,1.065620,1.067580,1.066170,1.067420,1.065370,1.067340
2017/01/17 09:30:00,1.067580,1.068310,1.067390,1.068070,1.067340,1.068070,1.067140,1.067690
2017/01/17 10:00:00,1.068070,1.068070,1.065900,1.066130,1.067690,1.067730,1.065650,1.065890
2017/01/17 10:30:00,1.066130,1.068330,1.065940,1.068080,1.065890,1.068070,1.065720,1.067860
2017/01/17 11:00:00,1.068080,1.070370,1.068070,1.070040,1.067860,1.070120,1.067840,1.069790
2017/01/17 11:30:00,1.070040,1.072070,1.070040,1.071080,1.069790,1.071850,1.069790,1.070820
2017/01/17 12:00:00,1.071080,1.071410,1.068920,1.070500,1.070820,1.071160,1.068680,1.070260
2017/01/17 12:30:00,1.070500,1.070940,1.068450,1.068460,1.070260,1.070700,1.068220,1.068230
2017/01/17 13:00:00,1.068460,1.069370,1.067390,1.067660,1.068230,1.069130,1.067170,1.067380
2017/01/17 13:30:00,1.067660,1.069490,1.066880,1.069300,1.067380,1.069240,1.066610,1.069050
2017/01/17 14:00:00,1.069300,1.070880,1.069100,1.070760,1.069050,1.070640,1.068860,1.070520
2017/01/17 14:30:00,1.070760,1.071820,1.069320,1.071650,1.070520,1.071570,1.069080,1.071420
2017/01/17 15:00:00,1.071650,1.071770,1.069500,1.070170,1.071420,1.071550,1.069250,1.069930
2017/01/17 15:30:00,1.070170,1.070660,1.069200,1.069590,1.069930,1.070410,1.068970,1.069340
2017/01/17 16:00:00,1.069590,1.070770,1.069070,1.070330,1.069340,1.070550,1.068840,1.070090
2017/01/17 16:30:00,1.070330,1.071410,1.069300,1.069570,1.070090,1.071190,1.069070,1.069330
2017/01/17 17:00:00,1.069570,1.070590,1.069450,1.070490,1.069330,1.070360,1.069220,1.070280
2017/01/17 17:30:00,1.070490,1.070850,1.069710,1.070050,1.070280,1.070610,1.069470,1.069820
2017/01/17 18:00:00,1.070050,1.070170,1.069570,1.070020,1.069820,1.069930,1.069340,1.069820
2017/01/17 18:30:00,1.070020,1.070490,1.069570,1.070440,1.069820,1.070250,1.069330,1.070210
2017/01/17 19:00:00,1.070440,1.071300,1.070420,1.071020,1.070210,1.071070,1.070200,1.070790
2017/01/17 19:30:00,1.071020,1.071460,1.070540,1.071020,1.070790,1.071230,1.070310,1.070780
2017/01/17 20:00:00,1.071020,1.071220,1.070190,1.070840,1.070780,1.070980,1.069960,1.070600
2017/01/17 20:30:00,1.070840,1.071010,1.070530,1.070620,1.070600,1.070780,1.070310,1.070370
2017/01/17 21:00:00,1.070620,1.071010,1.070600,1.071000,1.070370,1.070770,1.070350,1.070760
2017/01/17 21:30:00,1.071000,1.071610,1.070990,1.071520,1.070760,1.071270,1.070750,1.071140
2017/01/17 22:00:00,1.071520,1.071730,1.071150,1.071260,1.071140,1.071430,1.070610,1.071020
2017/01/17 22:30:00,1.071260,1.071530,1.071090,1.071200,1.071020,1.071210,1.070720,1.070940
2017/01/17 23:00:00,1.071200,1.071480,1.070350,1.070470,1.070940,1.071190,1.070100,1.070180
2017/01/17 23:30:00,1.070470,1.070520,1.069700,1.069800,1.070180,1.070240,1.069490,1.069590
2017/01/18 00:00:00,1.069800,1.070970,1.069670,1.070630,1.069590,1.070730,1.069400,1.070390
2017/01/18 00:30:00,1.070630,1.071070,1.069950,1.071060,1.070390,1.070810,1.069700,1.070800
2017/01/18 01:00:00,1.071060,1.071380,1.069650,1.069830,1.070800,1.071140,1.069400,1.069590
2017/01/18 01:30:00,1.069830,1.070120,1.069280,1.070000,1.069590,1.069870,1.069020,1.069740
2017/01/18 02:00:00,1.070000,1.070000,1.068950,1.068970,1.069740,1.069740,1.068720,1.068740
2017/01/18 02:30:00,1.068970,1.069770,1.068970,1.069440,1.068740,1.069530,1.068740,1.069230
2017/01/18 03:00:00,1.069440,1.069950,1.069410,1.069810,1.069230,1.069700,1.069160,1.069570
2017/01/18 03:30:00,1.069810,1.070160,1.069540,1.069910,1.069570,1.069920,1.069290,1.069660
2017/01/18 04:00:00,1.069910,1.070050,1.069430,1.069600,1.069660,1.069810,1.069200,1.069360
2017/01/18 04:30:00,1.069600,1.070150,1.069490,1.069910,1.069360,1.069940,1.069250,1.069680
2017/01/18 05:00:00,1.069910,1.070150,1.068770,1.068880,1.069680,1.069910,1.068520,1.068630
2017/01/18 05:30:00,1.068880,1.069010,1.068250,1.068590,1.068630,1.068750,1.068000,1.068350
2017/01/18 06:00:00,1.068590,1.069010,1.068290,1.068680,1.068350,1.068770,1.068040,1.068440
2017/01/18 06:30:00,1.068680,1.069300,1.067980,1.068180,1.068440,1.069050,1.067720,1.067900
2017/01/18 07:00:00,1.068180,1.068660,1.067810,1.068120,1.067900,1.068410,1.067610,1.067870
2017/01/18 07:30:00,1.068120,1.068680,1.067710,1.067920,1.067870,1.068430,1.067460,1.067670
2017/01/18 08:00:00,1.067920,1.070600,1.067750,1.069830,1.067670,1.070370,1.067510,1.069610
2017/01/18 08:30:00,1.069830,1.070020,1.068950,1.069260,1.069610,1.069790,1.068710,1.069020
2017/01/18 09:00:00,1.069260,1.069690,1.068760,1.069170,1.069020,1.069440,1.068520,1.068920
2017/01/18 09:30:00,1.069170,1.069780,1.068600,1.069720,1.068920,1.069490,1.068370,1.069430
2017/01/18 10:00:00,1.069720,1.069780,1.068580,1.068590,1.069430,1.069520,1.068340,1.068360
2017/01/18 10:30:00,1.068590,1.068740,1.068080,1.068680,1.068360,1.068500,1.067850,1.068440
2017/01/18 11:00:00,1.068680,1.068920,1.068040,1.068570,1.068440,1.068680,1.067800,1.068340
2017/01/18 11:30:00,1.068570,1.068980,1.068300,1.068800,1.068340,1.068750,1.068060,1.068570
2017/01/18 12:00:00,1.068800,1.068990,1.068200,1.068710,1.068570,1.068740,1.067960,1.068460
2017/01/18 12:30:00,1.068710,1.068800,1.066600,1.066690,1.068460,1.068570,1.066390,1.066470
2017/01/18 13:00:00,1.066690,1.067010,1.065950,1.066460,1.066470,1.066780,1.065710,1.066190
2017/01/18 13:30:00,1.066460,1.067500,1.065680,1.066960,1.066190,1.067240,1.065400,1.066720
2017/01/18 14:00:00,1.066960,1.067840,1.066620,1.067810,1.066720,1.067610,1.066370,1.067580
2017/01/18 14:30:00,1.067810,1.069060,1.067580,1.068540,1.067580,1.068810,1.067340,1.068300
2017/01/18 15:00:00,1.068540,1.069670,1.068190,1.069500,1.068300,1.069420,1.067950,1.069260
2017/01/18 15:30:00,1.069500,1.070430,1.069110,1.069640,1.069260,1.070190,1.068860,1.069390
2017/01/18 16:00:00,1.069640,1.069750,1.068640,1.068700,1.069390,1.069510,1.068400,1.068460
2017/01/18 16:30:00,1.068700,1.068800,1.067780,1.068380,1.068460,1.068570,1.067540,1.068140
2017/01/18 17:00:00,1.068380,1.068550,1.067670,1.068510,1.068140,1.068320,1.067420,1.068270
2017/01/18 17:30:00,1.068510,1.069340,1.068210,1.068420,1.068270,1.069100,1.067980,1.068180
2017/01/18 18:00:00,1.068420,1.068480,1.067330,1.067720,1.068180,1.068240,1.067080,1.067480
2017/01/18 18:30:00,1.067720,1.067720,1.066460,1.066790,1.067480,1.067480,1.066240,1.066560
2017/01/18 19:00:00,1.066790,1.067310,1.066500,1.066710,1.066560,1.067070,1.066270,1.066470
2017/01/18 19:30:00,1.066710,1.067360,1.066170,1.067320,1.066470,1.067020,1.065920,1.066990
2017/01/18 20:00:00,1.067320,1.067400,1.063130,1.063720,1.066990,1.067080,1.062900,1.063490
2017/01/18 20:30:00,1.063720,1.064480,1.063180,1.063950,1.063490,1.064240,1.062970,1.063670
2017/01/18 21:00:00,1.063950,1.064010,1.063340,1.063840,1.063670,1.063770,1.063100,1.063590
2017/01/18 21:30:00,1.063840,1.063870,1.062980,1.063240,1.063590,1.063600,1.062720,1.062770
2017/01/18 22:00:00,1.063240,1.063580,1.062890,1.063250,1.062770,1.063100,1.062240,1.062870
2017/01/18 22:30:00,1.063250,1.063790,1.063100,1.063610,1.062870,1.063420,1.062850,1.063150
2017/01/18 23:00:00,1.063610,1.063700,1.062860,1.063070,1.063150,1.063420,1.062600,1.062820
2017/01/18 23:30:00,1.063070,1.063490,1.062570,1.062950,1.062820,1.063260,1.062310,1.062700
2017/01/19 00:00:00,1.062950,1.063550,1.062810,1.063410,1.062700,1.063310,1.062560,1.063130
2017/01/19 00:30:00,1.063410,1.063580,1.062310,1.062690,1.063130,1.063340,1.062080,1.062460
2017/01/19 01:00:00,1.062690,1.063440,1.062570,1.063050,1.062460,1.063190,1.062340,1.062820
2017/01/19 01:30:00,1.063050,1.063200,1.062430,1.062940,1.062820,1.062960,1.062190,1.062690
2017/01/19 02:00:00,1.062940,1.064340,1.062830,1.063940,1.062690,1.064100,1.062580,1.063700
2017/01/19 02:30:00,1.063940,1.064210,1.063500,1.063880,1.063700,1.063980,1.063260,1.063640
2017/01/19 03:00:00,1.063880,1.064530,1.063590,1.064320,1.063640,1.064290,1.063350,1.064070
2017/01/19 03:30:00,1.064320,1.064670,1.063980,1.064000,1.064070,1.064430,1.063740,1.063760
2017/01/19 04:00:00,1.064000,1.064440,1.063830,1.063930,1.063760,1.064190,1.063630,1.063700
2017/01/19 04:30:00,1.063930,1.064260,1.063810,1.064180,1.063700,1.064020,1.063570,1.063950
2017/01/19 05:00:00,1.064180,1.064220,1.063370,1.063900,1.063950,1.063980,1.063120,1.063660
2017/01/19 05:30:00,1.063900,1.064220,1.063590,1.064050,1.063660,1.063980,1.063370,1.063810
2017/01/19 06:00:00,1.064050,1.064260,1.063460,1.063880,1.063810,1.064010,1.063210,1.063630
2017/01/19 06:30:00,1.063880,1.064520,1.063780,1.064360,1.063630,1.064260,1.063550,1.064100
2017/01/19 07:00:00,1.064360,1.064820,1.063730,1.063830,1.064100,1.064570,1.063480,1.063620
2017/01/19 07:30:00,1.063830,1.064840,1.063370,1.064330,1.063620,1.064590,1.063120,1.064080
2017/01/19 08:00:00,1.064330,1.065620,1.063880,1.065320,1.064080,1.065380,1.063650,1.065080
2017/01/19 08:30:00,1.065320,1.065680,1.064710,1.065630,1.065080,1.065440,1.064460,1.065400
2017/01/19 09:00:00,1.065630,1.067180,1.065370,1.066530,1.065400,1.066950,1.065120,1.066310
2017/01/19 09:30:00,1.066530,1.066950,1.066120,1.066200,1.066310,1.066710,1.065880,1.065960
2017/01/19 10:00:00,1.066200,1.066410,1.065680,1.065790,1.065960,1.066180,1.065430,1.065560
2017/01/19 10:30:00,1.065790,1.066060,1.065460,1.065720,1.065560,1.065820,1.065220,1.065480
2017/01/19 11:00:00,1.065720,1.066210,1.065510,1.065970,1.065480,1.065970,1.065280,1.065730
2017/01/19 11:30:00,1.065970,1.066640,1.065440,1.066510,1.065730,1.066390,1.065210,1.066280
2017/01/19 12:00:00,1.066510,1.066980,1.066120,1.066380,1.066280,1.066750,1.065880,1.066130
2017/01/19 12:30:00,1.066380,1.067060,1.065860,1.067020,1.066130,1.066800,1.065640,1.066780
2017/01/19 13:00:00,1.067020,1.067800,1.066760,1.067010,1.066780,1.067560,1.066510,1.066700
2017/01/19 13:30:00,1.067010,1.067010,1.060410,1.062030,1.066700,1.066700,1.060170,1.061800
2017/01/19 14:00:00,1.062030,1.062220,1.059030,1.061520,1.061800,1.061960,1.058800,1.061280
2017/01/19 14:30:00,1.061520,1.062400,1.059110,1.059230,1.061280,1.062160,1.058890,1.058990
2017/01/19 15:00:00,1.059230,1.061110,1.059080,1.060180,1.058990,1.060880,1.058890,1.059940
2017/01/19 15:30:00,1.060180,1.062330,1.059020,1.061040,1.059940,1.062100,1.058800,1.060780
2017/01/19 16:00:00,1.061040,1.063850,1.061040,1.063230,1.060780,1.063590,1.060780,1.063000
2017/01/19 16:30:00,1.063230,1.063800,1.062930,1.063140,1.063000,1.063570,1.062680,1.062900
2017/01/19 17:00:00,1.063140,1.063480,1.061870,1.062850,1.062900,1.063240,1.061630,1.062610
2017/01/19 17:30:00,1.062850,1.063430,1.061600,1.063330,1.062610,1.063190,1.061350,1.063100
2017/01/19 18:00:00,1.063330,1.064270,1.061950,1.063820,1.063100,1.064050,1.061720,1.063580
2017/01/19 18:30:00,1.063820,1.063880,1.062700,1.062770,1.063580,1.063640,1.062460,1.062540
2017/01/19 19:00:00,1.062770,1.064420,1.062680,1.064060,1.062540,1.064190,1.062440,1.063820
2017/01/19 19:30:00,1.064060,1.066170,1.063900,1.066100,1.063820,1.065940,1.063660,1.065870
2017/01/19 20:00:00,1.066100,1.067090,1.065630,1.066020,1.065870,1.066830,1.065380,1.065770
2017/01/19 20:30:00,1.066020,1.066730,1.065790,1.066190,1.065770,1.066500,1.065560,1.065940
2017/01/19 21:00:00,1.066190,1.066450,1.065850,1.066370,1.065940,1.066190,1.065620,1.066130
2017/01/19 21:30:00,1.066370,1.066740,1.066250,1.066640,1.066130,1.066490,1.066010,1.066150
2017/01/19 22:00:00,1.066640,1.066930,1.066040,1.066220,1.066150,1.066530,1.065460,1.065690
2017/01/19 22:30:00,1.066220,1.066450,1.065880,1.066060,1.065690,1.066140,1.065510,1.065620
2017/01/19 23:00:00,1.066060,1.066370,1.065960,1.066110,1.065620,1.066110,1.065620,1.065860
2017/01/19 23:30:00,1.066110,1.066190,1.065740,1.066070,1.065860,1.065930,1.065490,1.065810
2017/01/20 00:00:00,1.066070,1.066330,1.065390,1.065580,1.065810,1.066080,1.065150,1.065340
2017/01/20 00:30:00,1.065580,1.065950,1.065360,1.065520,1.065340,1.065710,1.065110,1.065220
2017/01/20 01:00:00,1.065520,1.067520,1.065510,1.067290,1.065220,1.067270,1.065220,1.067040
2017/01/20 01:30:00,1.067290,1.068910,1.067260,1.068300,1.067040,1.068660,1.067000,1.067970
2017/01/20 02:00:00,1.068300,1.068520,1.067650,1.067690,1.067970,1.068260,1.067400,1.067440
2017/01/20 02:30:00,1.067690,1.068120,1.067600,1.067840,1.067440,1.067860,1.067360,1.067600
2017/01/20 03:00:00,1.067840,1.069270,1.067840,1.069270,1.067600,1.069040,1.067600,1.069030
2017/01/20 03:30:00,1.069270,1.069490,1.068620,1.068640,1.069030,1.069260,1.068380,1.068400
2017/01/20 04:00:00,1.068640,1.068730,1.068170,1.068200,1.068400,1.068490,1.067930,1.067970
2017/01/20 04:30:00,1.068200,1.068410,1.067950,1.068160,1.067970,1.068160,1.067700,1.067910
2017/01/20 05:00:00,1.068160,1.068280,1.067710,1.068250,1.067910,1.068040,1.067460,1.068000
2017/01/20 05:30:00,1.068250,1.068270,1.067250,1.067350,1.068000,1.068040,1.067020,1.067140
2017/01/20 06:00:00,1.067350,1.068360,1.067340,1.068170,1.067140,1.068130,1.067120,1.067940
2017/01/20 06:30:00,1.068170,1.068740,1.067730,1.068410,1.067940,1.068500,1.067480,1.068160
2017/01/20 07:00:00,1.068410,1.069330,1.068190,1.068580,1.068160,1.069100,1.067940,1.068340
2017/01/20 07:30:00,1.068580,1.068660,1.067250,1.067340,1.068340,1.068410,1.066990,1.067100
2017/01/20 08:00:00,1.067340,1.068480,1.066580,1.066620,1.067100,1.068250,1.066350,1.066380
2017/01/20 08:30:00,1.066620,1.067010,1.066210,1.066450,1.066380,1.066770,1.065970,1.066200
2017/01/20 09:00:00,1.066450,1.066830,1.065700,1.065960,1.066200,1.066590,1.065480,1.065710
2017/01/20 09:30:00,1.065960,1.066370,1.064350,1.064750,1.065710,1.066120,1.064110,1.064540
2017/01/20 10:00:00,1.064750,1.064870,1.063620,1.064170,1.064540,1.064630,1.063400,1.063940
2017/01/20 10:30:00,1.064170,1.064270,1.062890,1.063840,1.063940,1.064040,1.062650,1.063600
2017/01/20 11:00:00,1.063840,1.064130,1.063010,1.063330,1.063600,1.063900,1.062800,1.063100
2017/01/20 11:30:00,1.063330,1.064290,1.062990,1.064000,1.063100,1.064050,1.062750,1.063750
2017/01/20 12:00:00,1.064000,1.064540,1.063550,1.064500,1.063750,1.064310,1.063320,1.064250
2017/01/20 12:30:00,1.064500,1.064780,1.062720,1.062900,1.064250,1.064570,1.062490,1.062690
2017/01/20 13:00:00,1.062900,1.064790,1.062640,1.064610,1.062690,1.064550,1.062400,1.064370
2017/01/20 13:30:00,1.064610,1.065880,1.064370,1.065760,1.064370,1.065630,1.064150,1.065520
2017/01/20 14:00:00,1.065760,1.066770,1.065290,1.066470,1.065520,1.066530,1.065040,1.066240
2017/01/20 14:30:00,1.066470,1.066800,1.065560,1.065640,1.066240,1.066570,1.065320,1.065400
2017/01/20 15:00:00,1.065640,1.068470,1.065610,1.067660,1.065400,1.068220,1.065390,1.067420
2017/01/20 15:30:00,1.067660,1.068110,1.066630,1.068000,1.067420,1.067880,1.066370,1.067780
2017/01/20 16:00:00,1.068000,1.068280,1.066540,1.067860,1.067780,1.068050,1.066290,1.067620
2017/01/20 16:30:00,1.067860,1.068450,1.067420,1.068030,1.067620,1.068210,1.067180,1.067790
2017/01/20 17:00:00,1.068030,1.069650,1.066490,1.069000,1.067790,1.069460,1.066210,1.068750
2017/01/20 17:30:00,1.069000,1.069270,1.067090,1.067620,1.068750,1.069040,1.066880,1.067370
2017/01/20 18:00:00,1.067620,1.068480,1.066690,1.066960,1.067370,1.068240,1.066490,1.066710
2017/01/20 18:30:00,1.066960,1.068430,1.066810,1.068270,1.066710,1.068190,1.066560,1.068040
2017/01/20 19:00:00,1.068270,1.070230,1.068150,1.069510,1.068040,1.069970,1.067910,1.069280
2017/01/20 19:30:00,1.069510,1.071090,1.069180,1.070630,1.069280,1.070850,1.068940,1.070390
2017/01/20 20:00:00,1.070630,1.070720,1.069250,1.069660,1.070390,1.070500,1.069010,1.069430
2017/01/20 20:30:00,1.069660,1.069760,1.069070,1.069750,1.069430,1.069530,1.068840,1.069530
2017/01/20 21:00:00,1.069750,1.069870,1.069340,1.069630,1.069530,1.069620,1.069100,1.069390
2017/01/20 21:30:00,1.069630,1.070820,1.069490,1.070820,1.069390,1.070370,1.069250,1.069730
2017/01/22 19:30:00,1.070820,1.071400,1.070820,1.071400,1.069730,1.070650,1.069730,1.070650
2017/01/22 20:00:00,1.071400,1.071520,1.071060,1.071090,1.070650,1.071120,1.070530,1.070740
2017/01/22 20:30:00,1.071090,1.071330,1.070970,1.071050,1.070740,1.070820,1.070380,1.070600
2017/01/22 21:00:00,1.071050,1.071120,1.070630,1.070980,1.070600,1.070730,1.070020,1.070540
2017/01/22 21:30:00,1.070980,1.071250,1.070390,1.070500,1.070540,1.070900,1.070050,1.070100
2017/01/22 22:00:00,1.070500,1.070990,1.069750,1.070240,1.070100,1.070130,1.069290,1.069870
2017/01/22 22:30:00,1.070240,1.070870,1.070230,1.070510,1.069870,1.070430,1.069870,1.070180
2017/01/22 23:00:00,1.070510,1.071860,1.070500,1.071320,1.070180,1.071560,1.070180,1.071030
2017/01/22 23:30:00,1.071320,1.071670,1.070590,1.071390,1.071030,1.071440,1.070310,1.071130
2017/01/23 00:00:00,1.071390,1.072180,1.071060,1.071450,1.071130,1.071940,1.070800,1.071200
2017/01/23 00:30:00,1.071450,1.073140,1.071380,1.072540,1.071200,1.072890,1.071130,1.072290
2017/01/23 01:00:00,1.072540,1.073300,1.072270,1.073020,1.072290,1.073060,1.072030,1.072780
2017/01/23 01:30:00,1.073020,1.074610,1.072870,1.074550,1.072780,1.074370,1.072620,1.074310
2017/01/23 02:00:00,1.074550,1.074750,1.074000,1.074380,1.074310,1.074500,1.073750,1.074130
2017/01/23 02:30:00,1.074380,1.074690,1.074010,1.074660,1.074130,1.074450,1.073760,1.074420
2017/01/23 03:00:00,1.074660,1.075110,1.074560,1.074990,1.074420,1.074870,1.074350,1.074740
2017/01/23 03:30:00,1.074990,1.074990,1.074360,1.074520,1.074740,1.074740,1.074120,1.074270
2017/01/23 04:00:00,1.074520,1.074550,1.074230,1.074360,1.074270,1.074320,1.073990,1.074130
2017/01/23 04:30:00,1.074360,1.074730,1.073800,1.073860,1.074130,1.074480,1.073570,1.073620
2017/01/23 05:00:00,1.073860,1.074160,1.073640,1.073880,1.073620,1.073920,1.073400,1.073650
2017/01/23 05:30:00,1.073880,1.074950,1.073610,1.074950,1.073650,1.074710,1.073370,1.074710
2017/01/23 06:00:00,1.074950,1.075610,1.074770,1.075080,1.074710,1.075370,1.074520,1.074830
2017/01/23 06:30:00,1.075080,1.075320,1.074130,1.074330,1.074830,1.075070,1.073870,1.074070
2017/01/23 07:00:00,1.074330,1.075430,1.074110,1.074720,1.074070,1.075170,1.073870,1.074480
2017/01/23 07:30:00,1.074720,1.075530,1.074230,1.074380,1.074480,1.075290,1.073970,1.074140
2017/01/23 08:00:00,1.074380,1.075070,1.073530,1.073590,1.074140,1.074860,1.073280,1.073350
2017/01/23 08:30:00,1.073590,1.074440,1.072700,1.072910,1.073350,1.074220,1.072460,1.072670
2017/01/23 09:00:00,1.072910,1.073440,1.072660,1.072900,1.072670,1.073190,1.072410,1.072670
2017/01/23 09:30:00,1.072900,1.073230,1.072420,1.072720,1.072670,1.072980,1.072170,1.072470
2017/01/23 10:00:00,1.072720,1.074220,1.072710,1.074060,1.072470,1.073960,1.072460,1.073820
2017/01/23 10:30:00,1.074060,1.074630,1.073830,1.073900,1.073820,1.074390,1.073580,1.073660
2017/01/23 11:00:00,1.073900,1.074020,1.072850,1.073060,1.073660,1.073780,1.072610,1.072840
2017/01/23 11:30:00,1.073060,1.073580,1.072740,1.073070,1.072840,1.073330,1.072500,1.072830
2017/01/23 12:00:00,1.073070,1.073590,1.072860,1.073240,1.072830,1.073350,1.072630,1.073000
2017/01/23 12:30:00,1.073240,1.074510,1.073210,1.073560,1.073000,1.074280,1.072990,1.073320
2017/01/23 13:00:00,1.073560,1.073710,1.071070,1.073010,1.073320,1.073480,1.070810,1.072760
2017/01/23 13:30:00,1.073010,1.073910,1.072950,1.073150,1.072760,1.073680,1.072710,1.072900
2017/01/23 14:00:00,1.073150,1.073470,1.070740,1.072630,1.072900,1.073230,1.070500,1.072400
2017/01/23 14:30:00,1.072630,1.072980,1.070820,1.072680,1.072400,1.072750,1.070560,1.072470
2017/01/23 15:00:00,1.072680,1.074570,1.072650,1.074030,1.072470,1.074340,1.072410,1.073800
2017/01/23 15:30:00,1.074030,1.075360,1.073960,1.074900,1.073800,1.075120,1.073690,1.074660
2017/01/23 16:00:00,1.074900,1.074970,1.072800,1.073340,1.074660,1.074730,1.072560,1.073100
2017/01/23 16:30:00,1.073340,1.074630,1.073320,1.074100,1.073100,1.074380,1.073090,1.073860
2017/01/23 17:00:00,1.074100,1.074350,1.072500,1.072720,1.073860,1.074110,1.072250,1.072480
2017/01/23 17:30:00,1.072720,1.072940,1.072110,1.072820,1.072480,1.072710,1.071880,1.072580
2017/01/23 18:00:00,1.072820,1.073650,1.072640,1.073580,1.072580,1.073420,1.072410,1.073350
2017/01/23 18:30:00,1.073580,1.073830,1.073120,1.073720,1.073350,1.073580,1.072880,1.073500
2017/01/23 19:00:00,1.073720,1.074430,1.073670,1.074080,1.073500,1.074190,1.073450,1.073820
2017/01/23 19:30:00,1.074080,1.075110,1.073900,1.074720,1.073820,1.074880,1.073670,1.074490
2017/01/23 20:00:00,1.074720,1.075300,1.074570,1.074880,1.074490,1.075060,1.074340,1.074640
2017/01/23 20:30:00,1.074880,1.074980,1.074280,1.074470,1.074640,1.074750,1.074030,1.074220
2017/01/23 21:00:00,1.074470,1.075110,1.074410,1.075090,1.074220,1.074860,1.074170,1.074840
2017/01/23 21:30:00,1.075090,1.077080,1.075030,1.076690,1.074840,1.076810,1.074800,1.076150
2017/01/23 22:00:00,1.076690,1.077140,1.076310,1.076830,1.076150,1.076860,1.076060,1.076460
2017/01/23 22:30:00,1.076830,1.077410,1.076400,1.077390,1.076460,1.077220,1.076110,1.077080
2017/01/23 23:00:00,1.077390,1.077410,1.076760,1.077070,1.077080,1.077190,1.076490,1.076830
2017/01/23 23:30:00,1.077070,1.077100,1.075970,1.076040,1.076830,1.076850,1.075710,1.075800
2017/01/24 00:00:00,1.076040,1.076340,1.075610,1.076020,1.075800,1.076090,1.075360,1.075770
2017/01/24 00:30:00,1.076020,1.076270,1.075550,1.076130,1.075770,1.076040,1.075300,1.075880
2017/01/24 01:00:00,1.076130,1.076150,1.074650,1.074930,1.075880,1.075890,1.074410,1.074690
2017/01/24 01:30:00,1.074930,1.075860,1.074800,1.075590,1.074690,1.075630,1.074570,1.075350
2017/01/24 02:00:00,1.075590,1.076830,1.075530,1.076550,1.075350,1.076580,1.075290,1.076310
2017/01/24 02:30:00,1.076550,1.076790,1.075900,1.076000,1.076310,1.076550,1.075660,1.075760
2017/01/24 03:00:00,1.076000,1.076830,1.075710,1.076800,1.075760,1.076590,1.075460,1.076560
2017/01/24 03:30:00,1.076800,1.077220,1.076120,1.076120,1.076560,1.076970,1.075860,1.075880
2017/01/24 04:00:00,1.076120,1.076400,1.075400,1.075540,1.075880,1.076160,1.075150,1.075300
2017/01/24 04:30:00,1.075540,1.075730,1.075040,1.075240,1.075300,1.075490,1.074790,1.075010
2017/01/24 05:00:00,1.075240,1.076020,1.075150,1.075540,1.075010,1.075800,1.074900,1.075280
2017/01/24 05:30:00,1.075540,1.076140,1.074950,1.075620,1.075280,1.075890,1.074700,1.075360
2017/01/24 06:00:00,1.075620,1.075830,1.074910,1.075000,1.075360,1.075590,1.074670,1.074760
2017/01/24 06:30:00,1.075000,1.075330,1.073910,1.074230,1.074760,1.075100,1.073650,1.073990
2017/01/24 07:00:00,1.074230,1.075020,1.073890,1.074840,1.073990,1.074770,1.073630,1.074590
2017/01/24 07:30:00,1.074840,1.075120,1.073490,1.073910,1.074590,1.074870,1.073250,1.073670
2017/01/24 08:00:00,1.073910,1.075430,1.073810,1.074890,1.073670,1.075180,1.073570,1.074590
2017/01/24 08:30:00,1.074890,1.075210,1.074240,1.074900,1.074590,1.074990,1.074000,1.074640
2017/01/24 09:00:00,1.074900,1.075310,1.073830,1.073920,1.074640,1.075080,1.073590,1.073680
2017/01/24 09:30:00,1.073920,1.074530,1.073620,1.074150,1.073680,1.074290,1.073380,1.073940
2017/01/24 10:00:00,1.074150,1.074530,1.073680,1.073740,1.073940,1.074290,1.073470,1.073490
2017/01/24 10:30:00,1.073740,1.074080,1.072990,1.073100,1.073490,1.073840,1.072750,1.072860
2017/01/24 11:00:00,1.073100,1.073840,1.072680,1.073430,1.072860,1.073600,1.072430,1.073200
2017/01/24 11:30:00,1.073430,1.074560,1.073070,1.074430,1.073200,1.074320,1.072830,1.074220
2017/01/24 12:00:00,1.074430,1.074720,1.074060,1.074430,1.074220,1.074540,1.073820,1.074190
2017/01/24 12:30:00,1.074430,1.074900,1.074090,1.074310,1.074190,1.074660,1.073850,1.074070
2017/01/24 13:00:00,1.074310,1.075250,1.074170,1.075040,1.074070,1.075010,1.073930,1.074800
2017/01/24 13:30:00,1.075040,1.075830,1.074710,1.074860,1.074800,1.075590,1.074470,1.074620
2017/01/24 14:00:00,1.074860,1.075560,1.074450,1.074630,1.074620,1.075320,1.074210,1.074380
2017/01/24 14:30:00,1.074630,1.076770,1.074590,1.076290,1.074380,1.076530,1.074360,1.075990
2017/01/24 15:00:00,1.076290,1.077630,1.075090,1.075610,1.075990,1.077400,1.074860,1.075380
2017/01/24 15:30:00,1.075610,1.076040,1.074970,1.075360,1.075380,1.075800,1.074750,1.075120
2017/01/24 16:00:00,1.075360,1.075960,1.074780,1.075420,1.075120,1.075700,1.074550,1.075210
2017/01/24 16:30:00,1.075420,1.075710,1.074760,1.074990,1.075210,1.075460,1.074520,1.074750
2017/01/24 17:00:00,1.074990,1.076170,1.074920,1.076120,1.074750,1.075930,1.074690,1.075910
2017/01/24 17:30:00,1.076120,1.076240,1.075490,1.075800,1.075910,1.076000,1.075250,1.075560
2017/01/24 18:00:00,1.075800,1.075950,1.074270,1.074460,1.075560,1.075720,1.074050,1.074220
2017/01/24 18:30:00,1.074460,1.074480,1.073510,1.073580,1.074220,1.074250,1.073270,1.073380
2017/01/24 19:00:00,1.073580,1.073590,1.072580,1.073050,1.073380,1.073380,1.072350,1.072810
2017/01/24 19:30:00,1.073050,1.073060,1.072300,1.072380,1.072810,1.072840,1.072060,1.072170
2017/01/24 20:00:00,1.072380,1.072940,1.072140,1.072820,1.072170,1.072700,1.071910,1.072580
2017/01/24 20:30:00,1.072820,1.073480,1.072720,1.073420,1.072580,1.073240,1.072490,1.073180
2017/01/24 21:00:00,1.073420,1.073490,1.073090,1.073320,1.073180,1.073250,1.072850,1.073070
2017/01/24 21:30:00,1.073320,1.073410,1.073150,1.073380,1.073070,1.073170,1.072880,1.072880
2017/01/24 22:00:00,1.073380,1.073460,1.072910,1.073390,1.072880,1.073160,1.072680,1.072930
2017/01/24 22:30:00,1.073390,1.073510,1.073090,1.073300,1.072930,1.073230,1.072720,1.072990
2017/01/24 23:00:00,1.073300,1.073460,1.072760,1.072850,1.072990,1.073180,1.072520,1.072560
2017/01/24 23:30:00,1.072850,1.073190,1.072530,1.072950,1.072560,1.072940,1.072270,1.072710
2017/01/25 00:00:00,1.072950,1.073140,1.072470,1.073120,1.072710,1.072900,1.072230,1.072870
2017/01/25 00:30:00,1.073120,1.073530,1.072730,1.073240,1.072870,1.073280,1.072480,1.072990
2017/01/25 01:00:00,1.073240,1.073580,1.072310,1.073110,1.072990,1.073360,1.072070,1.072870
2017/01/25 01:30:00,1.073110,1.073640,1.072970,1.073020,1.072870,1.073390,1.072740,1.072770
2017/01/25 02:00:00,1.073020,1.073930,1.072810,1.073450,1.072770,1.073670,1.072560,1.073200
2017/01/25 02:30:00,1.073450,1.073620,1.073150,1.073210,1.073200,1.073380,1.072900,1.072970
2017/01/25 03:00:00,1.073210,1.073420,1.072870,1.072980,1.072970,1.073180,1.072630,1.072740
2017/01/25 03:30:00,1.072980,1.073380,1.072840,1.073290,1.072740,1.073140,1.072600,1.073040
2017/01/25 04:00:00,1.073290,1.073880,1.073200,1.073610,1.073040,1.073640,1.072970,1.073360
2017/01/25 04:30:00,1.073610,1.073680,1.073150,1.073190,1.073360,1.073440,1.072920,1.072950
2017/01/25 05:00:00,1.073190,1.073200,1.072860,1.072900,1.072950,1.072970,1.072630,1.072650
2017/01/25 05:30:00,1.072900,1.072960,1.072490,1.072730,1.072650,1.072710,1.072250,1.072480
2017/01/25 06:00:00,1.072730,1.072780,1.072300,1.072650,1.072480,1.072530,1.072090,1.072420
2017/01/25 06:30:00,1.072650,1.072680,1.072260,1.072260,1.072420,1.072450,1.072020,1.072020
2017/01/25 07:00:00,1.072260,1.072320,1.071260,1.071950,1.072020,1.072070,1.071020,1.071700
2017/01/25 07:30:00,1.071950,1.072830,1.071390,1.071470,1.071700,1.072590,1.071140,1.071220
2017/01/25 08:00:00,1.071470,1.073390,1.071410,1.073250,1.071220,1.073170,1.071170,1.073000
2017/01/25 08:30:00,1.073250,1.073250,1.072360,1.073110,1.073000,1.073010,1.072120,1.072860
2017/01/25 09:00:00,1.073110,1.075020,1.072570,1.074560,1.072860,1.074780,1.072330,1.074320
2017/01/25 09:30:00,1.074560,1.075620,1.074320,1.075100,1.074320,1.075360,1.074090,1.074860
2017/01/25 10:00:00,1.075100,1.075280,1.074300,1.075130,1.074860,1.075040,1.074060,1.074890
2017/01/25 10:30:00,1.075130,1.075570,1.074830,1.075460,1.074890,1.075360,1.074590,1.075230
2017/01/25 11:00:00,1.075460,1.075760,1.075240,1.075260,1.075230,1.075530,1.075020,1.075040
2017/01/25 11:30:00,1.075260,1.075520,1.074910,1.075380,1.075040,1.075280,1.074660,1.075120
2017/01/25 12:00:00,1.075380,1.077120,1.074930,1.076190,1.075120,1.076870,1.074690,1.075960
2017/01/25 12:30:00,1.076190,1.076820,1.074610,1.074680,1.075960,1.076590,1.074380,1.074440
2017/01/25 13:00:00,1.074680,1.074960,1.073820,1.074030,1.074440,1.074720,1.073580,1.073780
2017/01/25 13:30:00,1.074030,1.074670,1.073690,1.074600,1.073780,1.074430,1.073450,1.074360
2017/01/25 14:00:00,1.074600,1.074680,1.072110,1.072710,1.074360,1.074480,1.071880,1.072480
2017/01/25 14:30:00,1.072710,1.073900,1.072120,1.072810,1.072480,1.073650,1.071890,1.072560
2017/01/25 15:00:00,1.072810,1.074550,1.072670,1.074460,1.072560,1.074310,1.072430,1.074240
2017/01/25 15:30:00,1.074460,1.074660,1.073610,1.074220,1.074240,1.074410,1.073370,1.073970
2017/01/25 16:00:00,1.074220,1.074680,1.073320,1.073490,1.073970,1.074440,1.073090,1.073280
2017/01/25 16:30:00,1.073490,1.075440,1.073480,1.074420,1.073280,1.075250,1.073270,1.074180
2017/01/25 17:00:00,1.074420,1.074640,1.073140,1.073340,1.074180,1.074390,1.072910,1.073100
2017/01/25 17:30:00,1.073340,1.073920,1.072620,1.073890,1.073100,1.073680,1.072380,1.073650
2017/01/25 18:00:00,1.073890,1.074130,1.073070,1.073740,1.073650,1.073890,1.072850,1.073500
2017/01/25 18:30:00,1.073740,1.073950,1.072600,1.072740,1.073500,1.073700,1.072380,1.072500
2017/01/25 19:00:00,1.072740,1.073160,1.072130,1.073060,1.072500,1.072930,1.071890,1.072830
2017/01/25 19:30:00,1.073060,1.074280,1.073060,1.074240,1.072830,1.074050,1.072830,1.073990
2017/01/25 20:00:00,1.074240,1.075120,1.073730,1.074750,1.073990,1.074890,1.073510,1.074510
2017/01/25 20:30:00,1.074750,1.075400,1.074450,1.075340,1.074510,1.075150,1.074210,1.075100
2017/01/25 21:00:00,1.075340,1.075390,1.074830,1.074890,1.075100,1.075170,1.074600,1.074670
2017/01/25 21:30:00,1.074890,1.075570,1.074800,1.075090,1.074670,1.075290,1.074470,1.074480
2017/01/25 22:00:00,1.075090,1.075710,1.074680,1.075060,1.074480,1.075410,1.074450,1.074770
2017/01/25 22:30:00,1.075060,1.075330,1.074660,1.075220,1.074770,1.074950,1.074380,1.074800
2017/01/25 23:00:00,1.075220,1.075560,1.074800,1.074920,1.074800,1.075290,1.074530,1.074650
2017/01/25 23:30:00,1.074920,1.075450,1.074860,1.075390,1.074650,1.075210,1.074630,1.075160
2017/01/26 00:00:00,1.075390,1.076530,1.075300,1.075820,1.075160,1.076300,1.075070,1.075560
2017/01/26 00:30:00,1.075820,1.076630,1.075680,1.076410,1.075560,1.076390,1.075420,1.076180
2017/01/26 01:00:00,1.076410,1.076590,1.075900,1.076480,1.076180,1.076350,1.075650,1.076240
2017/01/26 01:30:00,1.076480,1.076690,1.075880,1.076080,1.076240,1.076460,1.075620,1.075840
2017/01/26 02:00:00,1.076080,1.076240,1.075590,1.075770,1.075840,1.076020,1.075350,1.075520
2017/01/26 02:30:00,1.075770,1.075890,1.075520,1.075840,1.075520,1.075650,1.075280,1.075600
2017/01/26 03:00:00,1.075840,1.076380,1.075690,1.075800,1.075600,1.076140,1.075450,1.075570
2017/01/26 03:30:00,1.075800,1.075990,1.075550,1.075810,1.075570,1.075750,1.075310,1.075580
2017/01/26 04:00:00,1.075810,1.076070,1.075660,1.075840,1.075580,1.075850,1.075410,1.075590
2017/01/26 04:30:00,1.075840,1.075920,1.075450,1.075850,1.075590,1.075680,1.075220,1.075610
2017/01/26 05:00:00,1.075850,1.076190,1.075790,1.075900,1.075610,1.075960,1.075540,1.075670
2017/01/26 05:30:00,1.075900,1.076000,1.075430,1.075700,1.075670,1.075770,1.075190,1.075460
2017/01/26 06:00:00,1.075700,1.075800,1.074370,1.074460,1.075460,1.075570,1.074140,1.074220
2017/01/26 06:30:00,1.074460,1.074800,1.074100,1.074330,1.074220,1.074560,1.073860,1.074090
2017/01/26 07:00:00,1.074330,1.074850,1.073850,1.074070,1.074090,1.074600,1.073590,1.073830
2017/01/26 07:30:00,1.074070,1.074320,1.073040,1.073210,1.073830,1.074080,1.072790,1.072950
2017/01/26 08:00:00,1.073210,1.074120,1.072760,1.074120,1.072950,1.073890,1.072520,1.073890
2017/01/26 08:30:00,1.074120,1.074520,1.073740,1.074090,1.073890,1.074270,1.073510,1.073840
2017/01/26 09:00:00,1.074090,1.074500,1.073490,1.073710,1.073840,1.074260,1.073250,1.073460
2017/01/26 09:30:00,1.073710,1.073740,1.071750,1.072240,1.073460,1.073500,1.071480,1.072000
2017/01/26 10:00:00,1.072240,1.072850,1.071800,1.071860,1.072000,1.072610,1.071570,1.071620
2017/01/26 10:30:00,1.071860,1.072270,1.071400,1.072210,1.071620,1.072030,1.071160,1.071970
2017/01/26 11:00:00,1.072210,1.073030,1.072070,1.073020,1.071970,1.072800,1.071830,1.072800
2017/01/26 11:30:00,1.073020,1.073460,1.072530,1.073250,1.072800,1.073230,1.072300,1.073010
2017/01/26 12:00:00,1.073250,1.073400,1.072310,1.072910,1.073010,1.073160,1.072080,1.072670
2017/01/26 12:30:00,1.072910,1.073390,1.070890,1.071160,1.072670,1.073180,1.070650,1.070940
2017/01/26 13:00:00,1.071160,1.071380,1.068980,1.069630,1.070940,1.071130,1.068760,1.069350
2017/01/26 13:30:00,1.069630,1.070810,1.069550,1.069830,1.069350,1.070570,1.069220,1.069590
2017/01/26 14:00:00,1.069830,1.070600,1.068230,1.068460,1.069590,1.070360,1.067990,1.068220
2017/01/26 14:30:00,1.068460,1.069290,1.067390,1.068720,1.068220,1.069050,1.067150,1.068440
2017/01/26 15:00:00,1.068720,1.069400,1.068120,1.068330,1.068440,1.069160,1.067890,1.068100
2017/01/26 15:30:00,1.068330,1.068460,1.067090,1.067250,1.068100,1.068230,1.066860,1.067020
2017/01/26 16:00:00,1.067250,1.067490,1.065950,1.066630,1.067020,1.067260,1.065710,1.066390
2017/01/26 16:30:00,1.066630,1.067160,1.065890,1.067040,1.066390,1.066910,1.065650,1.066800
2017/01/26 17:00:00,1.067040,1.068020,1.066840,1.067790,1.066800,1.067800,1.066630,1.067550
2017/01/26 17:30:00,1.067790,1.068970,1.067600,1.068800,1.067550,1.068740,1.067390,1.068560
2017/01/26 18:00:00,1.068800,1.069770,1.068630,1.069060,1.068560,1.069540,1.068390,1.068830
2017/01/26 18:30:00,1.069060,1.070190,1.068850,1.069710,1.068830,1.069940,1.068610,1.069500
2017/01/26 19:00:00,1.069710,1.069800,1.069260,1.069570,1.069500,1.069580,1.069030,1.069330
2017/01/26 19:30:00,1.069570,1.070540,1.069450,1.069940,1.069330,1.070300,1.069220,1.069740
2017/01/26 20:00:00,1.069940,1.069950,1.067940,1.069190,1.069740,1.069750,1.067690,1.068950
2017/01/26 20:30:00,1.069190,1.069400,1.067570,1.067700,1.068950,1.069150,1.067320,1.067460
2017/01/26 21:00:00,1.067700,1.068020,1.066720,1.067190,1.067460,1.067770,1.066480,1.066950
2017/01/26 21:30:00,1.067190,1.068500,1.066400,1.068430,1.066950,1.068130,1.066170,1.067880
2017/01/26 22:00:00,1.068430,1.069150,1.067710,1.068470,1.067880,1.068280,1.067150,1.067820
2017/01/26 22:30:00,1.068470,1.068910,1.068000,1.068170,1.067820,1.068210,1.067690,1.067840
2017/01/26 23:00:00,1.068170,1.068470,1.067620,1.068290,1.067840,1.068210,1.067330,1.068020
2017/01/26 23:30:00,1.068290,1.068510,1.067870,1.068470,1.068020,1.068260,1.067620,1.068230
2017/01/27 00:00:00,1.068470,1.068680,1.068100,1.068310,1.068230,1.068440,1.067860,1.068070
2017/01/27 00:30:00,1.068310,1.068820,1.068110,1.068420,1.068070,1.068580,1.067870,1.068190
2017/01/27 01:00:00,1.068420,1.068810,1.067360,1.067930,1.068190,1.068580,1.067120,1.067690
2017/01/27 01:30:00,1.067930,1.068570,1.067540,1.068390,1.067690,1.068320,1.067300,1.068150
2017/01/27 02:00:00,1.068390,1.069000,1.068210,1.068510,1.068150,1.068750,1.067970,1.068270
2017/01/27 02:30:00,1.068510,1.068600,1.067970,1.068200,1.068270,1.068360,1.067740,1.067990
2017/01/27 03:00:00,1.068200,1.068330,1.067580,1.067710,1.067990,1.068090,1.067330,1.067450
2017/01/27 03:30:00,1.067710,1.068120,1.067400,1.067650,1.067450,1.067880,1.067160,1.067410
2017/01/27 04:00:00,1.067650,1.067860,1.067360,1.067630,1.067410,1.067620,1.067130,1.067380
2017/01/27 04:30:00,1.067630,1.067760,1.067330,1.067570,1.067380,1.067520,1.067080,1.067330
2017/01/27 05:00:00,1.067570,1.067620,1.066940,1.067260,1.067330,1.067380,1.066700,1.067020
2017/01/27 05:30:00,1.067260,1.067540,1.067140,1.067300,1.067020,1.067300,1.066900,1.067070
2017/01/27 06:00:00,1.067300,1.067320,1.066510,1.066910,1.067070,1.067080,1.066270,1.066680
2017/01/27 06:30:00,1.066910,1.067460,1.066220,1.066600,1.066680,1.067210,1.065980,1.066360
2017/01/27 07:00:00,1.066600,1.067300,1.066270,1.066990,1.066360,1.067050,1.066040,1.066760
2017/01/27 07:30:00,1.066990,1.067690,1.065950,1.067540,1.066760,1.067430,1.065700,1.067270
2017/01/27 08:00:00,1.067540,1.068530,1.067310,1.067720,1.067270,1.068280,1.067060,1.067480
2017/01/27 08:30:00,1.067720,1.068570,1.067340,1.068230,1.067480,1.068360,1.067100,1.067980
2017/01/27 09:00:00,1.068230,1.069790,1.068190,1.069370,1.067980,1.069530,1.067940,1.069130
2017/01/27 09:30:00,1.069370,1.069970,1.069230,1.069430,1.069130,1.069740,1.068980,1.069180
2017/01/27 10:00:00,1.069430,1.069620,1.067990,1.068170,1.069180,1.069390,1.067760,1.067920
2017/01/27 10:30:00,1.068170,1.068650,1.067690,1.068390,1.067920,1.068400,1.067450,1.068150
2017/01/27 11:00:00,1.068390,1.069460,1.068220,1.069340,1.068150,1.069220,1.067980,1.069110
2017/01/27 11:30:00,1.069340,1.069850,1.069110,1.069490,1.069110,1.069600,1.068880,1.069250
2017/01/27 12:00:00,1.069490,1.069660,1.068630,1.068990,1.069250,1.069420,1.068400,1.068750
2017/01/27 12:30:00,1.068990,1.069060,1.067190,1.067580,1.068750,1.068820,1.066950,1.067360
2017/01/27 13:00:00,1.067580,1.068940,1.067460,1.068620,1.067360,1.068720,1.067230,1.068290
2017/01/27 13:30:00,1.068620,1.071010,1.068420,1.069970,1.068290,1.070760,1.068180,1.069740
2017/01/27 14:00:00,1.069970,1.072630,1.069880,1.070770,1.069740,1.072370,1.069640,1.070550
2017/01/27 14:30:00,1.070770,1.071620,1.070090,1.070390,1.070550,1.071380,1.069850,1.070100
2017/01/27 15:00:00,1.070390,1.071640,1.070080,1.071100,1.070100,1.071410,1.069870,1.070880
2017/01/27 15:30:00,1.071100,1.071550,1.070510,1.070720,1.070880,1.071320,1.070280,1.070490
2017/01/27 16:00:00,1.070720,1.071000,1.069100,1.069480,1.070490,1.070760,1.068860,1.069240
2017/01/27 16:30:00,1.069480,1.069800,1.069070,1.069110,1.069240,1.069560,1.068820,1.068860
2017/01/27 17:00:00,1.069110,1.069410,1.068600,1.068760,1.068860,1.069170,1.068370,1.068510
2017/01/27 17:30:00,1.068760,1.069100,1.068070,1.068380,1.068510,1.068860,1.067830,1.068160
2017/01/27 18:00:00,1.068380,1.069430,1.068020,1.069190,1.068160,1.069220,1.067780,1.068950
2017/01/27 18:30:00,1.069190,1.069220,1.068480,1.069110,1.068950,1.068980,1.068240,1.068860
2017/01/27 19:00:00,1.069110,1.069610,1.069030,1.069500,1.068860,1.069380,1.068790,1.069250
2017/01/27 19:30:00,1.069500,1.070100,1.069270,1.070010,1.069250,1.069840,1.069020,1.069770
2017/01/27 20:00:00,1.070010,1.070040,1.069270,1.070000,1.069770,1.069790,1.069040,1.069770
2017/01/27 20:30:00,1.070000,1.070060,1.069560,1.069710,1.069770,1.069820,1.069330,1.069470
2017/01/27 21:00:00,1.069710,1.069920,1.069450,1.069730,1.069470,1.069680,1.069210,1.069470
2017/01/27 21:30:00,1.069730,1.070210,1.069570,1.070210,1.069470,1.069800,1.068750,1.068930
2017/01/29 19:30:00,1.070210,1.071900,1.070210,1.071900,1.068930,1.070860,1.068930,1.070860
2017/01/29 20:00:00,1.071900,1.072520,1.071830,1.072280,1.070860,1.072030,1.070860,1.071570
2017/01/29 20:30:00,1.072280,1.072300,1.072200,1.072260,1.071570,1.071650,1.071570,1.071620
2017/01/29 21:00:00,1.072260,1.072560,1.071890,1.072200,1.071620,1.072050,1.071280,1.071740
2017/01/29 21:30:00,1.072200,1.073420,1.072060,1.072590,1.071740,1.073100,1.071370,1.072010
2017/01/29 22:00:00,1.072590,1.072610,1.071430,1.071900,1.072010,1.072010,1.070910,1.071250
2017/01/29 22:30:00,1.071900,1.071900,1.071420,1.071600,1.071250,1.071250,1.071000,1.071190
2017/01/29 23:00:00,1.071600,1.071830,1.070930,1.071520,1.071190,1.071580,1.070670,1.071270
2017/01/29 23:30:00,1.071520,1.071990,1.071150,1.071840,1.071270,1.071740,1.070860,1.071580
2017/01/30 00:00:00,1.071840,1.072850,1.071730,1.072400,1.071580,1.072590,1.071450,1.072140
2017/01/30 00:30:00,1.072400,1.072620,1.072040,1.072410,1.072140,1.072380,1.071790,1.072170
2017/01/30 01:00:00,1.072410,1.073500,1.072410,1.073410,1.072170,1.073250,1.072170,1.073160
2017/01/30 01:30:00,1.073410,1.074180,1.073190,1.073760,1.073160,1.073920,1.072960,1.073510
2017/01/30 02:00:00,1.073760,1.073820,1.073300,1.073360,1.073510,1.073570,1.073060,1.073110
2017/01/30 02:30:00,1.073360,1.073640,1.073150,1.073470,1.073110,1.073410,1.072890,1.073230
2017/01/30 03:00:00,1.073470,1.073970,1.073390,1.073550,1.073230,1.073740,1.073140,1.073310
2017/01/30 03:30:00,1.073550,1.073600,1.073170,1.073330,1.073310,1.073370,1.072940,1.073100
2017/01/30 04:00:00,1.073330,1.073670,1.073140,1.073420,1.073100,1.073430,1.072900,1.073170
2017/01/30 04:30:00,1.073420,1.073570,1.073020,1.073060,1.073170,1.073320,1.072790,1.072820
2017/01/30 05:00:00,1.073060,1.073340,1.072880,1.072900,1.072820,1.073090,1.072630,1.072660
2017/01/30 05:30:00,1.072900,1.072980,1.072470,1.072570,1.072660,1.072740,1.072220,1.072330
2017/01/30 06:00:00,1.072570,1.072680,1.072210,1.072420,1.072330,1.072440,1.071970,1.072190
2017/01/30 06:30:00,1.072420,1.072500,1.072050,1.072200,1.072190,1.072260,1.071820,1.071960
2017/01/30 07:00:00,1.072200,1.072230,1.071390,1.071490,1.071960,1.071990,1.071150,1.071260
2017/01/30 07:30:00,1.071490,1.071580,1.069960,1.070130,1.071260,1.071340,1.069710,1.069880
2017/01/30 08:00:00,1.070130,1.070320,1.069400,1.069920,1.069880,1.070070,1.069160,1.069670
2017/01/30 08:30:00,1.069920,1.070180,1.069580,1.069780,1.069670,1.069950,1.069350,1.069530
2017/01/30 09:00:00,1.069780,1.069890,1.068840,1.069170,1.069530,1.069650,1.068590,1.068930
2017/01/30 09:30:00,1.069170,1.069860,1.068950,1.069670,1.068930,1.069620,1.068700,1.069450
2017/01/30 10:00:00,1.069670,1.069840,1.069240,1.069570,1.069450,1.069620,1.069010,1.069330
2017/01/30 10:30:00,1.069570,1.070110,1.069130,1.069410,1.069330,1.069880,1.068890,1.069170
2017/01/30 11:00:00,1.069410,1.069530,1.068420,1.068420,1.069170,1.069300,1.068180,1.068190
2017/01/30 11:30:00,1.068420,1.068490,1.065730,1.066260,1.068190,1.068250,1.065430,1.066020
2017/01/30 12:00:00,1.066260,1.066660,1.063010,1.063780,1.066020,1.066420,1.062770,1.063550
2017/01/30 12:30:00,1.063780,1.064450,1.062760,1.063050,1.063550,1.064220,1.062510,1.062800
2017/01/30 13:00:00,1.063050,1.063680,1.062140,1.063620,1.062800,1.063410,1.061910,1.063350
2017/01/30 13:30:00,1.063620,1.064620,1.063080,1.064580,1.063350,1.064380,1.062850,1.064340
2017/01/30 14:00:00,1.064580,1.065300,1.064120,1.064260,1.064340,1.065060,1.063900,1.064020
2017/01/30 14:30:00,1.064260,1.066080,1.064260,1.066060,1.064020,1.065830,1.064020,1.065820
2017/01/30 15:00:00,1.066060,1.067490,1.065430,1.067290,1.065820,1.067260,1.065190,1.067050
2017/01/30 15:30:00,1.067290,1.069380,1.066840,1.068900,1.067050,1.069140,1.066600,1.068660
2017/01/30 16:00:00,1.068900,1.070040,1.068440,1.069620,1.068660,1.069770,1.068210,1.069370
2017/01/30 16:30:00,1.069620,1.069860,1.068060,1.068110,1.069370,1.069630,1.067830,1.067870
2017/01/30 17:00:00,1.068110,1.069820,1.067920,1.069810,1.067870,1.069580,1.067680,1.069570
2017/01/30 17:30:00,1.069810,1.071070,1.069270,1.069440,1.069570,1.070830,1.069020,1.069200
2017/01/30 18:00:00,1.069440,1.069940,1.068630,1.068730,1.069200,1.069700,1.068400,1.068500
2017/01/30 18:30:00,1.068730,1.069450,1.068610,1.069320,1.068500,1.069210,1.068380,1.069100
2017/01/30 19:00:00,1.069320,1.069530,1.068860,1.068870,1.069100,1.069280,1.068630,1.068640
2017/01/30 19:30:00,1.068870,1.069640,1.068700,1.069540,1.068640,1.069420,1.068490,1.069360
2017/01/30 20:00:00,1.069540,1.070140,1.069250,1.069680,1.069360,1.069900,1.069060,1.069430
2017/01/30 20:30:00,1.069680,1.069850,1.069140,1.069580,1.069430,1.069640,1.068900,1.069330
2017/01/30 21:00:00,1.069580,1.070080,1.069510,1.070070,1.069330,1.069830,1.069260,1.069830
2017/01/30 21:30:00,1.070070,1.070100,1.069490,1.069960,1.069830,1.069840,1.068950,1.069010
2017/01/30 22:00:00,1.069960,1.070190,1.069370,1.070020,1.069010,1.069820,1.069010,1.069700
2017/01/30 22:30:00,1.070020,1.070410,1.069700,1.070270,1.069700,1.070110,1.069340,1.069970
2017/01/30 23:00:00,1.070270,1.070870,1.070190,1.070310,1.069970,1.070620,1.069920,1.070070
2017/01/30 23:30:00,1.070310,1.071020,1.070300,1.070890,1.070070,1.070780,1.070050,1.070650
2017/01/31 00:00:00,1.070890,1.071040,1.069990,1.070190,1.070650,1.070800,1.069740,1.069930
2017/01/31 00:30:00,1.070190,1.070390,1.069660,1.069860,1.069930,1.070150,1.069390,1.069610
2017/01/31 01:00:00,1.069860,1.070120,1.069540,1.069670,1.069610,1.069880,1.069300,1.069420
2017/01/31 01:30:00,1.069670,1.069970,1.069370,1.069370,1.069420,1.069720,1.069120,1.069120
2017/01/31 02:00:00,1.069370,1.070180,1.069230,1.069860,1.069120,1.069930,1.068980,1.069610
2017/01/31 02:30:00,1.069860,1.070710,1.069520,1.070660,1.069610,1.070450,1.069270,1.070400
2017/01/31 03:00:00,1.070660,1.071390,1.069710,1.069940,1.070400,1.071170,1.069450,1.069680
2017/01/31 03:30:00,1.069940,1.070240,1.069610,1.069910,1.069680,1.070000,1.069350,1.069660
2017/01/31 04:00:00,1.069910,1.070530,1.069760,1.070040,1.069660,1.070290,1.069520,1.069800
2017/01/31 04:30:00,1.070040,1.070080,1.069380,1.069760,1.069800,1.069840,1.069130,1.069520
2017/01/31 05:00:00,1.069760,1.070450,1.069650,1.070260,1.069520,1.070210,1.069410,1.070010
2017/01/31 05:30:00,1.070260,1.070280,1.069790,1.070120,1.070010,1.070040,1.069560,1.069880
2017/01/31 06:00:00,1.070120,1.070590,1.069950,1.070230,1.069880,1.070350,1.069710,1.069980
2017/01/31 06:30:00,1.070230,1.070330,1.069250,1.069400,1.069980,1.070070,1.069010,1.069160
2017/01/31 07:00:00,1.069400,1.069620,1.068910,1.069260,1.069160,1.069390,1.068670,1.069020
2017/01/31 07:30:00,1.069260,1.070200,1.068570,1.070120,1.069020,1.069970,1.068330,1.069880
2017/01/31 08:00:00,1.070120,1.072630,1.069930,1.072260,1.069880,1.072400,1.069710,1.072020
2017/01/31 08:30:00,1.072260,1.072300,1.069820,1.070000,1.072020,1.072050,1.069590,1.069750
2017/01/31 09:00:00,1.070000,1.070570,1.069230,1.069530,1.069750,1.070350,1.068990,1.069290
2017/01/31 09:30:00,1.069530,1.071490,1.069350,1.071400,1.069290,1.071100,1.069110,1.071070
2017/01/31 10:00:00,1.071400,1.072060,1.070090,1.071300,1.071070,1.071810,1.069860,1.071070
2017/01/31 10:30:00,1.071300,1.071600,1.070100,1.070240,1.071070,1.071360,1.069880,1.070010
2017/01/31 11:00:00,1.070240,1.071190,1.070070,1.070690,1.070010,1.070950,1.069820,1.070450
2017/01/31 11:30:00,1.070690,1.075370,1.070590,1.075170,1.070450,1.075130,1.070360,1.074920
2017/01/31 12:00:00,1.075170,1.076550,1.075040,1.075850,1.074920,1.076330,1.074810,1.075620
2017/01/31 12:30:00,1.075850,1.076610,1.074870,1.074940,1.075620,1.076400,1.074650,1.074710
2017/01/31 13:00:00,1.074940,1.076070,1.074690,1.075360,1.074710,1.075850,1.074450,1.075120
2017/01/31 13:30:00,1.075360,1.076490,1.074410,1.075660,1.075120,1.076220,1.074160,1.075440
2017/01/31 14:00:00,1.075660,1.078150,1.074990,1.077850,1.075440,1.077950,1.074760,1.077620
2017/01/31 14:30:00,1.077850,1.079620,1.076850,1.079300,1.077620,1.079380,1.076620,1.079040
2017/01/31 15:00:00,1.079300,1.080280,1.078050,1.079010,1.079040,1.080020,1.077840,1.078790
2017/01/31 15:30:00,1.079010,1.081190,1.078590,1.081090,1.078790,1.080950,1.078340,1.080850
2017/01/31 16:00:00,1.081090,1.081370,1.078300,1.079190,1.080850,1.081120,1.078070,1.078960
2017/01/31 16:30:00,1.079190,1.079910,1.079070,1.079450,1.078960,1.079680,1.078820,1.079210
2017/01/31 17:00:00,1.079450,1.079800,1.077330,1.078260,1.079210,1.079590,1.077110,1.078040
2017/01/31 17:30:00,1.078260,1.078860,1.077900,1.078460,1.078040,1.078620,1.077670,1.078250
2017/01/31 18:00:00,1.078460,1.079160,1.078380,1.078860,1.078250,1.078920,1.078170,1.078630
2017/01/31 18:30:00,1.078860,1.079710,1.078770,1.079380,1.078630,1.079490,1.078540,1.079160
2017/01/31 19:00:00,1.079380,1.080860,1.079110,1.080490,1.079160,1.080620,1.078870,1.080260
2017/01/31 19:30:00,1.080490,1.081100,1.079730,1.080570,1.080260,1.080870,1.079490,1.080330
2017/01/31 20:00:00,1.080570,1.080590,1.078770,1.079070,1.080330,1.080350,1.078540,1.078830
2017/01/31 20:30:00,1.079070,1.079750,1.078910,1.079730,1.078830,1.079520,1.078690,1.079500
2017/01/31 21:00:00,1.079730,1.079760,1.079350,1.079600,1.079500,1.079520,1.079110,1.079350
2017/01/31 21:30:00,1.079600,1.080160,1.079550,1.079940,1.079350,1.079910,1.079290,1.079600
2017/01/31 22:00:00,1.079940,1.080000,1.079560,1.079740,1.079600,1.079700,1.079120,1.079270
2017/01/31 22:30:00,1.079740,1.079960,1.079280,1.079870,1.079270,1.079670,1.078800,1.079430
2017/01/31 23:00:00,1.079870,1.080620,1.079830,1.080260,1.079430,1.080330,1.079430,1.080020
2017/01/31 23:30:00,1.080260,1.080610,1.080080,1.080230,1.080020,1.080370,1.079840,1.080000
