StartDate,AskOpen,AskHigh,AskLow,AskClose,BidOpen,BidHigh,BidLow,BidClose
2017/12/01 00:00:00,1.189870,1.190300,1.189700,1.189970,1.189760,1.190180,1.189590,1.189860
2017/12/01 00:30:00,1.189970,1.191650,1.189820,1.190940,1.189860,1.191530,1.189710,1.190830
2017/12/01 01:00:00,1.190940,1.191210,1.190540,1.190960,1.190830,1.191090,1.190420,1.190840
2017/12/01 01:30:00,1.190960,1.191020,1.190270,1.190970,1.190840,1.190900,1.190150,1.190870
2017/12/01 02:00:00,1.190970,1.191280,1.190710,1.191060,1.190870,1.191190,1.190610,1.190950
2017/12/01 02:30:00,1.191060,1.191450,1.190700,1.190760,1.190950,1.191350,1.190600,1.190650
2017/12/01 03:00:00,1.190760,1.190970,1.190110,1.190660,1.190650,1.190850,1.189990,1.190560
2017/12/01 03:30:00,1.190660,1.191380,1.190520,1.191230,1.190560,1.191270,1.190410,1.191110
2017/12/01 04:00:00,1.191230,1.191390,1.190920,1.191380,1.191110,1.191270,1.190830,1.191270
2017/12/01 04:30:00,1.191380,1.191630,1.191110,1.191180,1.191270,1.191510,1.191000,1.191060
2017/12/01 05:00:00,1.191180,1.191990,1.191060,1.191830,1.191060,1.191900,1.190940,1.191720
2017/12/01 05:30:00,1.191830,1.193010,1.191750,1.192810,1.191720,1.192910,1.191650,1.192690
2017/12/01 06:00:00,1.192810,1.193350,1.191970,1.192260,1.192690,1.193240,1.191860,1.192140
2017/12/01 06:30:00,1.192260,1.192890,1.191900,1.192070,1.192140,1.192780,1.191790,1.191950
2017/12/01 07:00:00,1.192070,1.192280,1.191470,1.191490,1.191950,1.192180,1.191360,1.191390
2017/12/01 07:30:00,1.191490,1.191830,1.190750,1.191640,1.191390,1.191720,1.190650,1.191530
2017/12/01 08:00:00,1.191640,1.193640,1.191230,1.193260,1.191530,1.193540,1.191130,1.193150
2017/12/01 08:30:00,1.193260,1.194100,1.192730,1.192980,1.193150,1.193990,1.192620,1.192860
2017/12/01 09:00:00,1.192980,1.193040,1.191590,1.191840,1.192860,1.192910,1.191500,1.191740
2017/12/01 09:30:00,1.191840,1.192240,1.190120,1.190320,1.191740,1.192120,1.190020,1.190200
2017/12/01 10:00:00,1.190320,1.191000,1.189830,1.190660,1.190200,1.190890,1.189710,1.190540
2017/12/01 10:30:00,1.190660,1.191190,1.188430,1.188960,1.190540,1.191080,1.188310,1.188850
2017/12/01 11:00:00,1.188960,1.190500,1.188650,1.190130,1.188850,1.190390,1.188560,1.190010
2017/12/01 11:30:00,1.190130,1.190420,1.189590,1.190110,1.190010,1.190320,1.189480,1.190010
2017/12/01 12:00:00,1.190110,1.190130,1.189360,1.189650,1.190010,1.190020,1.189250,1.189540
2017/12/01 12:30:00,1.189650,1.190340,1.188830,1.189230,1.189540,1.190240,1.188720,1.189130
2017/12/01 13:00:00,1.189230,1.189390,1.188260,1.188400,1.189130,1.189340,1.188160,1.188310
2017/12/01 13:30:00,1.188400,1.188740,1.186380,1.186980,1.188310,1.188640,1.186280,1.186870
2017/12/01 14:00:00,1.186980,1.187510,1.186530,1.186760,1.186870,1.187400,1.186420,1.186660
2017/12/01 14:30:00,1.186760,1.187400,1.186150,1.186170,1.186660,1.187300,1.186000,1.186020
2017/12/01 15:00:00,1.186170,1.186780,1.185140,1.186680,1.186020,1.186660,1.185030,1.186580
2017/12/01 15:30:00,1.186680,1.187660,1.185730,1.186570,1.186580,1.187550,1.185610,1.186460
2017/12/01 16:00:00,1.186570,1.193470,1.186500,1.193220,1.186460,1.193360,1.186400,1.193110
2017/12/01 16:30:00,1.193220,1.193550,1.190420,1.190830,1.193110,1.193440,1.190320,1.190710
2017/12/01 17:00:00,1.190830,1.191490,1.189670,1.191170,1.190710,1.191390,1.189570,1.191050
2017/12/01 17:30:00,1.191170,1.191780,1.190160,1.190700,1.191050,1.191680,1.190060,1.190590
2017/12/01 18:00:00,1.190700,1.191110,1.189810,1.190100,1.190590,1.191020,1.189730,1.190010
2017/12/01 18:30:00,1.190100,1.190220,1.188670,1.189530,1.190010,1.190130,1.188600,1.189430
2017/12/01 19:00:00,1.189530,1.189900,1.188870,1.189100,1.189430,1.189800,1.188790,1.189010
2017/12/01 19:30:00,1.189100,1.190110,1.188580,1.189490,1.189010,1.190000,1.188480,1.189370
2017/12/01 20:00:00,1.189490,1.189650,1.189060,1.189520,1.189370,1.189530,1.188940,1.189390
2017/12/01 20:30:00,1.189520,1.189720,1.189080,1.189160,1.189390,1.189600,1.188960,1.189050
2017/12/01 21:00:00,1.189160,1.190060,1.189140,1.189960,1.189050,1.189960,1.189000,1.189850
2017/12/01 21:30:00,1.189960,1.190300,1.189700,1.190250,1.189850,1.189870,1.189420,1.189420
2017/12/03 19:30:00,1.190250,1.190250,1.186070,1.186810,1.189420,1.189420,1.185350,1.185990
2017/12/03 20:00:00,1.186810,1.186860,1.185360,1.185460,1.185990,1.186290,1.185020,1.185020
2017/12/03 20:30:00,1.185460,1.185680,1.185160,1.185610,1.185020,1.185440,1.184940,1.185440
2017/12/03 21:00:00,1.185610,1.186820,1.185610,1.186820,1.185440,1.186410,1.185430,1.186020
2017/12/03 21:30:00,1.186820,1.186820,1.186360,1.186510,1.186020,1.186230,1.185950,1.186000
2017/12/03 22:00:00,1.186510,1.187460,1.186270,1.186940,1.186000,1.187140,1.185910,1.186400
2017/12/03 22:30:00,1.186940,1.187300,1.186760,1.187080,1.186400,1.187020,1.186280,1.186810
2017/12/03 23:00:00,1.187080,1.187640,1.186840,1.187250,1.186810,1.187460,1.186700,1.187140
2017/12/03 23:30:00,1.187250,1.187290,1.185700,1.185720,1.187140,1.187170,1.185570,1.185610
2017/12/04 00:00:00,1.185720,1.187150,1.185660,1.186880,1.185610,1.187030,1.185550,1.186770
2017/12/04 00:30:00,1.186880,1.187340,1.186680,1.187130,1.186770,1.187230,1.186560,1.187020
2017/12/04 01:00:00,1.187130,1.187350,1.186730,1.187140,1.187020,1.187250,1.186610,1.187010
2017/12/04 01:30:00,1.187140,1.187660,1.187070,1.187530,1.187010,1.187550,1.186940,1.187430
2017/12/04 02:00:00,1.187530,1.187530,1.186900,1.186980,1.187430,1.187430,1.186800,1.186860
2017/12/04 02:30:00,1.186980,1.187340,1.186870,1.187340,1.186860,1.187230,1.186760,1.187230
2017/12/04 03:00:00,1.187340,1.187650,1.187200,1.187240,1.187230,1.187550,1.187090,1.187120
2017/12/04 03:30:00,1.187240,1.187300,1.187040,1.187140,1.187120,1.187190,1.186920,1.187020
2017/12/04 04:00:00,1.187140,1.187150,1.186820,1.186990,1.187020,1.187030,1.186700,1.186880
2017/12/04 04:30:00,1.186990,1.187240,1.186800,1.187160,1.186880,1.187110,1.186680,1.187040
2017/12/04 05:00:00,1.187160,1.187240,1.186850,1.187000,1.187040,1.187120,1.186740,1.186870
2017/12/04 05:30:00,1.187000,1.187200,1.186800,1.186830,1.186870,1.187100,1.186690,1.186720
2017/12/04 06:00:00,1.186830,1.187000,1.186550,1.186570,1.186720,1.186880,1.186440,1.186460
2017/12/04 06:30:00,1.186570,1.186710,1.186270,1.186570,1.186460,1.186610,1.186170,1.186460
2017/12/04 07:00:00,1.186570,1.186650,1.183690,1.184410,1.186460,1.186530,1.183580,1.184300
2017/12/04 07:30:00,1.184410,1.185330,1.183790,1.185030,1.184300,1.185220,1.183700,1.184910
2017/12/04 08:00:00,1.185030,1.187150,1.185010,1.186800,1.184910,1.187050,1.184900,1.186680
2017/12/04 08:30:00,1.186800,1.187920,1.186470,1.187290,1.186680,1.187810,1.186360,1.187170
2017/12/04 09:00:00,1.187290,1.187430,1.185580,1.185630,1.187170,1.187310,1.185480,1.185520
2017/12/04 09:30:00,1.185630,1.186380,1.185110,1.185500,1.185520,1.186280,1.185040,1.185380
2017/12/04 10:00:00,1.185500,1.186080,1.184420,1.184640,1.185380,1.185980,1.184310,1.184540
2017/12/04 10:30:00,1.184640,1.185220,1.184430,1.185000,1.184540,1.185110,1.184330,1.184890
2017/12/04 11:00:00,1.185000,1.185900,1.184760,1.185790,1.184890,1.185790,1.184650,1.185670
2017/12/04 11:30:00,1.185790,1.186220,1.185300,1.185880,1.185670,1.186110,1.185190,1.185770
2017/12/04 12:00:00,1.185880,1.185900,1.184810,1.185580,1.185770,1.185800,1.184700,1.185470
2017/12/04 12:30:00,1.185580,1.185840,1.184600,1.185700,1.185470,1.185730,1.184500,1.185590
2017/12/04 13:00:00,1.185700,1.186810,1.185440,1.186060,1.185590,1.186710,1.185330,1.185940
2017/12/04 13:30:00,1.186060,1.186550,1.184340,1.184620,1.185940,1.186440,1.184240,1.184520
2017/12/04 14:00:00,1.184620,1.184740,1.183410,1.184340,1.184520,1.184630,1.183310,1.184230
2017/12/04 14:30:00,1.184340,1.184450,1.183670,1.184350,1.184230,1.184320,1.183570,1.184220
2017/12/04 15:00:00,1.184350,1.184510,1.182980,1.183910,1.184220,1.184410,1.182870,1.183810
2017/12/04 15:30:00,1.183910,1.185340,1.183360,1.185030,1.183810,1.185250,1.183260,1.184910
2017/12/04 16:00:00,1.185030,1.186050,1.184620,1.185660,1.184910,1.185930,1.184500,1.185550
2017/12/04 16:30:00,1.185660,1.186020,1.184860,1.184860,1.185550,1.185910,1.184760,1.184760
2017/12/04 17:00:00,1.184860,1.185250,1.184590,1.184710,1.184760,1.185150,1.184500,1.184590
2017/12/04 17:30:00,1.184710,1.184880,1.184220,1.184440,1.184590,1.184770,1.184110,1.184340
2017/12/04 18:00:00,1.184440,1.185240,1.184360,1.185130,1.184340,1.185120,1.184270,1.185010
2017/12/04 18:30:00,1.185130,1.185140,1.184710,1.185030,1.185010,1.185040,1.184610,1.184910
2017/12/04 19:00:00,1.185030,1.185750,1.184910,1.185650,1.184910,1.185630,1.184800,1.185540
2017/12/04 19:30:00,1.185650,1.186020,1.185440,1.185660,1.185540,1.185920,1.185320,1.185540
2017/12/04 20:00:00,1.185660,1.185870,1.184810,1.185050,1.185540,1.185770,1.184710,1.184950
2017/12/04 20:30:00,1.185050,1.185900,1.184830,1.185700,1.184950,1.185810,1.184720,1.185580
2017/12/04 21:00:00,1.185700,1.186370,1.185690,1.186300,1.185580,1.186270,1.185580,1.186180
2017/12/04 21:30:00,1.186300,1.186920,1.186220,1.186720,1.186180,1.186790,1.186100,1.186410
2017/12/04 22:00:00,1.186720,1.186840,1.186250,1.186370,1.186410,1.186650,1.186150,1.186160
2017/12/04 22:30:00,1.186370,1.186930,1.186370,1.186890,1.186160,1.186800,1.186160,1.186750
2017/12/04 23:00:00,1.186890,1.187050,1.186700,1.186870,1.186750,1.186910,1.186570,1.186740
2017/12/04 23:30:00,1.186870,1.187130,1.186550,1.186850,1.186740,1.187000,1.186440,1.186750
2017/12/05 00:00:00,1.186850,1.186950,1.186420,1.186570,1.186750,1.186840,1.186310,1.186450
2017/12/05 00:30:00,1.186570,1.187310,1.186510,1.187120,1.186450,1.187210,1.186430,1.187010
2017/12/05 01:00:00,1.187120,1.187550,1.187090,1.187420,1.187010,1.187430,1.186990,1.187330
2017/12/05 01:30:00,1.187420,1.187480,1.186940,1.187360,1.187330,1.187360,1.186840,1.187240
2017/12/05 02:00:00,1.187360,1.187700,1.187060,1.187450,1.187240,1.187590,1.186980,1.187330
2017/12/05 02:30:00,1.187450,1.187730,1.187330,1.187440,1.187330,1.187630,1.187220,1.187340
2017/12/05 03:00:00,1.187440,1.187520,1.187210,1.187470,1.187340,1.187410,1.187090,1.187350
2017/12/05 03:30:00,1.187470,1.187620,1.187320,1.187580,1.187350,1.187500,1.187210,1.187460
2017/12/05 04:00:00,1.187580,1.187640,1.187370,1.187370,1.187460,1.187550,1.187250,1.187270
2017/12/05 04:30:00,1.187370,1.187430,1.186980,1.187010,1.187270,1.187320,1.186880,1.186900
2017/12/05 05:00:00,1.187010,1.187320,1.187000,1.187110,1.186900,1.187200,1.186880,1.186990
2017/12/05 05:30:00,1.187110,1.187140,1.186760,1.186800,1.186990,1.187020,1.186650,1.186680
2017/12/05 06:00:00,1.186800,1.186890,1.186490,1.186730,1.186680,1.186780,1.186390,1.186640
2017/12/05 06:30:00,1.186730,1.187050,1.186350,1.186740,1.186640,1.186940,1.186250,1.186630
2017/12/05 07:00:00,1.186740,1.187730,1.186470,1.186550,1.186630,1.187630,1.186350,1.186450
2017/12/05 07:30:00,1.186550,1.186660,1.185740,1.185860,1.186450,1.186560,1.185630,1.185760
2017/12/05 08:00:00,1.185860,1.186240,1.185050,1.185540,1.185760,1.186150,1.184940,1.185420
2017/12/05 08:30:00,1.185540,1.185550,1.184570,1.184890,1.185420,1.185440,1.184460,1.184790
2017/12/05 09:00:00,1.184890,1.185140,1.184250,1.185090,1.184790,1.185030,1.184130,1.184970
2017/12/05 09:30:00,1.185090,1.186010,1.184820,1.185380,1.184970,1.185900,1.184730,1.185250
2017/12/05 10:00:00,1.185380,1.185970,1.184980,1.185950,1.185250,1.185880,1.184870,1.185830
2017/12/05 10:30:00,1.185950,1.186750,1.185950,1.186350,1.185830,1.186640,1.185830,1.186230
2017/12/05 11:00:00,1.186350,1.187400,1.186180,1.187400,1.186230,1.187290,1.186070,1.187280
2017/12/05 11:30:00,1.187400,1.187440,1.186570,1.186640,1.187280,1.187340,1.186470,1.186520
2017/12/05 12:00:00,1.186640,1.186780,1.186220,1.186340,1.186520,1.186680,1.186120,1.186230
2017/12/05 12:30:00,1.186340,1.186520,1.184650,1.184790,1.186230,1.186410,1.184550,1.184680
2017/12/05 13:00:00,1.184790,1.184850,1.183970,1.184220,1.184680,1.184760,1.183870,1.184130
2017/12/05 13:30:00,1.184220,1.184620,1.182830,1.183540,1.184130,1.184500,1.182720,1.183430
2017/12/05 14:00:00,1.183540,1.183760,1.181350,1.182160,1.183430,1.183640,1.181250,1.182050
2017/12/05 14:30:00,1.182160,1.183550,1.182150,1.182950,1.182050,1.183440,1.182050,1.182820
2017/12/05 15:00:00,1.182950,1.184310,1.182530,1.183580,1.182820,1.184200,1.182420,1.183480
2017/12/05 15:30:00,1.183580,1.184360,1.182250,1.183320,1.183480,1.184240,1.182140,1.183210
2017/12/05 16:00:00,1.183320,1.183360,1.182130,1.182840,1.183210,1.183260,1.182030,1.182730
2017/12/05 16:30:00,1.182840,1.182840,1.180830,1.182110,1.182730,1.182730,1.180720,1.182000
2017/12/05 17:00:00,1.182110,1.182530,1.181810,1.181940,1.182000,1.182420,1.181700,1.181830
2017/12/05 17:30:00,1.181940,1.181960,1.180530,1.180630,1.181830,1.181850,1.180440,1.180520
2017/12/05 18:00:00,1.180630,1.180810,1.180100,1.180320,1.180520,1.180710,1.180030,1.180200
2017/12/05 18:30:00,1.180320,1.180830,1.180150,1.180780,1.180200,1.180730,1.180040,1.180680
2017/12/05 19:00:00,1.180780,1.181650,1.180730,1.181490,1.180680,1.181540,1.180640,1.181380
2017/12/05 19:30:00,1.181490,1.181880,1.181130,1.181470,1.181380,1.181770,1.181030,1.181350
2017/12/05 20:00:00,1.181470,1.182560,1.181420,1.182250,1.181350,1.182450,1.181300,1.182140
2017/12/05 20:30:00,1.182250,1.183020,1.182160,1.182440,1.182140,1.182910,1.182060,1.182330
2017/12/05 21:00:00,1.182440,1.182730,1.182420,1.182620,1.182330,1.182610,1.182310,1.182500
2017/12/05 21:30:00,1.182620,1.182890,1.182450,1.182690,1.182500,1.182780,1.182330,1.182470
2017/12/05 22:00:00,1.182690,1.183050,1.182610,1.182920,1.182470,1.182890,1.182410,1.182780
2017/12/05 22:30:00,1.182920,1.183090,1.182660,1.182950,1.182780,1.182940,1.182500,1.182820
2017/12/05 23:00:00,1.182950,1.183040,1.182710,1.182820,1.182820,1.182910,1.182580,1.182700
2017/12/05 23:30:00,1.182820,1.183210,1.182590,1.183120,1.182700,1.183090,1.182500,1.183010
2017/12/06 00:00:00,1.183120,1.183160,1.182350,1.182570,1.183010,1.183040,1.182240,1.182460
2017/12/06 00:30:00,1.182570,1.182680,1.181680,1.182160,1.182460,1.182560,1.181580,1.182030
2017/12/06 01:00:00,1.182160,1.183040,1.181960,1.182780,1.182030,1.182920,1.181850,1.182660
2017/12/06 01:30:00,1.182780,1.182990,1.182370,1.182700,1.182660,1.182880,1.182260,1.182590
2017/12/06 02:00:00,1.182700,1.183100,1.182660,1.182960,1.182590,1.183000,1.182540,1.182850
2017/12/06 02:30:00,1.182960,1.183110,1.182670,1.182810,1.182850,1.183000,1.182550,1.182690
2017/12/06 03:00:00,1.182810,1.183210,1.182800,1.182900,1.182690,1.183090,1.182680,1.182790
2017/12/06 03:30:00,1.182900,1.184870,1.182830,1.184330,1.182790,1.184760,1.182720,1.184220
2017/12/06 04:00:00,1.184330,1.184480,1.183880,1.184160,1.184220,1.184350,1.183760,1.184050
2017/12/06 04:30:00,1.184160,1.184490,1.183920,1.183930,1.184050,1.184410,1.183810,1.183810
2017/12/06 05:00:00,1.183930,1.184050,1.183650,1.184040,1.183810,1.183960,1.183530,1.183920
2017/12/06 05:30:00,1.184040,1.184550,1.183850,1.184470,1.183920,1.184460,1.183770,1.184360
2017/12/06 06:00:00,1.184470,1.184490,1.183950,1.183950,1.184360,1.184370,1.183830,1.183850
2017/12/06 06:30:00,1.183950,1.183990,1.183260,1.183430,1.183850,1.183900,1.183140,1.183310
2017/12/06 07:00:00,1.183430,1.184010,1.183160,1.183460,1.183310,1.183900,1.183040,1.183350
2017/12/06 07:30:00,1.183460,1.183500,1.181990,1.182390,1.183350,1.183380,1.181890,1.182290
2017/12/06 08:00:00,1.182390,1.183210,1.181400,1.181420,1.182290,1.183100,1.181300,1.181310
2017/12/06 08:30:00,1.181420,1.182520,1.181400,1.182300,1.181310,1.182410,1.181290,1.182190
2017/12/06 09:00:00,1.182300,1.182540,1.181290,1.181800,1.182190,1.182430,1.181180,1.181700
2017/12/06 09:30:00,1.181800,1.182690,1.181520,1.182420,1.181700,1.182570,1.181410,1.182300
2017/12/06 10:00:00,1.182420,1.183400,1.182410,1.183100,1.182300,1.183310,1.182300,1.182990
2017/12/06 10:30:00,1.183100,1.183230,1.182300,1.182920,1.182990,1.183110,1.182200,1.182810
2017/12/06 11:00:00,1.182920,1.182920,1.181550,1.182070,1.182810,1.182810,1.181450,1.181950
2017/12/06 11:30:00,1.182070,1.182070,1.180920,1.181320,1.181950,1.181980,1.180800,1.181210
2017/12/06 12:00:00,1.181320,1.181420,1.180730,1.181020,1.181210,1.181310,1.180620,1.180920
2017/12/06 12:30:00,1.181020,1.181630,1.180550,1.181380,1.180920,1.181510,1.180450,1.181270
2017/12/06 13:00:00,1.181380,1.182030,1.181060,1.181650,1.181270,1.181920,1.180960,1.181540
2017/12/06 13:30:00,1.181650,1.182430,1.180020,1.180830,1.181540,1.182330,1.179940,1.180730
2017/12/06 14:00:00,1.180830,1.180880,1.179660,1.180280,1.180730,1.180770,1.179550,1.180160
2017/12/06 14:30:00,1.180280,1.180850,1.178790,1.179070,1.180160,1.180740,1.178690,1.178980
2017/12/06 15:00:00,1.179070,1.179590,1.178600,1.179580,1.178980,1.179480,1.178500,1.179470
2017/12/06 15:30:00,1.179580,1.179990,1.178710,1.178890,1.179470,1.179870,1.178600,1.178770
2017/12/06 16:00:00,1.178890,1.179590,1.178150,1.178170,1.178770,1.179490,1.178050,1.178060
2017/12/06 16:30:00,1.178170,1.179200,1.178120,1.178930,1.178060,1.179100,1.178010,1.178820
2017/12/06 17:00:00,1.178930,1.179460,1.178440,1.179420,1.178820,1.179350,1.178330,1.179310
2017/12/06 17:30:00,1.179420,1.179540,1.179180,1.179360,1.179310,1.179430,1.179070,1.179260
2017/12/06 18:00:00,1.179360,1.179580,1.178940,1.179400,1.179260,1.179480,1.178830,1.179290
2017/12/06 18:30:00,1.179400,1.179810,1.179070,1.179290,1.179290,1.179710,1.178960,1.179170
2017/12/06 19:00:00,1.179290,1.179950,1.179160,1.179630,1.179170,1.179840,1.179060,1.179520
2017/12/06 19:30:00,1.179630,1.179750,1.179040,1.179200,1.179520,1.179640,1.178930,1.179080
2017/12/06 20:00:00,1.179200,1.179590,1.179090,1.179470,1.179080,1.179480,1.178980,1.179360
2017/12/06 20:30:00,1.179470,1.180140,1.179430,1.179650,1.179360,1.180020,1.179330,1.179530
2017/12/06 21:00:00,1.179650,1.179700,1.179230,1.179490,1.179530,1.179580,1.179140,1.179370
2017/12/06 21:30:00,1.179490,1.179730,1.179430,1.179660,1.179370,1.179610,1.179350,1.179510
2017/12/06 22:00:00,1.179660,1.180680,1.179530,1.180320,1.179510,1.180510,1.179280,1.180220
2017/12/06 22:30:00,1.180320,1.180400,1.180170,1.180350,1.180220,1.180300,1.179990,1.180240
2017/12/06 23:00:00,1.180350,1.180770,1.180350,1.180440,1.180240,1.180650,1.180210,1.180320
2017/12/06 23:30:00,1.180440,1.180950,1.180130,1.180480,1.180320,1.180830,1.180050,1.180350
2017/12/07 00:00:00,1.180480,1.180720,1.180270,1.180390,1.180350,1.180610,1.180160,1.180260
2017/12/07 00:30:00,1.180390,1.180520,1.179580,1.179660,1.180260,1.180400,1.179460,1.179550
2017/12/07 01:00:00,1.179660,1.179730,1.179340,1.179570,1.179550,1.179620,1.179210,1.179450
2017/12/07 01:30:00,1.179570,1.180190,1.179330,1.179900,1.179450,1.180080,1.179210,1.179790
2017/12/07 02:00:00,1.179900,1.180290,1.179640,1.179750,1.179790,1.180180,1.179530,1.179640
2017/12/07 02:30:00,1.179750,1.180320,1.179750,1.180020,1.179640,1.180200,1.179640,1.179910
2017/12/07 03:00:00,1.180020,1.180410,1.179960,1.180360,1.179910,1.180300,1.179850,1.180250
2017/12/07 03:30:00,1.180360,1.180570,1.180260,1.180480,1.180250,1.180460,1.180160,1.180350
2017/12/07 04:00:00,1.180480,1.180730,1.180150,1.180200,1.180350,1.180630,1.180030,1.180080
2017/12/07 04:30:00,1.180200,1.180400,1.179860,1.179870,1.180080,1.180280,1.179750,1.179750
2017/12/07 05:00:00,1.179870,1.180040,1.179650,1.179810,1.179750,1.179920,1.179530,1.179690
2017/12/07 05:30:00,1.179810,1.179920,1.178990,1.179270,1.179690,1.179790,1.178870,1.179150
2017/12/07 06:00:00,1.179270,1.179340,1.179000,1.179150,1.179150,1.179230,1.178880,1.179040
2017/12/07 06:30:00,1.179150,1.179380,1.178730,1.179360,1.179040,1.179270,1.178620,1.179250
2017/12/07 07:00:00,1.179360,1.179680,1.178800,1.179270,1.179250,1.179570,1.178700,1.179160
2017/12/07 07:30:00,1.179270,1.179770,1.179140,1.179590,1.179160,1.179650,1.179050,1.179470
2017/12/07 08:00:00,1.179590,1.180540,1.179130,1.179510,1.179470,1.180440,1.179030,1.179390
2017/12/07 08:30:00,1.179510,1.179650,1.178910,1.179160,1.179390,1.179550,1.178790,1.179050
2017/12/07 09:00:00,1.179160,1.179890,1.178950,1.179710,1.179050,1.179780,1.178840,1.179600
2017/12/07 09:30:00,1.179710,1.179760,1.178860,1.178980,1.179600,1.179640,1.178750,1.178860
2017/12/07 10:00:00,1.178980,1.179240,1.178050,1.178200,1.178860,1.179140,1.177940,1.178100
2017/12/07 10:30:00,1.178200,1.178400,1.177870,1.178000,1.178100,1.178290,1.177760,1.177890
2017/12/07 11:00:00,1.178000,1.178290,1.177650,1.178170,1.177890,1.178190,1.177560,1.178050
2017/12/07 11:30:00,1.178170,1.178930,1.178020,1.178860,1.178050,1.178840,1.177920,1.178740
2017/12/07 12:00:00,1.178860,1.179340,1.177910,1.178170,1.178740,1.179230,1.177800,1.178060
2017/12/07 12:30:00,1.178170,1.178480,1.177680,1.177800,1.178060,1.178370,1.177580,1.177690
2017/12/07 13:00:00,1.177800,1.179210,1.177710,1.179100,1.177690,1.179090,1.177600,1.178960
2017/12/07 13:30:00,1.179100,1.180140,1.178490,1.180010,1.178960,1.180040,1.178380,1.179900
2017/12/07 14:00:00,1.180010,1.180040,1.178870,1.179000,1.179900,1.179940,1.178780,1.178890
2017/12/07 14:30:00,1.179000,1.179920,1.178880,1.179750,1.178890,1.179830,1.178770,1.179640
2017/12/07 15:00:00,1.179750,1.179990,1.178830,1.179100,1.179640,1.179890,1.178720,1.179010
2017/12/07 15:30:00,1.179100,1.180100,1.178740,1.179020,1.179010,1.179980,1.178670,1.178920
2017/12/07 16:00:00,1.179020,1.180020,1.178710,1.179990,1.178920,1.179910,1.178620,1.179870
2017/12/07 16:30:00,1.179990,1.180040,1.178900,1.179010,1.179870,1.179940,1.178800,1.178890
2017/12/07 17:00:00,1.179010,1.179520,1.178680,1.178840,1.178890,1.179410,1.178570,1.178720
2017/12/07 17:30:00,1.178840,1.179900,1.178840,1.179790,1.178720,1.179810,1.178720,1.179670
2017/12/07 18:00:00,1.179790,1.181530,1.179690,1.180410,1.179670,1.181420,1.179580,1.180290
2017/12/07 18:30:00,1.180410,1.180460,1.179370,1.179690,1.180290,1.180350,1.179250,1.179580
2017/12/07 19:00:00,1.179690,1.179730,1.177890,1.177960,1.179580,1.179620,1.177780,1.177850
2017/12/07 19:30:00,1.177960,1.178110,1.177340,1.177360,1.177850,1.178000,1.177210,1.177260
2017/12/07 20:00:00,1.177360,1.177990,1.177360,1.177680,1.177260,1.177880,1.177260,1.177570
2017/12/07 20:30:00,1.177680,1.178150,1.177490,1.177520,1.177570,1.178050,1.177380,1.177400
2017/12/07 21:00:00,1.177520,1.177620,1.177270,1.177310,1.177400,1.177500,1.177170,1.177200
2017/12/07 21:30:00,1.177310,1.177520,1.177250,1.177350,1.177200,1.177420,1.177130,1.177210
2017/12/07 22:00:00,1.177350,1.177540,1.177310,1.177540,1.177210,1.177400,1.177140,1.177390
2017/12/07 22:30:00,1.177540,1.177740,1.177510,1.177640,1.177390,1.177580,1.177350,1.177500
2017/12/07 23:00:00,1.177640,1.177740,1.177180,1.177210,1.177500,1.177610,1.177090,1.177110
2017/12/07 23:30:00,1.177210,1.177560,1.177210,1.177310,1.177110,1.177440,1.177110,1.177220
2017/12/08 00:00:00,1.177310,1.177500,1.177240,1.177260,1.177220,1.177390,1.177120,1.177150
2017/12/08 00:30:00,1.177260,1.177300,1.176700,1.176910,1.177150,1.177190,1.176590,1.176790
2017/12/08 01:00:00,1.176910,1.176990,1.176650,1.176870,1.176790,1.176870,1.176540,1.176750
2017/12/08 01:30:00,1.176870,1.176870,1.176220,1.176390,1.176750,1.176760,1.176100,1.176270
2017/12/08 02:00:00,1.176390,1.176760,1.176360,1.176600,1.176270,1.176650,1.176240,1.176480
2017/12/08 02:30:00,1.176600,1.177000,1.176500,1.176750,1.176480,1.176890,1.176380,1.176630
2017/12/08 03:00:00,1.176750,1.176970,1.176580,1.176710,1.176630,1.176850,1.176470,1.176590
2017/12/08 03:30:00,1.176710,1.176900,1.176630,1.176800,1.176590,1.176790,1.176530,1.176690
2017/12/08 04:00:00,1.176800,1.176880,1.176510,1.176520,1.176690,1.176780,1.176390,1.176410
2017/12/08 04:30:00,1.176520,1.176660,1.176160,1.176240,1.176410,1.176550,1.176050,1.176140
2017/12/08 05:00:00,1.176240,1.176350,1.176140,1.176210,1.176140,1.176230,1.176030,1.176100
2017/12/08 05:30:00,1.176210,1.176680,1.176100,1.176580,1.176100,1.176580,1.175990,1.176470
2017/12/08 06:00:00,1.176580,1.176840,1.175680,1.175770,1.176470,1.176730,1.175570,1.175660
2017/12/08 06:30:00,1.175770,1.176360,1.175220,1.175280,1.175660,1.176240,1.175100,1.175160
2017/12/08 07:00:00,1.175280,1.175480,1.174330,1.175040,1.175160,1.175400,1.174210,1.174920
2017/12/08 07:30:00,1.175040,1.175380,1.174380,1.175170,1.174920,1.175270,1.174280,1.175060
2017/12/08 08:00:00,1.175170,1.175480,1.173600,1.174090,1.175060,1.175370,1.173570,1.173990
2017/12/08 08:30:00,1.174090,1.174460,1.173530,1.173590,1.173990,1.174370,1.173420,1.173480
2017/12/08 09:00:00,1.173590,1.174820,1.173560,1.173920,1.173480,1.174740,1.173460,1.173810
2017/12/08 09:30:00,1.173920,1.173940,1.173300,1.173730,1.173810,1.173860,1.173190,1.173620
2017/12/08 10:00:00,1.173730,1.174250,1.173490,1.174140,1.173620,1.174140,1.173380,1.174030
2017/12/08 10:30:00,1.174140,1.174470,1.173830,1.174440,1.174030,1.174370,1.173710,1.174330
2017/12/08 11:00:00,1.174440,1.174440,1.173430,1.173700,1.174330,1.174330,1.173330,1.173580
2017/12/08 11:30:00,1.173700,1.173990,1.173430,1.173860,1.173580,1.173870,1.173310,1.173750
2017/12/08 12:00:00,1.173860,1.174450,1.173160,1.174340,1.173750,1.174360,1.173060,1.174240
2017/12/08 12:30:00,1.174340,1.174630,1.173510,1.173580,1.174240,1.174530,1.173420,1.173480
2017/12/08 13:00:00,1.173580,1.174720,1.173320,1.174090,1.173480,1.174620,1.173230,1.173760
2017/12/08 13:30:00,1.174090,1.176950,1.173060,1.176320,1.173760,1.176830,1.172960,1.176210
2017/12/08 14:00:00,1.176320,1.177050,1.175590,1.176460,1.176210,1.176940,1.175490,1.176360
2017/12/08 14:30:00,1.176460,1.177080,1.175230,1.175780,1.176360,1.176980,1.175160,1.175570
2017/12/08 15:00:00,1.175780,1.175840,1.174810,1.175390,1.175570,1.175740,1.174720,1.175300
2017/12/08 15:30:00,1.175390,1.177240,1.174950,1.175150,1.175300,1.177150,1.174840,1.175040
2017/12/08 16:00:00,1.175150,1.176000,1.174720,1.175630,1.175040,1.175890,1.174620,1.175520
2017/12/08 16:30:00,1.175630,1.176690,1.175540,1.176120,1.175520,1.176590,1.175430,1.176010
2017/12/08 17:00:00,1.176120,1.176740,1.175870,1.176370,1.176010,1.176630,1.175760,1.176260
2017/12/08 17:30:00,1.176370,1.176450,1.175530,1.175680,1.176260,1.176340,1.175430,1.175570
2017/12/08 18:00:00,1.175680,1.176140,1.175610,1.176090,1.175570,1.176030,1.175510,1.175990
2017/12/08 18:30:00,1.176090,1.176620,1.176060,1.176440,1.175990,1.176510,1.175940,1.176320
2017/12/08 19:00:00,1.176440,1.176880,1.176380,1.176630,1.176320,1.176760,1.176270,1.176520
2017/12/08 19:30:00,1.176630,1.176840,1.176440,1.176800,1.176520,1.176730,1.176330,1.176680
2017/12/08 20:00:00,1.176800,1.177070,1.176760,1.176820,1.176680,1.176990,1.176650,1.176710
2017/12/08 20:30:00,1.176820,1.177020,1.176490,1.176510,1.176710,1.176910,1.176380,1.176410
2017/12/08 21:00:00,1.176510,1.176830,1.176510,1.176670,1.176410,1.176720,1.176400,1.176560
2017/12/08 21:30:00,1.176670,1.177770,1.176610,1.177770,1.176560,1.177310,1.176510,1.176890
2017/12/10 19:30:00,1.177770,1.177770,1.176560,1.176790,1.176890,1.176890,1.176100,1.176240
2017/12/10 20:00:00,1.176790,1.177110,1.176660,1.176970,1.176240,1.176310,1.176150,1.176310
2017/12/10 20:30:00,1.176970,1.176970,1.176560,1.176970,1.176310,1.176380,1.176200,1.176240
2017/12/10 21:00:00,1.176970,1.176970,1.176560,1.176560,1.176240,1.176370,1.176130,1.176180
2017/12/10 21:30:00,1.176560,1.176780,1.176540,1.176760,1.176180,1.176720,1.176180,1.176200
2017/12/10 22:00:00,1.176760,1.177190,1.176560,1.177000,1.176200,1.176780,1.176140,1.176780
2017/12/10 22:30:00,1.177000,1.177250,1.176720,1.177060,1.176780,1.176990,1.176570,1.176900
2017/12/10 23:00:00,1.177060,1.177260,1.176950,1.176950,1.176900,1.177130,1.176820,1.176820
2017/12/10 23:30:00,1.176950,1.177120,1.176690,1.176840,1.176820,1.176980,1.176560,1.176710
2017/12/11 00:00:00,1.176840,1.177380,1.176800,1.177180,1.176710,1.177270,1.176680,1.177060
2017/12/11 00:30:00,1.177180,1.177480,1.177000,1.177240,1.177060,1.177370,1.176880,1.177120
2017/12/11 01:00:00,1.177240,1.177850,1.177230,1.177690,1.177120,1.177740,1.177120,1.177570
2017/12/11 01:30:00,1.177690,1.177830,1.177380,1.177760,1.177570,1.177700,1.177260,1.177630
2017/12/11 02:00:00,1.177760,1.177840,1.177680,1.177810,1.177630,1.177720,1.177560,1.177690
2017/12/11 02:30:00,1.177810,1.177860,1.177580,1.177780,1.177690,1.177750,1.177460,1.177660
2017/12/11 03:00:00,1.177780,1.178470,1.177760,1.178340,1.177660,1.178390,1.177620,1.178210
2017/12/11 03:30:00,1.178340,1.178440,1.178090,1.178150,1.178210,1.178310,1.177980,1.178040
2017/12/11 04:00:00,1.178150,1.178150,1.177740,1.177790,1.178040,1.178040,1.177630,1.177670
2017/12/11 04:30:00,1.177790,1.178010,1.177650,1.177950,1.177670,1.177890,1.177540,1.177820
2017/12/11 05:00:00,1.177950,1.178350,1.177830,1.178330,1.177820,1.178240,1.177720,1.178220
2017/12/11 05:30:00,1.178330,1.178510,1.178030,1.178080,1.178220,1.178390,1.177930,1.177960
2017/12/11 06:00:00,1.178080,1.178690,1.177940,1.178280,1.177960,1.178570,1.177830,1.178180
2017/12/11 06:30:00,1.178280,1.178450,1.177870,1.177940,1.178180,1.178340,1.177770,1.177820
2017/12/11 07:00:00,1.177940,1.179160,1.177830,1.178750,1.177820,1.179050,1.177730,1.178640
2017/12/11 07:30:00,1.178750,1.178950,1.178180,1.178340,1.178640,1.178850,1.178080,1.178240
2017/12/11 08:00:00,1.178340,1.179390,1.177580,1.179110,1.178240,1.179270,1.177470,1.179000
2017/12/11 08:30:00,1.179110,1.179710,1.178650,1.179440,1.179000,1.179600,1.178570,1.179340
2017/12/11 09:00:00,1.179440,1.179690,1.178900,1.179480,1.179340,1.179580,1.178790,1.179360
2017/12/11 09:30:00,1.179480,1.180130,1.179380,1.179780,1.179360,1.180020,1.179270,1.179700
2017/12/11 10:00:00,1.179780,1.180140,1.179380,1.179450,1.179700,1.180040,1.179270,1.179340
2017/12/11 10:30:00,1.179450,1.180040,1.179330,1.179870,1.179340,1.179930,1.179230,1.179760
2017/12/11 11:00:00,1.179870,1.180400,1.179030,1.179350,1.179760,1.180280,1.178920,1.179240
2017/12/11 11:30:00,1.179350,1.179670,1.178920,1.179210,1.179240,1.179560,1.178810,1.179110
2017/12/11 12:00:00,1.179210,1.179530,1.178940,1.179470,1.179110,1.179420,1.178840,1.179360
2017/12/11 12:30:00,1.179470,1.179820,1.179190,1.179390,1.179360,1.179710,1.179090,1.179320
2017/12/11 13:00:00,1.179390,1.179640,1.178360,1.178430,1.179320,1.179550,1.178250,1.178320
2017/12/11 13:30:00,1.178430,1.178950,1.177720,1.177880,1.178320,1.178840,1.177620,1.177770
2017/12/11 14:00:00,1.177880,1.178730,1.177790,1.178620,1.177770,1.178620,1.177690,1.178520
2017/12/11 14:30:00,1.178620,1.179670,1.178450,1.179580,1.178520,1.179580,1.178340,1.179470
2017/12/11 15:00:00,1.179580,1.181230,1.179430,1.179960,1.179470,1.181120,1.179320,1.179850
2017/12/11 15:30:00,1.179960,1.180480,1.179250,1.179600,1.179850,1.180380,1.179150,1.179480
2017/12/11 16:00:00,1.179600,1.180580,1.179460,1.180250,1.179480,1.180480,1.179350,1.180140
2017/12/11 16:30:00,1.180250,1.180730,1.179690,1.180170,1.180140,1.180620,1.179600,1.180060
2017/12/11 17:00:00,1.180170,1.180190,1.179430,1.179580,1.180060,1.180090,1.179320,1.179460
2017/12/11 17:30:00,1.179580,1.179810,1.178720,1.179240,1.179460,1.179690,1.178610,1.179130
2017/12/11 18:00:00,1.179240,1.179400,1.178420,1.179060,1.179130,1.179280,1.178320,1.178960
2017/12/11 18:30:00,1.179060,1.179450,1.178930,1.179250,1.178960,1.179340,1.178830,1.179140
2017/12/11 19:00:00,1.179250,1.179490,1.178980,1.179100,1.179140,1.179380,1.178880,1.178980
2017/12/11 19:30:00,1.179100,1.179100,1.178370,1.178680,1.178980,1.178980,1.178270,1.178580
2017/12/11 20:00:00,1.178680,1.178800,1.178250,1.178580,1.178580,1.178680,1.178160,1.178480
2017/12/11 20:30:00,1.178580,1.178710,1.177210,1.177340,1.178480,1.178610,1.177110,1.177220
2017/12/11 21:00:00,1.177340,1.177540,1.176450,1.176910,1.177220,1.177430,1.176370,1.176800
2017/12/11 21:30:00,1.176910,1.177180,1.176810,1.176940,1.176800,1.177060,1.176720,1.176800
2017/12/11 22:00:00,1.176940,1.177510,1.176940,1.177330,1.176800,1.177340,1.176730,1.177160
2017/12/11 22:30:00,1.177330,1.177560,1.177180,1.177380,1.177160,1.177380,1.177020,1.177210
2017/12/11 23:00:00,1.177380,1.177880,1.177300,1.177770,1.177210,1.177750,1.177170,1.177660
2017/12/11 23:30:00,1.177770,1.177890,1.177630,1.177690,1.177660,1.177780,1.177500,1.177560
2017/12/12 00:00:00,1.177690,1.177830,1.177320,1.177390,1.177560,1.177720,1.177210,1.177270
2017/12/12 00:30:00,1.177390,1.177710,1.177220,1.177610,1.177270,1.177590,1.177100,1.177500
2017/12/12 01:00:00,1.177610,1.178050,1.177600,1.177720,1.177500,1.177930,1.177500,1.177620
2017/12/12 01:30:00,1.177720,1.177860,1.176940,1.176990,1.177620,1.177740,1.176820,1.176880
2017/12/12 02:00:00,1.176990,1.177050,1.176510,1.176750,1.176880,1.176930,1.176400,1.176630
2017/12/12 02:30:00,1.176750,1.176990,1.176710,1.176920,1.176630,1.176870,1.176600,1.176800
2017/12/12 03:00:00,1.176920,1.177230,1.176850,1.177200,1.176800,1.177120,1.176730,1.177100
2017/12/12 03:30:00,1.177200,1.177230,1.176890,1.176930,1.177100,1.177130,1.176770,1.176830
2017/12/12 04:00:00,1.176930,1.177240,1.176830,1.177050,1.176830,1.177130,1.176720,1.176930
2017/12/12 04:30:00,1.177050,1.177260,1.176960,1.177260,1.176930,1.177150,1.176840,1.177140
2017/12/12 05:00:00,1.177260,1.177580,1.177250,1.177520,1.177140,1.177460,1.177120,1.177400
2017/12/12 05:30:00,1.177520,1.177610,1.177290,1.177370,1.177400,1.177500,1.177180,1.177250
2017/12/12 06:00:00,1.177370,1.177670,1.177290,1.177460,1.177250,1.177560,1.177170,1.177340
2017/12/12 06:30:00,1.177460,1.177980,1.177430,1.177680,1.177340,1.177860,1.177330,1.177580
2017/12/12 07:00:00,1.177680,1.178250,1.177580,1.178010,1.177580,1.178150,1.177470,1.177900
2017/12/12 07:30:00,1.178010,1.178480,1.177210,1.177210,1.177900,1.178390,1.177090,1.177090
2017/12/12 08:00:00,1.177210,1.178780,1.177060,1.178770,1.177090,1.178700,1.176950,1.178700
2017/12/12 08:30:00,1.178770,1.179340,1.178430,1.179150,1.178700,1.179220,1.178320,1.179040
2017/12/12 09:00:00,1.179150,1.179180,1.177830,1.178020,1.179040,1.179080,1.177710,1.177910
2017/12/12 09:30:00,1.178020,1.178540,1.177920,1.178440,1.177910,1.178430,1.177840,1.178300
2017/12/12 10:00:00,1.178440,1.178680,1.177150,1.177180,1.178300,1.178560,1.177040,1.177060
2017/12/12 10:30:00,1.177180,1.178040,1.177130,1.177670,1.177060,1.177930,1.177020,1.177560
2017/12/12 11:00:00,1.177670,1.178160,1.177180,1.177250,1.177560,1.178050,1.177080,1.177140
2017/12/12 11:30:00,1.177250,1.177700,1.177230,1.177580,1.177140,1.177600,1.177140,1.177470
2017/12/12 12:00:00,1.177580,1.177980,1.177300,1.177410,1.177470,1.177870,1.177180,1.177310
2017/12/12 12:30:00,1.177410,1.177500,1.176970,1.177490,1.177310,1.177400,1.176870,1.177380
2017/12/12 13:00:00,1.177490,1.177490,1.176490,1.176790,1.177380,1.177380,1.176390,1.176630
2017/12/12 13:30:00,1.176790,1.176820,1.175030,1.175120,1.176630,1.176640,1.174930,1.175010
2017/12/12 14:00:00,1.175120,1.175260,1.173590,1.173890,1.175010,1.175160,1.173490,1.173770
2017/12/12 14:30:00,1.173890,1.174640,1.173760,1.174270,1.173770,1.174520,1.173640,1.174170
2017/12/12 15:00:00,1.174270,1.174400,1.173580,1.173770,1.174170,1.174290,1.173470,1.173660
2017/12/12 15:30:00,1.173770,1.173820,1.172260,1.173020,1.173660,1.173710,1.172160,1.172910
2017/12/12 16:00:00,1.173020,1.173130,1.172210,1.172730,1.172910,1.173030,1.172120,1.172620
2017/12/12 16:30:00,1.172730,1.172750,1.171810,1.172440,1.172620,1.172640,1.171710,1.172330
2017/12/12 17:00:00,1.172440,1.173830,1.172090,1.173790,1.172330,1.173740,1.171990,1.173690
2017/12/12 17:30:00,1.173790,1.173930,1.172170,1.172410,1.173690,1.173820,1.172080,1.172310
2017/12/12 18:00:00,1.172410,1.173370,1.172150,1.173040,1.172310,1.173280,1.172040,1.172940
2017/12/12 18:30:00,1.173040,1.173630,1.172980,1.173040,1.172940,1.173530,1.172890,1.172930
2017/12/12 19:00:00,1.173040,1.173570,1.173040,1.173220,1.172930,1.173470,1.172920,1.173110
2017/12/12 19:30:00,1.173220,1.174150,1.173100,1.173910,1.173110,1.174040,1.172990,1.173800
2017/12/12 20:00:00,1.173910,1.174310,1.173830,1.174140,1.173800,1.174200,1.173720,1.174020
2017/12/12 20:30:00,1.174140,1.174650,1.174080,1.174580,1.174020,1.174560,1.173970,1.174470
2017/12/12 21:00:00,1.174580,1.174940,1.174520,1.174790,1.174470,1.174820,1.174420,1.174680
2017/12/12 21:30:00,1.174790,1.174790,1.174050,1.174260,1.174680,1.174680,1.173940,1.174130
2017/12/12 22:00:00,1.174260,1.174350,1.173640,1.173920,1.174130,1.174130,1.173490,1.173780
2017/12/12 22:30:00,1.173920,1.173970,1.173720,1.173770,1.173780,1.173780,1.173560,1.173630
2017/12/12 23:00:00,1.173770,1.174260,1.173650,1.174250,1.173630,1.174140,1.173520,1.174140
2017/12/12 23:30:00,1.174250,1.174360,1.174210,1.174280,1.174140,1.174250,1.174100,1.174170
2017/12/13 00:00:00,1.174280,1.174620,1.174260,1.174360,1.174170,1.174520,1.174140,1.174250
2017/12/13 00:30:00,1.174360,1.174880,1.174320,1.174810,1.174250,1.174760,1.174200,1.174710
2017/12/13 01:00:00,1.174810,1.174860,1.174460,1.174540,1.174710,1.174750,1.174360,1.174420
2017/12/13 01:30:00,1.174540,1.174650,1.174310,1.174370,1.174420,1.174550,1.174200,1.174250
2017/12/13 02:00:00,1.174370,1.174950,1.174300,1.174920,1.174250,1.174840,1.174200,1.174810
2017/12/13 02:30:00,1.174920,1.174980,1.174730,1.174880,1.174810,1.174860,1.174600,1.174760
2017/12/13 03:00:00,1.174880,1.175950,1.174780,1.175910,1.174760,1.175840,1.174660,1.175790
2017/12/13 03:30:00,1.175910,1.176260,1.175790,1.175840,1.175790,1.176160,1.175670,1.175740
2017/12/13 04:00:00,1.175840,1.175850,1.175440,1.175460,1.175740,1.175740,1.175320,1.175340
2017/12/13 04:30:00,1.175460,1.175540,1.175390,1.175450,1.175340,1.175430,1.175270,1.175330
2017/12/13 05:00:00,1.175450,1.175650,1.175420,1.175610,1.175330,1.175530,1.175310,1.175500
2017/12/13 05:30:00,1.175610,1.175920,1.175500,1.175530,1.175500,1.175800,1.175380,1.175420
2017/12/13 06:00:00,1.175530,1.176020,1.175520,1.176020,1.175420,1.175910,1.175410,1.175910
2017/12/13 06:30:00,1.176020,1.176330,1.175480,1.175650,1.175910,1.176230,1.175360,1.175570
2017/12/13 07:00:00,1.175650,1.175670,1.174510,1.174690,1.175570,1.175570,1.174410,1.174590
2017/12/13 07:30:00,1.174690,1.174730,1.173860,1.173890,1.174590,1.174610,1.173750,1.173790
2017/12/13 08:00:00,1.173890,1.174500,1.173820,1.174400,1.173790,1.174400,1.173710,1.174280
2017/12/13 08:30:00,1.174400,1.174850,1.174170,1.174180,1.174280,1.174740,1.174060,1.174060
2017/12/13 09:00:00,1.174180,1.175020,1.173960,1.174920,1.174060,1.174920,1.173870,1.174810
2017/12/13 09:30:00,1.174920,1.175320,1.174110,1.174970,1.174810,1.175220,1.174010,1.174870
2017/12/13 10:00:00,1.174970,1.175490,1.174740,1.174900,1.174870,1.175400,1.174630,1.174780
2017/12/13 10:30:00,1.174900,1.175180,1.174680,1.175160,1.174780,1.175070,1.174560,1.175050
2017/12/13 11:00:00,1.175160,1.175200,1.174460,1.174510,1.175050,1.175100,1.174360,1.174400
2017/12/13 11:30:00,1.174510,1.174520,1.173870,1.174000,1.174400,1.174410,1.173760,1.173880
2017/12/13 12:00:00,1.174000,1.174340,1.173400,1.173580,1.173880,1.174230,1.173290,1.173470
2017/12/13 12:30:00,1.173580,1.174070,1.173060,1.174070,1.173470,1.173970,1.172960,1.173960
2017/12/13 13:00:00,1.174070,1.174170,1.173000,1.173660,1.173960,1.174060,1.172900,1.173460
2017/12/13 13:30:00,1.173660,1.177150,1.173570,1.175840,1.173460,1.177040,1.173380,1.175720
2017/12/13 14:00:00,1.175840,1.176020,1.175200,1.175960,1.175720,1.175930,1.175090,1.175880
2017/12/13 14:30:00,1.175960,1.176290,1.174820,1.175170,1.175880,1.176190,1.174710,1.175070
2017/12/13 15:00:00,1.175170,1.176540,1.175100,1.175860,1.175070,1.176440,1.175000,1.175750
2017/12/13 15:30:00,1.175860,1.176310,1.174940,1.175820,1.175750,1.176190,1.174850,1.175720
2017/12/13 16:00:00,1.175820,1.176780,1.175550,1.176620,1.175720,1.176670,1.175440,1.176520
2017/12/13 16:30:00,1.176620,1.176900,1.175630,1.176110,1.176520,1.176800,1.175540,1.176010
2017/12/13 17:00:00,1.176110,1.176710,1.175770,1.176490,1.176010,1.176590,1.175660,1.176380
2017/12/13 17:30:00,1.176490,1.177120,1.176200,1.176340,1.176380,1.177010,1.176080,1.176240
2017/12/13 18:00:00,1.176340,1.177090,1.176330,1.177090,1.176240,1.176980,1.176240,1.176980
2017/12/13 18:30:00,1.177090,1.177970,1.176970,1.177800,1.176980,1.177850,1.176850,1.177220
2017/12/13 19:00:00,1.177800,1.180260,1.176710,1.178910,1.177220,1.180160,1.176600,1.178800
2017/12/13 19:30:00,1.178910,1.182400,1.178180,1.182100,1.178800,1.182300,1.178100,1.182000
2017/12/13 20:00:00,1.182100,1.182610,1.181330,1.182070,1.182000,1.182500,1.181230,1.181960
2017/12/13 20:30:00,1.182070,1.182650,1.181610,1.182540,1.181960,1.182540,1.181510,1.182430
2017/12/13 21:00:00,1.182540,1.182760,1.182190,1.182710,1.182430,1.182640,1.182080,1.182600
2017/12/13 21:30:00,1.182710,1.183230,1.182610,1.182660,1.182600,1.183100,1.182410,1.182530
2017/12/13 22:00:00,1.182660,1.183140,1.182490,1.182860,1.182530,1.183010,1.182150,1.182680
2017/12/13 22:30:00,1.182860,1.183620,1.182340,1.182660,1.182680,1.183440,1.182190,1.182510
2017/12/13 23:00:00,1.182660,1.184010,1.182240,1.183710,1.182510,1.183870,1.182100,1.183580
2017/12/13 23:30:00,1.183710,1.184110,1.183490,1.183700,1.183580,1.184000,1.183370,1.183580
2017/12/14 00:00:00,1.183700,1.183750,1.182930,1.182940,1.183580,1.183630,1.182820,1.182820
2017/12/14 00:30:00,1.182940,1.184090,1.182930,1.184020,1.182820,1.183990,1.182800,1.183910
2017/12/14 01:00:00,1.184020,1.184390,1.183920,1.184210,1.183910,1.184270,1.183800,1.184100
2017/12/14 01:30:00,1.184210,1.184430,1.183820,1.184280,1.184100,1.184340,1.183720,1.184180
2017/12/14 02:00:00,1.184280,1.184290,1.183440,1.183610,1.184180,1.184180,1.183320,1.183500
2017/12/14 02:30:00,1.183610,1.183790,1.183230,1.183290,1.183500,1.183680,1.183120,1.183170
2017/12/14 03:00:00,1.183290,1.183830,1.183160,1.183580,1.183170,1.183710,1.183040,1.183470
2017/12/14 03:30:00,1.183580,1.183670,1.183410,1.183590,1.183470,1.183550,1.183290,1.183470
2017/12/14 04:00:00,1.183590,1.183880,1.183450,1.183460,1.183470,1.183760,1.183340,1.183340
2017/12/14 04:30:00,1.183460,1.183480,1.183120,1.183300,1.183340,1.183360,1.183010,1.183190
2017/12/14 05:00:00,1.183300,1.183520,1.183010,1.183020,1.183190,1.183410,1.182890,1.182890
2017/12/14 05:30:00,1.183020,1.183140,1.182630,1.182740,1.182890,1.183020,1.182510,1.182630
2017/12/14 06:00:00,1.182740,1.182740,1.182150,1.182170,1.182630,1.182630,1.182030,1.182040
2017/12/14 06:30:00,1.182170,1.182520,1.181940,1.182410,1.182040,1.182410,1.181820,1.182300
2017/12/14 07:00:00,1.182410,1.182630,1.181780,1.182450,1.182300,1.182520,1.181670,1.182330
2017/12/14 07:30:00,1.182450,1.182630,1.181150,1.181860,1.182330,1.182510,1.181030,1.181750
2017/12/14 08:00:00,1.181860,1.183400,1.181760,1.183070,1.181750,1.183300,1.181630,1.182950
2017/12/14 08:30:00,1.183070,1.183840,1.182610,1.182710,1.182950,1.183730,1.182500,1.182590
2017/12/14 09:00:00,1.182710,1.182880,1.181770,1.182400,1.182590,1.182790,1.181660,1.182310
2017/12/14 09:30:00,1.182400,1.183010,1.181310,1.181980,1.182310,1.182890,1.181190,1.181870
2017/12/14 10:00:00,1.181980,1.182600,1.181710,1.182010,1.181870,1.182510,1.181610,1.181900
2017/12/14 10:30:00,1.182010,1.183490,1.181270,1.183480,1.181900,1.183390,1.181160,1.183370
2017/12/14 11:00:00,1.183480,1.183780,1.182320,1.182560,1.183370,1.183690,1.182220,1.182440
2017/12/14 11:30:00,1.182560,1.183300,1.182090,1.182570,1.182440,1.183180,1.181980,1.182460
2017/12/14 12:00:00,1.182570,1.184240,1.182430,1.183920,1.182460,1.184130,1.182320,1.183820
2017/12/14 12:30:00,1.183920,1.184530,1.182560,1.183310,1.183820,1.184430,1.182460,1.183210
2017/12/14 13:00:00,1.183310,1.184890,1.183220,1.184470,1.183210,1.184790,1.183120,1.184250
2017/12/14 13:30:00,1.184470,1.186320,1.181660,1.182150,1.184250,1.186230,1.181570,1.182040
2017/12/14 14:00:00,1.182150,1.182740,1.180090,1.180330,1.182040,1.182640,1.179970,1.180220
2017/12/14 14:30:00,1.180330,1.181480,1.179510,1.180220,1.180220,1.181400,1.179390,1.180120
2017/12/14 15:00:00,1.180220,1.180690,1.178210,1.178390,1.180120,1.180580,1.178130,1.178290
2017/12/14 15:30:00,1.178390,1.178410,1.177130,1.177820,1.178290,1.178320,1.177060,1.177720
2017/12/14 16:00:00,1.177820,1.178330,1.177130,1.177440,1.177720,1.178230,1.177040,1.177340
2017/12/14 16:30:00,1.177440,1.178400,1.177130,1.177760,1.177340,1.178340,1.177020,1.177650
2017/12/14 17:00:00,1.177760,1.178150,1.177240,1.178130,1.177650,1.178040,1.177140,1.178020
2017/12/14 17:30:00,1.178130,1.179030,1.177980,1.178850,1.178020,1.178920,1.177870,1.178750
2017/12/14 18:00:00,1.178850,1.180080,1.178430,1.179490,1.178750,1.179960,1.178320,1.179370
2017/12/14 18:30:00,1.179490,1.180060,1.179110,1.179790,1.179370,1.179940,1.178990,1.179680
2017/12/14 19:00:00,1.179790,1.180200,1.179530,1.180120,1.179680,1.180090,1.179420,1.180000
2017/12/14 19:30:00,1.180120,1.180170,1.179120,1.179260,1.180000,1.180070,1.179020,1.179150
2017/12/14 20:00:00,1.179260,1.179670,1.178870,1.178950,1.179150,1.179560,1.178760,1.178840
2017/12/14 20:30:00,1.178950,1.179570,1.178590,1.178850,1.178840,1.179460,1.178480,1.178730
2017/12/14 21:00:00,1.178850,1.178910,1.178030,1.178080,1.178730,1.178800,1.177920,1.177970
2017/12/14 21:30:00,1.178080,1.178180,1.177560,1.177890,1.177970,1.178080,1.177440,1.177750
2017/12/14 22:00:00,1.177890,1.178110,1.177370,1.177380,1.177750,1.177960,1.177260,1.177280
2017/12/14 22:30:00,1.177380,1.177840,1.176550,1.176610,1.177280,1.177650,1.176420,1.176500
2017/12/14 23:00:00,1.176610,1.177510,1.176530,1.177440,1.176500,1.177380,1.176420,1.177310
2017/12/14 23:30:00,1.177440,1.177670,1.177430,1.177510,1.177310,1.177550,1.177300,1.177400
2017/12/15 00:00:00,1.177510,1.178120,1.177390,1.177880,1.177400,1.178010,1.177270,1.177760
2017/12/15 00:30:00,1.177880,1.179090,1.177880,1.178640,1.177760,1.178970,1.177760,1.178520
2017/12/15 01:00:00,1.178640,1.178950,1.178440,1.178560,1.178520,1.178830,1.178330,1.178450
2017/12/15 01:30:00,1.178560,1.178570,1.177960,1.178510,1.178450,1.178450,1.177840,1.178400
2017/12/15 02:00:00,1.178510,1.179110,1.178420,1.179070,1.178400,1.178990,1.178300,1.178950
2017/12/15 02:30:00,1.179070,1.179180,1.178400,1.178620,1.178950,1.179060,1.178280,1.178510
2017/12/15 03:00:00,1.178620,1.178830,1.178370,1.178460,1.178510,1.178720,1.178270,1.178340
2017/12/15 03:30:00,1.178460,1.178550,1.178120,1.178210,1.178340,1.178450,1.178010,1.178080
2017/12/15 04:00:00,1.178210,1.178420,1.178040,1.178220,1.178080,1.178310,1.177920,1.178100
2017/12/15 04:30:00,1.178220,1.178490,1.178200,1.178450,1.178100,1.178380,1.178090,1.178330
2017/12/15 05:00:00,1.178450,1.178450,1.177900,1.177970,1.178330,1.178330,1.177780,1.177870
2017/12/15 05:30:00,1.177970,1.178480,1.177970,1.178440,1.177870,1.178350,1.177850,1.178320
2017/12/15 06:00:00,1.178440,1.178650,1.178230,1.178450,1.178320,1.178550,1.178110,1.178340
2017/12/15 06:30:00,1.178450,1.178680,1.178220,1.178510,1.178340,1.178560,1.178110,1.178400
2017/12/15 07:00:00,1.178510,1.178900,1.178140,1.178620,1.178400,1.178790,1.178030,1.178510
2017/12/15 07:30:00,1.178620,1.179780,1.178610,1.179240,1.178510,1.179670,1.178510,1.179130
2017/12/15 08:00:00,1.179240,1.179510,1.178510,1.178870,1.179130,1.179410,1.178400,1.178790
2017/12/15 08:30:00,1.178870,1.179340,1.178210,1.178370,1.178790,1.179230,1.178100,1.178270
2017/12/15 09:00:00,1.178370,1.179030,1.177980,1.178940,1.178270,1.178910,1.177880,1.178830
2017/12/15 09:30:00,1.178940,1.179930,1.178940,1.179760,1.178830,1.179810,1.178830,1.179650
2017/12/15 10:00:00,1.179760,1.180400,1.179510,1.180120,1.179650,1.180310,1.179400,1.180020
2017/12/15 10:30:00,1.180120,1.180790,1.179790,1.180630,1.180020,1.180670,1.179680,1.180520
2017/12/15 11:00:00,1.180630,1.181290,1.180070,1.180180,1.180520,1.181180,1.179980,1.180070
2017/12/15 11:30:00,1.180180,1.180630,1.179740,1.179950,1.180070,1.180540,1.179620,1.179840
2017/12/15 12:00:00,1.179950,1.180150,1.179560,1.179620,1.179840,1.180050,1.179460,1.179520
2017/12/15 12:30:00,1.179620,1.180220,1.179160,1.180210,1.179520,1.180110,1.179060,1.180100
2017/12/15 13:00:00,1.180210,1.180980,1.180170,1.180250,1.180100,1.180900,1.180060,1.180160
2017/12/15 13:30:00,1.180250,1.181010,1.179380,1.180010,1.180160,1.180890,1.179280,1.179900
2017/12/15 14:00:00,1.180010,1.180090,1.178150,1.178440,1.179900,1.179980,1.178040,1.178330
2017/12/15 14:30:00,1.178440,1.178820,1.177200,1.177820,1.178330,1.178700,1.177100,1.177700
2017/12/15 15:00:00,1.177820,1.178340,1.176880,1.177580,1.177700,1.178240,1.176780,1.177470
2017/12/15 15:30:00,1.177580,1.178200,1.176210,1.176440,1.177470,1.178090,1.176130,1.176340
2017/12/15 16:00:00,1.176440,1.177190,1.176120,1.176990,1.176340,1.177090,1.176000,1.176890
2017/12/15 16:30:00,1.176990,1.177980,1.176280,1.177810,1.176890,1.177890,1.176170,1.177710
2017/12/15 17:00:00,1.177810,1.178260,1.177190,1.177650,1.177710,1.178160,1.177090,1.177540
2017/12/15 17:30:00,1.177650,1.177940,1.176360,1.176540,1.177540,1.177830,1.176270,1.176460
2017/12/15 18:00:00,1.176540,1.176640,1.175660,1.175860,1.176460,1.176530,1.175560,1.175750
2017/12/15 18:30:00,1.175860,1.176060,1.175110,1.175570,1.175750,1.175950,1.175000,1.175470
2017/12/15 19:00:00,1.175570,1.175990,1.175430,1.175490,1.175470,1.175880,1.175320,1.175370
2017/12/15 19:30:00,1.175490,1.176130,1.175490,1.175780,1.175370,1.176020,1.175370,1.175670
2017/12/15 20:00:00,1.175780,1.176030,1.175570,1.176030,1.175670,1.175910,1.175470,1.175910
2017/12/15 20:30:00,1.176030,1.176030,1.175430,1.175470,1.175910,1.175910,1.175320,1.175350
2017/12/15 21:00:00,1.175470,1.175670,1.175400,1.175590,1.175350,1.175530,1.175280,1.175480
2017/12/15 21:30:00,1.175590,1.175710,1.175070,1.175480,1.175480,1.175560,1.174500,1.174600
2017/12/17 19:00:00,1.175480,1.175590,1.175480,1.175550,1.174600,1.175040,1.174600,1.175040
2017/12/17 19:30:00,1.175550,1.175670,1.174070,1.174140,1.175040,1.175250,1.173690,1.173950
2017/12/17 20:00:00,1.174140,1.174770,1.174040,1.174690,1.173950,1.174470,1.173950,1.174470
2017/12/17 20:30:00,1.174690,1.174830,1.174390,1.174760,1.174470,1.174470,1.173950,1.173990
2017/12/17 21:00:00,1.174760,1.175080,1.174760,1.174960,1.173990,1.174730,1.173990,1.174610
2017/12/17 21:30:00,1.174960,1.175140,1.174600,1.174720,1.174610,1.174890,1.173970,1.174140
2017/12/17 22:00:00,1.174720,1.175140,1.174350,1.174730,1.174140,1.174740,1.173980,1.174570
2017/12/17 22:30:00,1.174730,1.175060,1.173900,1.174870,1.174570,1.174750,1.173640,1.174520
2017/12/17 23:00:00,1.174870,1.175200,1.174600,1.174820,1.174520,1.175020,1.174430,1.174720
2017/12/17 23:30:00,1.174820,1.174830,1.174130,1.174390,1.174720,1.174740,1.174020,1.174300
2017/12/18 00:00:00,1.174390,1.174760,1.174270,1.174650,1.174300,1.174650,1.174190,1.174540
2017/12/18 00:30:00,1.174650,1.175810,1.174620,1.175030,1.174540,1.175500,1.174520,1.174920
2017/12/18 01:00:00,1.175030,1.175640,1.174930,1.175390,1.174920,1.175520,1.174800,1.175280
2017/12/18 01:30:00,1.175390,1.175760,1.175200,1.175700,1.175280,1.175650,1.175080,1.175590
2017/12/18 02:00:00,1.175700,1.176150,1.175620,1.175870,1.175590,1.176030,1.175510,1.175750
2017/12/18 02:30:00,1.175870,1.176340,1.175710,1.175730,1.175750,1.176220,1.175600,1.175610
2017/12/18 03:00:00,1.175730,1.176520,1.175700,1.175900,1.175610,1.176410,1.175590,1.175790
2017/12/18 03:30:00,1.175900,1.176590,1.175880,1.176470,1.175790,1.176470,1.175770,1.176350
2017/12/18 04:00:00,1.176470,1.176500,1.176200,1.176340,1.176350,1.176380,1.176080,1.176230
2017/12/18 04:30:00,1.176340,1.176410,1.176030,1.176110,1.176230,1.176290,1.175920,1.175990
2017/12/18 05:00:00,1.176110,1.176240,1.176070,1.176230,1.175990,1.176130,1.175960,1.176110
2017/12/18 05:30:00,1.176230,1.176340,1.176040,1.176150,1.176110,1.176220,1.175920,1.176030
2017/12/18 06:00:00,1.176150,1.177180,1.176150,1.177000,1.176030,1.177090,1.176030,1.176880
2017/12/18 06:30:00,1.177000,1.177130,1.176600,1.176890,1.176880,1.177010,1.176490,1.176780
2017/12/18 07:00:00,1.176890,1.177310,1.176220,1.177100,1.176780,1.177200,1.176120,1.176990
2017/12/18 07:30:00,1.177100,1.178160,1.176590,1.178100,1.176990,1.178070,1.176490,1.178000
2017/12/18 08:00:00,1.178100,1.178270,1.177600,1.177670,1.178000,1.178190,1.177490,1.177550
2017/12/18 08:30:00,1.177670,1.179180,1.177660,1.178930,1.177550,1.179070,1.177550,1.178810
2017/12/18 09:00:00,1.178930,1.179450,1.178630,1.179290,1.178810,1.179340,1.178520,1.179170
2017/12/18 09:30:00,1.179290,1.179560,1.178870,1.178980,1.179170,1.179460,1.178760,1.178870
2017/12/18 10:00:00,1.178980,1.179040,1.178460,1.178690,1.178870,1.178930,1.178360,1.178580
2017/12/18 10:30:00,1.178690,1.179620,1.178670,1.179570,1.178580,1.179500,1.178560,1.179470
2017/12/18 11:00:00,1.179570,1.179900,1.178980,1.178980,1.179470,1.179790,1.178880,1.178880
2017/12/18 11:30:00,1.178980,1.179670,1.178800,1.179350,1.178880,1.179560,1.178690,1.179250
2017/12/18 12:00:00,1.179350,1.179590,1.178890,1.179200,1.179250,1.179470,1.178800,1.179100
2017/12/18 12:30:00,1.179200,1.179620,1.178980,1.179570,1.179100,1.179520,1.178890,1.179470
2017/12/18 13:00:00,1.179570,1.179870,1.179220,1.179510,1.179470,1.179770,1.179120,1.179420
2017/12/18 13:30:00,1.179510,1.179970,1.179350,1.179410,1.179420,1.179870,1.179240,1.179310
2017/12/18 14:00:00,1.179410,1.180650,1.178840,1.180470,1.179310,1.180550,1.178740,1.180360
2017/12/18 14:30:00,1.180470,1.181040,1.180390,1.180820,1.180360,1.180940,1.180290,1.180710
2017/12/18 15:00:00,1.180820,1.182450,1.180630,1.182010,1.180710,1.182350,1.180520,1.181910
2017/12/18 15:30:00,1.182010,1.183480,1.181210,1.181260,1.181910,1.183390,1.181100,1.181150
2017/12/18 16:00:00,1.181260,1.181710,1.179790,1.180500,1.181150,1.181600,1.179700,1.180380
2017/12/18 16:30:00,1.180500,1.180670,1.180270,1.180510,1.180380,1.180580,1.180160,1.180410
2017/12/18 17:00:00,1.180510,1.180550,1.179730,1.180140,1.180410,1.180430,1.179620,1.180020
2017/12/18 17:30:00,1.180140,1.180570,1.179040,1.179100,1.180020,1.180460,1.178930,1.178980
2017/12/18 18:00:00,1.179100,1.179550,1.178890,1.179130,1.178980,1.179440,1.178780,1.179020
2017/12/18 18:30:00,1.179130,1.179510,1.178950,1.179370,1.179020,1.179400,1.178830,1.179250
2017/12/18 19:00:00,1.179370,1.179840,1.178530,1.178700,1.179250,1.179730,1.178420,1.178590
2017/12/18 19:30:00,1.178700,1.178750,1.177560,1.178450,1.178590,1.178630,1.177470,1.178340
2017/12/18 20:00:00,1.178450,1.178600,1.177960,1.178540,1.178340,1.178490,1.177840,1.178420
2017/12/18 20:30:00,1.178540,1.178540,1.177950,1.178170,1.178420,1.178420,1.177840,1.178060
2017/12/18 21:00:00,1.178170,1.178450,1.178000,1.178280,1.178060,1.178330,1.177900,1.178180
2017/12/18 21:30:00,1.178280,1.178430,1.177970,1.178280,1.178180,1.178300,1.177850,1.178140
2017/12/18 22:00:00,1.178280,1.178680,1.178170,1.178230,1.178140,1.178360,1.177990,1.178090
2017/12/18 22:30:00,1.178230,1.178760,1.178230,1.178360,1.178090,1.178450,1.178090,1.178230
2017/12/18 23:00:00,1.178360,1.178580,1.178240,1.178400,1.178230,1.178440,1.178110,1.178260
2017/12/18 23:30:00,1.178400,1.178500,1.178280,1.178450,1.178260,1.178390,1.178170,1.178350
2017/12/19 00:00:00,1.178450,1.178520,1.178120,1.178220,1.178350,1.178400,1.178000,1.178100
2017/12/19 00:30:00,1.178220,1.178480,1.177800,1.178380,1.178100,1.178390,1.177680,1.178270
2017/12/19 01:00:00,1.178380,1.178480,1.177700,1.177830,1.178270,1.178380,1.177600,1.177710
2017/12/19 01:30:00,1.177830,1.178340,1.177750,1.178290,1.177710,1.178220,1.177640,1.178170
2017/12/19 02:00:00,1.178290,1.178550,1.178090,1.178540,1.178170,1.178440,1.177970,1.178420
2017/12/19 02:30:00,1.178540,1.178980,1.178480,1.178730,1.178420,1.178860,1.178360,1.178620
2017/12/19 03:00:00,1.178730,1.179000,1.178640,1.178720,1.178620,1.178890,1.178530,1.178600
2017/12/19 03:30:00,1.178720,1.179060,1.178630,1.178960,1.178600,1.178950,1.178530,1.178830
2017/12/19 04:00:00,1.178960,1.179020,1.178780,1.178840,1.178830,1.178900,1.178660,1.178730
2017/12/19 04:30:00,1.178840,1.179300,1.178790,1.179290,1.178730,1.179190,1.178670,1.179170
2017/12/19 05:00:00,1.179290,1.179520,1.179090,1.179410,1.179170,1.179410,1.178970,1.179300
2017/12/19 05:30:00,1.179410,1.179660,1.179290,1.179300,1.179300,1.179540,1.179180,1.179180
2017/12/19 06:00:00,1.179300,1.179580,1.179140,1.179230,1.179180,1.179460,1.179030,1.179120
2017/12/19 06:30:00,1.179230,1.179910,1.179090,1.179510,1.179120,1.179810,1.178970,1.179400
2017/12/19 07:00:00,1.179510,1.180060,1.179180,1.179730,1.179400,1.179950,1.179070,1.179630
2017/12/19 07:30:00,1.179730,1.180710,1.179690,1.180640,1.179630,1.180610,1.179580,1.180530
2017/12/19 08:00:00,1.180640,1.181380,1.180250,1.181170,1.180530,1.181260,1.180140,1.181070
2017/12/19 08:30:00,1.181170,1.181920,1.180530,1.180580,1.181070,1.181810,1.180450,1.180490
2017/12/19 09:00:00,1.180580,1.181240,1.179160,1.179710,1.180490,1.181160,1.179060,1.179600
2017/12/19 09:30:00,1.179710,1.180760,1.179550,1.180710,1.179600,1.180650,1.179460,1.180590
2017/12/19 10:00:00,1.180710,1.180750,1.180040,1.180430,1.180590,1.180630,1.179940,1.180320
2017/12/19 10:30:00,1.180430,1.181360,1.180210,1.180850,1.180320,1.181250,1.180090,1.180740
2017/12/19 11:00:00,1.180850,1.181290,1.180650,1.180850,1.180740,1.181180,1.180550,1.180740
2017/12/19 11:30:00,1.180850,1.181380,1.180770,1.181030,1.180740,1.181290,1.180660,1.180920
2017/12/19 12:00:00,1.181030,1.182020,1.180880,1.181460,1.180920,1.181910,1.180780,1.181360
2017/12/19 12:30:00,1.181460,1.182950,1.181310,1.182930,1.181360,1.182850,1.181200,1.182820
2017/12/19 13:00:00,1.182930,1.183040,1.181530,1.182230,1.182820,1.182950,1.181450,1.182140
2017/12/19 13:30:00,1.182230,1.183250,1.181830,1.182730,1.182140,1.183140,1.181720,1.182630
2017/12/19 14:00:00,1.182730,1.183080,1.181650,1.181920,1.182630,1.182980,1.181550,1.181800
2017/12/19 14:30:00,1.181920,1.182130,1.180510,1.180970,1.181800,1.182020,1.180420,1.180870
2017/12/19 15:00:00,1.180970,1.182280,1.180880,1.182100,1.180870,1.182190,1.180790,1.182000
2017/12/19 15:30:00,1.182100,1.182950,1.180980,1.181030,1.182000,1.182840,1.180880,1.180920
2017/12/19 16:00:00,1.181030,1.181740,1.180560,1.181380,1.180920,1.181640,1.180460,1.181280
2017/12/19 16:30:00,1.181380,1.182330,1.181280,1.182230,1.181280,1.182220,1.181160,1.182120
2017/12/19 17:00:00,1.182230,1.182880,1.181590,1.181650,1.182120,1.182760,1.181490,1.181550
2017/12/19 17:30:00,1.181650,1.183020,1.181630,1.182950,1.181550,1.182910,1.181510,1.182830
2017/12/19 18:00:00,1.182950,1.184940,1.182870,1.184610,1.182830,1.184820,1.182760,1.184490
2017/12/19 18:30:00,1.184610,1.184740,1.184310,1.184500,1.184490,1.184640,1.184220,1.184380
2017/12/19 19:00:00,1.184500,1.184730,1.184320,1.184510,1.184380,1.184610,1.184200,1.184390
2017/12/19 19:30:00,1.184510,1.184830,1.184310,1.184510,1.184390,1.184730,1.184200,1.184400
2017/12/19 20:00:00,1.184510,1.184690,1.184380,1.184420,1.184400,1.184580,1.184270,1.184300
2017/12/19 20:30:00,1.184420,1.184550,1.184070,1.184120,1.184300,1.184440,1.183970,1.184000
2017/12/19 21:00:00,1.184120,1.184330,1.183900,1.184060,1.184000,1.184230,1.183800,1.183960
2017/12/19 21:30:00,1.184060,1.184250,1.183850,1.184090,1.183960,1.184160,1.183730,1.183800
2017/12/19 22:00:00,1.184090,1.184470,1.183940,1.184260,1.183800,1.184330,1.183780,1.184070
2017/12/19 22:30:00,1.184260,1.184280,1.183920,1.184270,1.184070,1.184160,1.183730,1.184090
2017/12/19 23:00:00,1.184270,1.184290,1.184080,1.184230,1.184090,1.184180,1.183940,1.184110
2017/12/19 23:30:00,1.184230,1.184290,1.183710,1.183770,1.184110,1.184170,1.183600,1.183660
2017/12/20 00:00:00,1.183770,1.184100,1.183610,1.184080,1.183660,1.183980,1.183490,1.183950
2017/12/20 00:30:00,1.184080,1.184480,1.183930,1.184430,1.183950,1.184370,1.183810,1.184300
2017/12/20 01:00:00,1.184430,1.184690,1.184280,1.184530,1.184300,1.184580,1.184160,1.184440
2017/12/20 01:30:00,1.184530,1.184550,1.184120,1.184260,1.184440,1.184440,1.184000,1.184150
2017/12/20 02:00:00,1.184260,1.184540,1.184200,1.184330,1.184150,1.184430,1.184090,1.184240
2017/12/20 02:30:00,1.184330,1.184570,1.184200,1.184360,1.184240,1.184460,1.184090,1.184250
2017/12/20 03:00:00,1.184360,1.184710,1.184320,1.184670,1.184250,1.184610,1.184210,1.184550
2017/12/20 03:30:00,1.184670,1.184760,1.184530,1.184700,1.184550,1.184640,1.184430,1.184590
2017/12/20 04:00:00,1.184700,1.184730,1.184280,1.184370,1.184590,1.184630,1.184170,1.184260
2017/12/20 04:30:00,1.184370,1.184490,1.184170,1.184210,1.184260,1.184390,1.184050,1.184100
2017/12/20 05:00:00,1.184210,1.184490,1.184170,1.184480,1.184100,1.184390,1.184060,1.184370
2017/12/20 05:30:00,1.184480,1.184680,1.184220,1.184650,1.184370,1.184560,1.184110,1.184550
2017/12/20 06:00:00,1.184650,1.184950,1.183670,1.183880,1.184550,1.184840,1.183570,1.183760
2017/12/20 06:30:00,1.183880,1.184030,1.182970,1.182980,1.183760,1.183910,1.182860,1.182860
2017/12/20 07:00:00,1.182980,1.183960,1.182950,1.183850,1.182860,1.183850,1.182840,1.183740
2017/12/20 07:30:00,1.183850,1.184310,1.183310,1.184220,1.183740,1.184200,1.183200,1.184120
2017/12/20 08:00:00,1.184220,1.185100,1.183540,1.185100,1.184120,1.184990,1.183450,1.184990
2017/12/20 08:30:00,1.185100,1.185460,1.184170,1.184790,1.184990,1.185380,1.184060,1.184670
2017/12/20 09:00:00,1.184790,1.185350,1.184270,1.184280,1.184670,1.185240,1.184160,1.184160
2017/12/20 09:30:00,1.184280,1.184410,1.183720,1.183820,1.184160,1.184300,1.183610,1.183710
2017/12/20 10:00:00,1.183820,1.185300,1.183630,1.185280,1.183710,1.185200,1.183540,1.185180
2017/12/20 10:30:00,1.185280,1.185870,1.184350,1.184540,1.185180,1.185770,1.184270,1.184430
2017/12/20 11:00:00,1.184540,1.184910,1.184290,1.184590,1.184430,1.184810,1.184170,1.184500
2017/12/20 11:30:00,1.184590,1.184860,1.183670,1.183740,1.184500,1.184740,1.183560,1.183620
2017/12/20 12:00:00,1.183740,1.184440,1.183270,1.184360,1.183620,1.184330,1.183160,1.184250
2017/12/20 12:30:00,1.184360,1.184880,1.184070,1.184250,1.184250,1.184770,1.183960,1.184140
2017/12/20 13:00:00,1.184250,1.184890,1.184130,1.184440,1.184140,1.184780,1.184040,1.184340
2017/12/20 13:30:00,1.184440,1.184970,1.184380,1.184450,1.184340,1.184880,1.184270,1.184340
2017/12/20 14:00:00,1.184450,1.185690,1.184390,1.184920,1.184340,1.185580,1.184290,1.184800
2017/12/20 14:30:00,1.184920,1.186400,1.184480,1.186020,1.184800,1.186310,1.184390,1.185910
2017/12/20 15:00:00,1.186020,1.188330,1.185520,1.187820,1.185910,1.188220,1.185410,1.187720
2017/12/20 15:30:00,1.187820,1.190230,1.187800,1.188380,1.187720,1.190130,1.187690,1.188270
2017/12/20 16:00:00,1.188380,1.188520,1.187550,1.187950,1.188270,1.188410,1.187450,1.187840
2017/12/20 16:30:00,1.187950,1.188530,1.187850,1.188140,1.187840,1.188420,1.187730,1.188040
2017/12/20 17:00:00,1.188140,1.188140,1.187470,1.187590,1.188040,1.188040,1.187360,1.187480
2017/12/20 17:30:00,1.187590,1.188190,1.187550,1.187740,1.187480,1.188080,1.187460,1.187640
2017/12/20 18:00:00,1.187740,1.188730,1.187730,1.188620,1.187640,1.188610,1.187630,1.188500
2017/12/20 18:30:00,1.188620,1.188970,1.187890,1.188140,1.188500,1.188850,1.187780,1.188040
2017/12/20 19:00:00,1.188140,1.188280,1.187540,1.187740,1.188040,1.188170,1.187420,1.187630
2017/12/20 19:30:00,1.187740,1.188080,1.187630,1.187860,1.187630,1.187970,1.187520,1.187750
2017/12/20 20:00:00,1.187860,1.188270,1.187660,1.188230,1.187750,1.188160,1.187560,1.188120
2017/12/20 20:30:00,1.188230,1.188300,1.187730,1.187890,1.188120,1.188210,1.187620,1.187780
2017/12/20 21:00:00,1.187890,1.187890,1.186970,1.187040,1.187780,1.187780,1.186850,1.186920
2017/12/20 21:30:00,1.187040,1.187440,1.186940,1.187230,1.186920,1.187330,1.186820,1.187080
2017/12/20 22:00:00,1.187230,1.187470,1.187030,1.187220,1.187080,1.187310,1.186880,1.187090
2017/12/20 22:30:00,1.187220,1.187540,1.187170,1.187340,1.187090,1.187380,1.187000,1.187200
2017/12/20 23:00:00,1.187340,1.187630,1.187030,1.187050,1.187200,1.187460,1.186900,1.186920
2017/12/20 23:30:00,1.187050,1.188290,1.187040,1.187830,1.186920,1.188150,1.186920,1.187700
2017/12/21 00:00:00,1.187830,1.188260,1.187770,1.187990,1.187700,1.188140,1.187650,1.187870
2017/12/21 00:30:00,1.187990,1.188050,1.187430,1.187530,1.187870,1.187940,1.187310,1.187420
2017/12/21 01:00:00,1.187530,1.187610,1.187200,1.187310,1.187420,1.187500,1.187080,1.187210
2017/12/21 01:30:00,1.187310,1.187460,1.187140,1.187160,1.187210,1.187350,1.187010,1.187030
2017/12/21 02:00:00,1.187160,1.187390,1.187050,1.187340,1.187030,1.187280,1.186940,1.187220
2017/12/21 02:30:00,1.187340,1.187500,1.187260,1.187480,1.187220,1.187380,1.187140,1.187360
2017/12/21 03:00:00,1.187480,1.187650,1.187450,1.187540,1.187360,1.187530,1.187340,1.187430
2017/12/21 03:30:00,1.187540,1.187550,1.186520,1.186650,1.187430,1.187430,1.186400,1.186540
2017/12/21 04:00:00,1.186650,1.186890,1.186480,1.186750,1.186540,1.186780,1.186370,1.186630
2017/12/21 04:30:00,1.186750,1.186900,1.186680,1.186790,1.186630,1.186770,1.186560,1.186660
2017/12/21 05:00:00,1.186790,1.186810,1.186390,1.186500,1.186660,1.186690,1.186270,1.186380
2017/12/21 05:30:00,1.186500,1.186900,1.186500,1.186860,1.186380,1.186780,1.186380,1.186740
2017/12/21 06:00:00,1.186860,1.187040,1.186710,1.187020,1.186740,1.186930,1.186600,1.186910
2017/12/21 06:30:00,1.187020,1.187040,1.186380,1.186970,1.186910,1.186930,1.186280,1.186870
2017/12/21 07:00:00,1.186970,1.187560,1.186540,1.186720,1.186870,1.187460,1.186460,1.186610
2017/12/21 07:30:00,1.186720,1.187570,1.186610,1.187300,1.186610,1.187460,1.186530,1.187180
2017/12/21 08:00:00,1.187300,1.188090,1.186490,1.187990,1.187180,1.187970,1.186410,1.187890
2017/12/21 08:30:00,1.187990,1.188130,1.187170,1.187950,1.187890,1.188020,1.187060,1.187840
2017/12/21 09:00:00,1.187950,1.188740,1.187360,1.188240,1.187840,1.188640,1.187260,1.188130
2017/12/21 09:30:00,1.188240,1.188290,1.187820,1.188140,1.188130,1.188180,1.187710,1.188030
2017/12/21 10:00:00,1.188140,1.189010,1.187710,1.188530,1.188030,1.188900,1.187610,1.188420
2017/12/21 10:30:00,1.188530,1.188690,1.187090,1.187160,1.188420,1.188580,1.186980,1.187040
2017/12/21 11:00:00,1.187160,1.187800,1.187060,1.187440,1.187040,1.187700,1.186950,1.187330
2017/12/21 11:30:00,1.187440,1.187470,1.186650,1.186670,1.187330,1.187350,1.186550,1.186570
2017/12/21 12:00:00,1.186670,1.187010,1.185840,1.186120,1.186570,1.186900,1.185730,1.186000
2017/12/21 12:30:00,1.186120,1.186360,1.185180,1.186350,1.186000,1.186260,1.185070,1.186240
2017/12/21 13:00:00,1.186350,1.186440,1.185600,1.185840,1.186240,1.186340,1.185490,1.185700
2017/12/21 13:30:00,1.185840,1.187160,1.185620,1.185920,1.185700,1.187040,1.185450,1.185810
2017/12/21 14:00:00,1.185920,1.186230,1.184980,1.186200,1.185810,1.186120,1.184880,1.186090
2017/12/21 14:30:00,1.186200,1.187050,1.185790,1.186530,1.186090,1.186960,1.185680,1.186430
2017/12/21 15:00:00,1.186530,1.187030,1.186320,1.186720,1.186430,1.186930,1.186220,1.186610
2017/12/21 15:30:00,1.186720,1.186880,1.185490,1.186080,1.186610,1.186780,1.185410,1.185960
2017/12/21 16:00:00,1.186080,1.187970,1.185920,1.187520,1.185960,1.187860,1.185820,1.187400
2017/12/21 16:30:00,1.187520,1.187690,1.186740,1.187180,1.187400,1.187580,1.186640,1.187080
2017/12/21 17:00:00,1.187180,1.187400,1.186780,1.187300,1.187080,1.187290,1.186680,1.187180
2017/12/21 17:30:00,1.187300,1.187400,1.186570,1.186830,1.187180,1.187280,1.186450,1.186720
2017/12/21 18:00:00,1.186830,1.186940,1.186320,1.186760,1.186720,1.186830,1.186230,1.186650
2017/12/21 18:30:00,1.186760,1.186960,1.186410,1.186760,1.186650,1.186840,1.186290,1.186650
2017/12/21 19:00:00,1.186760,1.186820,1.186220,1.186820,1.186650,1.186700,1.186110,1.186700
2017/12/21 19:30:00,1.186820,1.187330,1.186760,1.187240,1.186700,1.187210,1.186670,1.187130
2017/12/21 20:00:00,1.187240,1.187640,1.187070,1.187330,1.187130,1.187530,1.186960,1.187210
2017/12/21 20:30:00,1.187330,1.187950,1.187310,1.187740,1.187210,1.187840,1.187200,1.187620
2017/12/21 21:00:00,1.187740,1.187870,1.187400,1.187610,1.187620,1.187780,1.187300,1.187500
2017/12/21 21:30:00,1.187610,1.187760,1.187340,1.187570,1.187500,1.187650,1.187220,1.187370
2017/12/21 22:00:00,1.187570,1.187630,1.186950,1.187020,1.187370,1.187510,1.186840,1.186840
2017/12/21 22:30:00,1.187020,1.187080,1.186540,1.186720,1.186840,1.186920,1.186380,1.186570
2017/12/21 23:00:00,1.186720,1.186940,1.186550,1.186550,1.186570,1.186810,1.186410,1.186420
2017/12/21 23:30:00,1.186550,1.186910,1.185240,1.185260,1.186420,1.186790,1.185130,1.185160
2017/12/22 00:00:00,1.185260,1.185420,1.181760,1.183620,1.185160,1.185310,1.181650,1.183490
2017/12/22 00:30:00,1.183620,1.185080,1.183600,1.184490,1.183490,1.184960,1.183470,1.184370
2017/12/22 01:00:00,1.184490,1.184830,1.183620,1.183980,1.184370,1.184720,1.183500,1.183870
2017/12/22 01:30:00,1.183980,1.184660,1.183750,1.184510,1.183870,1.184570,1.183640,1.184390
2017/12/22 02:00:00,1.184510,1.185110,1.184320,1.185030,1.184390,1.185010,1.184200,1.184910
2017/12/22 02:30:00,1.185030,1.185180,1.184640,1.185120,1.184910,1.185070,1.184510,1.185010
2017/12/22 03:00:00,1.185120,1.185240,1.184760,1.185030,1.185010,1.185130,1.184660,1.184920
2017/12/22 03:30:00,1.185030,1.185060,1.184790,1.184960,1.184920,1.184950,1.184670,1.184840
2017/12/22 04:00:00,1.184960,1.185160,1.184950,1.185070,1.184840,1.185050,1.184830,1.184940
2017/12/22 04:30:00,1.185070,1.185100,1.184840,1.184870,1.184940,1.184970,1.184720,1.184760
2017/12/22 05:00:00,1.184870,1.185050,1.184850,1.185040,1.184760,1.184940,1.184740,1.184920
2017/12/22 05:30:00,1.185040,1.185170,1.184790,1.185020,1.184920,1.185050,1.184670,1.184900
2017/12/22 06:00:00,1.185020,1.185280,1.184730,1.185050,1.184900,1.185170,1.184620,1.184930
2017/12/22 06:30:00,1.185050,1.185970,1.184990,1.185720,1.184930,1.185870,1.184880,1.185600
2017/12/22 07:00:00,1.185720,1.186190,1.185360,1.185870,1.185600,1.186070,1.185250,1.185770
2017/12/22 07:30:00,1.185870,1.186080,1.185310,1.185320,1.185770,1.185970,1.185200,1.185200
2017/12/22 08:00:00,1.185320,1.185780,1.184530,1.185670,1.185200,1.185670,1.184420,1.185560
2017/12/22 08:30:00,1.185670,1.185910,1.185060,1.185500,1.185560,1.185810,1.184950,1.185400
2017/12/22 09:00:00,1.185500,1.186280,1.185270,1.186040,1.185400,1.186180,1.185150,1.185930
2017/12/22 09:30:00,1.186040,1.186040,1.184610,1.184940,1.185930,1.185930,1.184500,1.184820
2017/12/22 10:00:00,1.184940,1.185410,1.184560,1.185280,1.184820,1.185300,1.184470,1.185160
2017/12/22 10:30:00,1.185280,1.185500,1.184720,1.184810,1.185160,1.185390,1.184610,1.184700
2017/12/22 11:00:00,1.184810,1.185780,1.184580,1.185030,1.184700,1.185660,1.184470,1.184910
2017/12/22 11:30:00,1.185030,1.185540,1.184930,1.185260,1.184910,1.185430,1.184830,1.185140
2017/12/22 12:00:00,1.185260,1.185540,1.185030,1.185360,1.185140,1.185440,1.184930,1.185260
2017/12/22 12:30:00,1.185360,1.185630,1.184830,1.185000,1.185260,1.185520,1.184720,1.184900
2017/12/22 13:00:00,1.185000,1.185390,1.184910,1.185200,1.184900,1.185320,1.184800,1.185040
2017/12/22 13:30:00,1.185200,1.185550,1.184960,1.185530,1.185040,1.185440,1.184870,1.185420
2017/12/22 14:00:00,1.185530,1.185740,1.185040,1.185230,1.185420,1.185640,1.184930,1.185120
2017/12/22 14:30:00,1.185230,1.185590,1.184380,1.185170,1.185120,1.185480,1.184270,1.185050
2017/12/22 15:00:00,1.185170,1.185200,1.182960,1.183080,1.185050,1.185110,1.182840,1.182980
2017/12/22 15:30:00,1.183080,1.183840,1.182880,1.183540,1.182980,1.183720,1.182780,1.183420
2017/12/22 16:00:00,1.183540,1.183920,1.183070,1.183900,1.183420,1.183810,1.182960,1.183800
2017/12/22 16:30:00,1.183900,1.184470,1.183850,1.183890,1.183800,1.184360,1.183750,1.183780
2017/12/22 17:00:00,1.183890,1.185370,1.183890,1.184330,1.183780,1.185250,1.183780,1.184220
2017/12/22 17:30:00,1.184330,1.185380,1.184220,1.185380,1.184220,1.185270,1.184120,1.185260
2017/12/22 18:00:00,1.185380,1.185780,1.185110,1.185720,1.185260,1.185660,1.185010,1.185600
2017/12/22 18:30:00,1.185720,1.185790,1.185080,1.185130,1.185600,1.185670,1.184960,1.185020
2017/12/22 19:00:00,1.185130,1.185630,1.184430,1.184930,1.185020,1.185530,1.184320,1.184800
2017/12/22 19:30:00,1.184930,1.185490,1.184900,1.185110,1.184800,1.185370,1.184770,1.185000
2017/12/22 20:00:00,1.185110,1.185840,1.185050,1.185720,1.185000,1.185720,1.184940,1.185600
2017/12/22 20:30:00,1.185720,1.185970,1.185690,1.185870,1.185600,1.185850,1.185590,1.185760
2017/12/22 21:00:00,1.185870,1.186450,1.185640,1.186430,1.185760,1.186350,1.185510,1.186280
2017/12/22 21:30:00,1.186430,1.186720,1.185960,1.186720,1.186280,1.186280,1.185730,1.185840
2017/12/26 04:00:00,1.186720,1.187220,1.186720,1.186910,1.185840,1.187100,1.185840,1.186780
2017/12/26 04:30:00,1.186910,1.187170,1.186840,1.187040,1.186780,1.187060,1.186710,1.186930
2017/12/26 05:00:00,1.187040,1.187180,1.186820,1.186930,1.186930,1.187060,1.186700,1.186810
2017/12/26 05:30:00,1.186930,1.187150,1.186910,1.187140,1.186810,1.187030,1.186800,1.187020
2017/12/26 06:00:00,1.187140,1.187190,1.187020,1.187170,1.187020,1.187070,1.186920,1.187040
2017/12/26 06:30:00,1.187170,1.187180,1.186800,1.186810,1.187040,1.187050,1.186680,1.186700
2017/12/26 07:00:00,1.186810,1.187490,1.186760,1.187460,1.186700,1.187360,1.186640,1.187340
2017/12/26 07:30:00,1.187460,1.187630,1.187190,1.187270,1.187340,1.187510,1.187080,1.187150
2017/12/26 08:00:00,1.187270,1.187630,1.187160,1.187180,1.187150,1.187510,1.187050,1.187060
2017/12/26 08:30:00,1.187180,1.187490,1.186940,1.186980,1.187060,1.187380,1.186830,1.186870
2017/12/26 09:00:00,1.186980,1.187230,1.186720,1.186720,1.186870,1.187120,1.186600,1.186600
2017/12/26 09:30:00,1.186720,1.186740,1.185820,1.186150,1.186600,1.186620,1.185700,1.186040
2017/12/26 10:00:00,1.186150,1.186150,1.185640,1.185830,1.186040,1.186050,1.185510,1.185710
2017/12/26 10:30:00,1.185830,1.186150,1.185780,1.186050,1.185710,1.186030,1.185650,1.185920
2017/12/26 11:00:00,1.186050,1.186100,1.185330,1.185540,1.185920,1.185990,1.185220,1.185410
2017/12/26 11:30:00,1.185540,1.185560,1.185070,1.185210,1.185410,1.185440,1.184960,1.185080
2017/12/26 12:00:00,1.185210,1.185410,1.184800,1.185360,1.185080,1.185300,1.184700,1.185240
2017/12/26 12:30:00,1.185360,1.185400,1.184720,1.184720,1.185240,1.185270,1.184610,1.184610
2017/12/26 13:00:00,1.184720,1.185610,1.184720,1.185420,1.184610,1.185500,1.184610,1.185300
2017/12/26 13:30:00,1.185420,1.185640,1.185290,1.185580,1.185300,1.185510,1.185180,1.185470
2017/12/26 14:00:00,1.185580,1.186950,1.185580,1.186930,1.185470,1.186830,1.185470,1.186800
2017/12/26 14:30:00,1.186930,1.187820,1.186720,1.187770,1.186800,1.187700,1.186620,1.187650
2017/12/26 15:00:00,1.187770,1.187960,1.186700,1.186930,1.187650,1.187830,1.186600,1.186800
2017/12/26 15:30:00,1.186930,1.187010,1.186420,1.186620,1.186800,1.186900,1.186310,1.186500
2017/12/26 16:00:00,1.186620,1.187000,1.186370,1.186920,1.186500,1.186880,1.186250,1.186810
2017/12/26 16:30:00,1.186920,1.187140,1.186530,1.186730,1.186810,1.187010,1.186410,1.186610
2017/12/26 17:00:00,1.186730,1.187090,1.186210,1.186440,1.186610,1.186960,1.186090,1.186330
2017/12/26 17:30:00,1.186440,1.187240,1.186330,1.187110,1.186330,1.187120,1.186210,1.186980
2017/12/26 18:00:00,1.187110,1.187230,1.186740,1.186850,1.186980,1.187130,1.186610,1.186730
2017/12/26 18:30:00,1.186850,1.187250,1.186700,1.187080,1.186730,1.187130,1.186580,1.186960
2017/12/26 19:00:00,1.187080,1.187080,1.186280,1.186380,1.186960,1.186970,1.186170,1.186260
2017/12/26 19:30:00,1.186380,1.186620,1.186260,1.186430,1.186260,1.186490,1.186120,1.186290
2017/12/26 20:00:00,1.186430,1.186590,1.186230,1.186580,1.186290,1.186460,1.186110,1.186450
2017/12/26 20:30:00,1.186580,1.186670,1.186310,1.186350,1.186450,1.186550,1.186190,1.186220
2017/12/26 21:00:00,1.186350,1.186420,1.186120,1.186260,1.186220,1.186300,1.185990,1.186140
2017/12/26 21:30:00,1.186260,1.186470,1.185890,1.185920,1.186140,1.186350,1.185740,1.185760
2017/12/26 22:00:00,1.185920,1.186040,1.185760,1.185950,1.185760,1.185870,1.185500,1.185780
2017/12/26 22:30:00,1.185950,1.186690,1.185850,1.186180,1.185780,1.186190,1.185670,1.186000
2017/12/26 23:00:00,1.186180,1.186190,1.185610,1.185820,1.186000,1.186030,1.185500,1.185680
2017/12/26 23:30:00,1.185820,1.186110,1.185720,1.185790,1.185680,1.185990,1.185620,1.185680
2017/12/27 00:00:00,1.185790,1.186020,1.185570,1.185990,1.185680,1.185900,1.185460,1.185880
2017/12/27 00:30:00,1.185990,1.186530,1.185960,1.186350,1.185880,1.186410,1.185840,1.186230
2017/12/27 01:00:00,1.186350,1.186440,1.186120,1.186140,1.186230,1.186320,1.185990,1.186040
2017/12/27 01:30:00,1.186140,1.186230,1.185820,1.186090,1.186040,1.186110,1.185710,1.185990
2017/12/27 02:00:00,1.186090,1.186160,1.186000,1.186130,1.185990,1.186030,1.185890,1.186020
2017/12/27 02:30:00,1.186130,1.186460,1.186010,1.186440,1.186020,1.186340,1.185920,1.186330
2017/12/27 03:00:00,1.186440,1.186790,1.186380,1.186380,1.186330,1.186680,1.186250,1.186250
2017/12/27 03:30:00,1.186380,1.186470,1.186270,1.186420,1.186250,1.186360,1.186150,1.186300
2017/12/27 04:00:00,1.186420,1.186460,1.186300,1.186310,1.186300,1.186350,1.186200,1.186210
2017/12/27 04:30:00,1.186310,1.187760,1.186280,1.187520,1.186210,1.187650,1.186190,1.187400
2017/12/27 05:00:00,1.187520,1.187750,1.187440,1.187710,1.187400,1.187660,1.187320,1.187590
2017/12/27 05:30:00,1.187710,1.188100,1.187530,1.187860,1.187590,1.187990,1.187410,1.187750
2017/12/27 06:00:00,1.187860,1.188500,1.187830,1.188490,1.187750,1.188400,1.187730,1.188390
2017/12/27 06:30:00,1.188490,1.188520,1.187910,1.187930,1.188390,1.188420,1.187810,1.187810
2017/12/27 07:00:00,1.187930,1.188330,1.187790,1.187800,1.187810,1.188210,1.187670,1.187690
2017/12/27 07:30:00,1.187800,1.187830,1.186500,1.186830,1.187690,1.187720,1.186400,1.186730
2017/12/27 08:00:00,1.186830,1.187800,1.186700,1.187660,1.186730,1.187690,1.186590,1.187550
2017/12/27 08:30:00,1.187660,1.187690,1.186620,1.187080,1.187550,1.187580,1.186510,1.186970
2017/12/27 09:00:00,1.187080,1.188290,1.186970,1.187940,1.186970,1.188180,1.186860,1.187830
2017/12/27 09:30:00,1.187940,1.189170,1.187690,1.188850,1.187830,1.189050,1.187580,1.188750
2017/12/27 10:00:00,1.188850,1.189050,1.188520,1.188590,1.188750,1.188940,1.188410,1.188470
2017/12/27 10:30:00,1.188590,1.189340,1.188530,1.189340,1.188470,1.189240,1.188420,1.189230
2017/12/27 11:00:00,1.189340,1.189390,1.188110,1.189050,1.189230,1.189280,1.187990,1.188960
2017/12/27 11:30:00,1.189050,1.189590,1.189010,1.189310,1.188960,1.189480,1.188910,1.189200
2017/12/27 12:00:00,1.189310,1.190020,1.189070,1.189910,1.189200,1.189900,1.188970,1.189800
2017/12/27 12:30:00,1.189910,1.190040,1.189140,1.189320,1.189800,1.189930,1.189040,1.189220
2017/12/27 13:00:00,1.189320,1.189710,1.189320,1.189530,1.189220,1.189600,1.189210,1.189430
2017/12/27 13:30:00,1.189530,1.190490,1.189400,1.190180,1.189430,1.190390,1.189290,1.190060
2017/12/27 14:00:00,1.190180,1.190420,1.189960,1.190230,1.190060,1.190320,1.189860,1.190140
2017/12/27 14:30:00,1.190230,1.190750,1.189720,1.190720,1.190140,1.190630,1.189620,1.190630
2017/12/27 15:00:00,1.190720,1.191090,1.190020,1.190510,1.190630,1.190990,1.189920,1.190410
2017/12/27 15:30:00,1.190510,1.191070,1.189350,1.189520,1.190410,1.190970,1.189270,1.189420
2017/12/27 16:00:00,1.189520,1.189590,1.188590,1.189180,1.189420,1.189480,1.188490,1.189060
2017/12/27 16:30:00,1.189180,1.190220,1.189040,1.190210,1.189060,1.190100,1.188940,1.190090
2017/12/27 17:00:00,1.190210,1.190380,1.189740,1.189810,1.190090,1.190260,1.189640,1.189700
2017/12/27 17:30:00,1.189810,1.190150,1.189710,1.189960,1.189700,1.190040,1.189610,1.189840
2017/12/27 18:00:00,1.189960,1.190240,1.189510,1.190220,1.189840,1.190130,1.189410,1.190110
2017/12/27 18:30:00,1.190220,1.190400,1.189820,1.189870,1.190110,1.190290,1.189720,1.189760
2017/12/27 19:00:00,1.189870,1.190100,1.189540,1.189610,1.189760,1.189990,1.189460,1.189500
2017/12/27 19:30:00,1.189610,1.189910,1.189530,1.189810,1.189500,1.189790,1.189470,1.189690
2017/12/27 20:00:00,1.189810,1.189910,1.189280,1.189610,1.189690,1.189820,1.189210,1.189510
2017/12/27 20:30:00,1.189610,1.189810,1.189480,1.189490,1.189510,1.189700,1.189360,1.189390
2017/12/27 21:00:00,1.189490,1.189600,1.189250,1.189300,1.189390,1.189490,1.189150,1.189190
2017/12/27 21:30:00,1.189300,1.189380,1.188520,1.188900,1.189190,1.189260,1.188410,1.188580
2017/12/27 22:00:00,1.188900,1.190220,1.188900,1.189910,1.188580,1.190120,1.188560,1.189720
2017/12/27 22:30:00,1.189910,1.190200,1.189690,1.190000,1.189720,1.190140,1.189520,1.189820
2017/12/27 23:00:00,1.190000,1.190280,1.189840,1.189890,1.189820,1.190100,1.189690,1.189760
2017/12/27 23:30:00,1.189890,1.190180,1.189760,1.190090,1.189760,1.190070,1.189630,1.189970
2017/12/28 00:00:00,1.190090,1.190210,1.189780,1.190010,1.189970,1.190100,1.189660,1.189890
2017/12/28 00:30:00,1.190010,1.190470,1.189770,1.190400,1.189890,1.190350,1.189660,1.190290
2017/12/28 01:00:00,1.190400,1.190530,1.190180,1.190230,1.190290,1.190420,1.190060,1.190100
2017/12/28 01:30:00,1.190230,1.190650,1.190200,1.190620,1.190100,1.190540,1.190080,1.190510
2017/12/28 02:00:00,1.190620,1.191000,1.190340,1.190450,1.190510,1.190880,1.190240,1.190340
2017/12/28 02:30:00,1.190450,1.191120,1.190300,1.190980,1.190340,1.191040,1.190190,1.190860
2017/12/28 03:00:00,1.190980,1.191150,1.190850,1.191040,1.190860,1.191040,1.190740,1.190910
2017/12/28 03:30:00,1.191040,1.191140,1.191000,1.191060,1.190910,1.191020,1.190880,1.190930
2017/12/28 04:00:00,1.191060,1.191740,1.191050,1.191560,1.190930,1.191630,1.190920,1.191450
2017/12/28 04:30:00,1.191560,1.191940,1.191310,1.191810,1.191450,1.191820,1.191190,1.191700
2017/12/28 05:00:00,1.191810,1.192930,1.191720,1.192790,1.191700,1.192840,1.191590,1.192660
2017/12/28 05:30:00,1.192790,1.193360,1.192720,1.193240,1.192660,1.193250,1.192600,1.193120
2017/12/28 06:00:00,1.193240,1.193240,1.192660,1.192960,1.193120,1.193120,1.192550,1.192840
2017/12/28 06:30:00,1.192960,1.193540,1.192940,1.193280,1.192840,1.193430,1.192830,1.193160
2017/12/28 07:00:00,1.193280,1.193480,1.192910,1.193300,1.193160,1.193380,1.192790,1.193180
2017/12/28 07:30:00,1.193300,1.194130,1.193170,1.194040,1.193180,1.194040,1.193050,1.193940
2017/12/28 08:00:00,1.194040,1.194720,1.193880,1.194510,1.193940,1.194610,1.193760,1.194390
2017/12/28 08:30:00,1.194510,1.194550,1.193380,1.193800,1.194390,1.194450,1.193270,1.193680
2017/12/28 09:00:00,1.193800,1.193840,1.193170,1.193440,1.193680,1.193740,1.193070,1.193320
2017/12/28 09:30:00,1.193440,1.193540,1.192960,1.193250,1.193320,1.193420,1.192860,1.193140
2017/12/28 10:00:00,1.193250,1.193380,1.192850,1.192870,1.193140,1.193270,1.192730,1.192760
2017/12/28 10:30:00,1.192870,1.193340,1.192400,1.193190,1.192760,1.193220,1.192290,1.193070
2017/12/28 11:00:00,1.193190,1.193310,1.192950,1.193040,1.193070,1.193200,1.192840,1.192930
2017/12/28 11:30:00,1.193040,1.193770,1.193040,1.193730,1.192930,1.193650,1.192930,1.193630
2017/12/28 12:00:00,1.193730,1.193990,1.193250,1.193390,1.193630,1.193890,1.193140,1.193290
2017/12/28 12:30:00,1.193390,1.194310,1.193390,1.194120,1.193290,1.194200,1.193280,1.194000
2017/12/28 13:00:00,1.194120,1.194320,1.193300,1.194300,1.194000,1.194200,1.193200,1.194180
2017/12/28 13:30:00,1.194300,1.194810,1.193920,1.194780,1.194180,1.194710,1.193810,1.194680
2017/12/28 14:00:00,1.194780,1.194960,1.194310,1.194510,1.194680,1.194860,1.194210,1.194420
2017/12/28 14:30:00,1.194510,1.195050,1.194320,1.194790,1.194420,1.194950,1.194210,1.194690
2017/12/28 15:00:00,1.194790,1.195110,1.194480,1.194690,1.194690,1.195010,1.194370,1.194580
2017/12/28 15:30:00,1.194690,1.194730,1.193690,1.193790,1.194580,1.194620,1.193600,1.193680
2017/12/28 16:00:00,1.193790,1.195200,1.193760,1.194990,1.193680,1.195090,1.193650,1.194880
2017/12/28 16:30:00,1.194990,1.195490,1.194880,1.195200,1.194880,1.195380,1.194780,1.195080
2017/12/28 17:00:00,1.195200,1.195570,1.194940,1.195050,1.195080,1.195460,1.194820,1.194940
2017/12/28 17:30:00,1.195050,1.195570,1.195030,1.195360,1.194940,1.195450,1.194910,1.195260
2017/12/28 18:00:00,1.195360,1.195870,1.195260,1.195780,1.195260,1.195760,1.195160,1.195670
2017/12/28 18:30:00,1.195780,1.195970,1.195550,1.195870,1.195670,1.195860,1.195440,1.195760
2017/12/28 19:00:00,1.195870,1.195920,1.195230,1.195400,1.195760,1.195800,1.195110,1.195290
2017/12/28 19:30:00,1.195400,1.195460,1.195030,1.195320,1.195290,1.195360,1.194910,1.195210
2017/12/28 20:00:00,1.195320,1.195420,1.194580,1.194960,1.195210,1.195310,1.194460,1.194860
2017/12/28 20:30:00,1.194960,1.194970,1.194110,1.194120,1.194860,1.194860,1.193990,1.194000
2017/12/28 21:00:00,1.194120,1.194570,1.194080,1.194110,1.194000,1.194460,1.193970,1.194020
2017/12/28 21:30:00,1.194110,1.194380,1.193980,1.194310,1.194020,1.194260,1.193860,1.194190
2017/12/28 22:00:00,1.194310,1.194600,1.194310,1.194560,1.194190,1.194440,1.194120,1.194410
2017/12/28 22:30:00,1.194560,1.194870,1.193740,1.193930,1.194410,1.194570,1.193570,1.193780
2017/12/28 23:00:00,1.193930,1.194170,1.193920,1.194090,1.193780,1.194040,1.193780,1.193960
2017/12/28 23:30:00,1.194090,1.194190,1.193990,1.194020,1.193960,1.194070,1.193860,1.193890
2017/12/29 00:00:00,1.194020,1.194350,1.193970,1.194220,1.193890,1.194220,1.193860,1.194090
2017/12/29 00:30:00,1.194220,1.194780,1.194190,1.194490,1.194090,1.194680,1.194070,1.194370
2017/12/29 01:00:00,1.194490,1.194990,1.193900,1.194020,1.194370,1.194870,1.193790,1.193900
2017/12/29 01:30:00,1.194020,1.194380,1.193760,1.194300,1.193900,1.194260,1.193640,1.194170
2017/12/29 02:00:00,1.194300,1.194600,1.193860,1.193940,1.194170,1.194480,1.193760,1.193850
2017/12/29 02:30:00,1.193940,1.194890,1.193810,1.194850,1.193850,1.194770,1.193710,1.194730
2017/12/29 03:00:00,1.194850,1.194850,1.194240,1.194630,1.194730,1.194730,1.194120,1.194510
2017/12/29 03:30:00,1.194630,1.194630,1.194290,1.194330,1.194510,1.194510,1.194170,1.194210
2017/12/29 04:00:00,1.194330,1.194660,1.194200,1.194580,1.194210,1.194540,1.194090,1.194460
2017/12/29 04:30:00,1.194580,1.194660,1.194460,1.194510,1.194460,1.194540,1.194340,1.194390
2017/12/29 05:00:00,1.194510,1.194800,1.194460,1.194670,1.194390,1.194680,1.194340,1.194550
2017/12/29 05:30:00,1.194670,1.195030,1.194570,1.194970,1.194550,1.194910,1.194450,1.194850
2017/12/29 06:00:00,1.194970,1.195430,1.194920,1.195060,1.194850,1.195320,1.194810,1.194960
2017/12/29 06:30:00,1.195060,1.195600,1.195010,1.195570,1.194960,1.195490,1.194890,1.195450
2017/12/29 07:00:00,1.195570,1.195930,1.194880,1.195170,1.195450,1.195820,1.194790,1.195070
2017/12/29 07:30:00,1.195170,1.195510,1.194660,1.195290,1.195070,1.195390,1.194550,1.195180
2017/12/29 08:00:00,1.195290,1.196600,1.195240,1.196250,1.195180,1.196490,1.195140,1.196140
2017/12/29 08:30:00,1.196250,1.196950,1.196230,1.196810,1.196140,1.196850,1.196130,1.196690
2017/12/29 09:00:00,1.196810,1.198300,1.196780,1.198200,1.196690,1.198190,1.196680,1.198080
2017/12/29 09:30:00,1.198200,1.198830,1.198100,1.198190,1.198080,1.198730,1.198010,1.198080
2017/12/29 10:00:00,1.198190,1.198590,1.197670,1.197790,1.198080,1.198480,1.197550,1.197670
2017/12/29 10:30:00,1.197790,1.198190,1.197400,1.198110,1.197670,1.198080,1.197290,1.198010
2017/12/29 11:00:00,1.198110,1.198470,1.197990,1.198140,1.198010,1.198370,1.197890,1.198030
2017/12/29 11:30:00,1.198140,1.199020,1.197960,1.198780,1.198030,1.198910,1.197850,1.198660
2017/12/29 12:00:00,1.198780,1.199330,1.198520,1.199010,1.198660,1.199220,1.198410,1.198910
2017/12/29 12:30:00,1.199010,1.199560,1.198830,1.199550,1.198910,1.199490,1.198720,1.199450
2017/12/29 13:00:00,1.199550,1.199930,1.199210,1.199580,1.199450,1.199830,1.199130,1.199470
2017/12/29 13:30:00,1.199580,1.199680,1.198300,1.198750,1.199470,1.199580,1.198200,1.198640
2017/12/29 14:00:00,1.198750,1.198950,1.198600,1.198880,1.198640,1.198850,1.198500,1.198770
2017/12/29 14:30:00,1.198880,1.199570,1.198830,1.199340,1.198770,1.199470,1.198720,1.199230
2017/12/29 15:00:00,1.199340,1.199740,1.198810,1.199110,1.199230,1.199640,1.198720,1.199020
2017/12/29 15:30:00,1.199110,1.201210,1.199050,1.201050,1.199020,1.201110,1.198950,1.200940
2017/12/29 16:00:00,1.201050,1.201440,1.200210,1.200790,1.200940,1.201340,1.200110,1.200690
2017/12/29 16:30:00,1.200790,1.202310,1.200630,1.202270,1.200690,1.202200,1.200520,1.202160
2017/12/29 17:00:00,1.202270,1.202560,1.201940,1.202500,1.202160,1.202480,1.201850,1.202390
2017/12/29 17:30:00,1.202500,1.202610,1.201960,1.202210,1.202390,1.202500,1.201850,1.202100
2017/12/29 18:00:00,1.202210,1.202450,1.201890,1.201890,1.202100,1.202350,1.201780,1.201780
2017/12/29 18:30:00,1.201890,1.201900,1.201240,1.201430,1.201780,1.201780,1.201140,1.201310
2017/12/29 19:00:00,1.201430,1.201480,1.200910,1.201040,1.201310,1.201370,1.200820,1.200930
2017/12/29 19:30:00,1.201040,1.201230,1.200780,1.200980,1.200930,1.201130,1.200660,1.200880
2017/12/29 20:00:00,1.200980,1.201120,1.200430,1.200580,1.200880,1.201020,1.200310,1.200460
2017/12/29 20:30:00,1.200580,1.200640,1.199830,1.199870,1.200460,1.200520,1.199710,1.199760
2017/12/29 21:00:00,1.199870,1.200480,1.199620,1.199900,1.199760,1.200350,1.199500,1.199780
2017/12/29 21:30:00,1.199900,1.201300,1.199370,1.200970,1.199780,1.200710,1.199130,1.200440
