StartDate,AskOpen,AskHigh,AskLow,AskClose,BidOpen,BidHigh,BidLow,BidClose
2017/06/01 00:00:00,1.124020,1.124360,1.123480,1.123750,1.123780,1.124110,1.123240,1.123510
2017/06/01 00:30:00,1.123750,1.123850,1.123480,1.123580,1.123510,1.123610,1.123240,1.123350
2017/06/01 01:00:00,1.123580,1.124150,1.123490,1.123890,1.123350,1.123920,1.123240,1.123650
2017/06/01 01:30:00,1.123890,1.125680,1.123890,1.124830,1.123650,1.125420,1.123650,1.124580
2017/06/01 02:00:00,1.124830,1.125800,1.124730,1.124790,1.124580,1.125560,1.124480,1.124550
2017/06/01 02:30:00,1.124790,1.124830,1.124280,1.124340,1.124550,1.124590,1.124050,1.124100
2017/06/01 03:00:00,1.124340,1.124470,1.123860,1.124400,1.124100,1.124220,1.123620,1.124160
2017/06/01 03:30:00,1.124400,1.125050,1.124360,1.124790,1.124160,1.124810,1.124150,1.124570
2017/06/01 04:00:00,1.124790,1.124800,1.124450,1.124700,1.124570,1.124580,1.124230,1.124450
2017/06/01 04:30:00,1.124700,1.124900,1.124540,1.124790,1.124450,1.124650,1.124320,1.124550
2017/06/01 05:00:00,1.124790,1.124940,1.124100,1.124310,1.124550,1.124680,1.123850,1.124060
2017/06/01 05:30:00,1.124310,1.124410,1.123880,1.123920,1.124060,1.124170,1.123640,1.123660
2017/06/01 06:00:00,1.123920,1.123960,1.123040,1.123100,1.123660,1.123710,1.122800,1.122850
2017/06/01 06:30:00,1.123100,1.125000,1.122880,1.124510,1.122850,1.124780,1.122640,1.124250
2017/06/01 07:00:00,1.124510,1.124710,1.123420,1.123660,1.124250,1.124480,1.123190,1.123420
2017/06/01 07:30:00,1.123660,1.124020,1.123020,1.123390,1.123420,1.123770,1.122790,1.123140
2017/06/01 08:00:00,1.123390,1.123910,1.122710,1.123040,1.123140,1.123680,1.122460,1.122810
2017/06/01 08:30:00,1.123040,1.123480,1.122430,1.122760,1.122810,1.123240,1.122180,1.122510
2017/06/01 09:00:00,1.122760,1.123400,1.122470,1.122810,1.122510,1.123160,1.122230,1.122570
2017/06/01 09:30:00,1.122810,1.123820,1.122340,1.123680,1.122570,1.123580,1.122110,1.123450
2017/06/01 10:00:00,1.123680,1.123810,1.122890,1.123150,1.123450,1.123570,1.122650,1.122910
2017/06/01 10:30:00,1.123150,1.123310,1.122530,1.122900,1.122910,1.123070,1.122300,1.122660
2017/06/01 11:00:00,1.122900,1.122950,1.121790,1.122360,1.122660,1.122720,1.121570,1.122110
2017/06/01 11:30:00,1.122360,1.122520,1.121890,1.121960,1.122110,1.122290,1.121660,1.121720
2017/06/01 12:00:00,1.121960,1.122610,1.120330,1.120960,1.121720,1.122380,1.119910,1.120690
2017/06/01 12:30:00,1.120960,1.121850,1.120960,1.121580,1.120690,1.121620,1.120670,1.121350
2017/06/01 13:00:00,1.121580,1.122180,1.121430,1.121570,1.121350,1.121940,1.121200,1.121320
2017/06/01 13:30:00,1.121570,1.122730,1.121550,1.122450,1.121320,1.122490,1.121300,1.122030
2017/06/01 14:00:00,1.122450,1.123590,1.122100,1.122140,1.122030,1.123330,1.121870,1.121900
2017/06/01 14:30:00,1.122140,1.122890,1.121710,1.122670,1.121900,1.122650,1.121470,1.122430
2017/06/01 15:00:00,1.122670,1.122710,1.121620,1.121860,1.122430,1.122480,1.121370,1.121620
2017/06/01 15:30:00,1.121860,1.122010,1.121020,1.121470,1.121620,1.121770,1.120790,1.121240
2017/06/01 16:00:00,1.121470,1.121850,1.121120,1.121250,1.121240,1.121620,1.120880,1.121030
2017/06/01 16:30:00,1.121250,1.121410,1.120730,1.121080,1.121030,1.121180,1.120500,1.120850
2017/06/01 17:00:00,1.121080,1.121370,1.120990,1.121360,1.120850,1.121150,1.120790,1.121150
2017/06/01 17:30:00,1.121360,1.121450,1.120790,1.121230,1.121150,1.121220,1.120570,1.120990
2017/06/01 18:00:00,1.121230,1.121620,1.120780,1.121570,1.120990,1.121380,1.120550,1.121330
2017/06/01 18:30:00,1.121570,1.122060,1.121500,1.121580,1.121330,1.121830,1.121270,1.121380
2017/06/01 19:00:00,1.121580,1.121920,1.121290,1.121720,1.121380,1.121680,1.121060,1.121480
2017/06/01 19:30:00,1.121720,1.121760,1.121220,1.121570,1.121480,1.121530,1.120990,1.121340
2017/06/01 20:00:00,1.121570,1.121730,1.121330,1.121670,1.121340,1.121520,1.121080,1.121440
2017/06/01 20:30:00,1.121670,1.121750,1.121150,1.121390,1.121440,1.121520,1.120910,1.120970
2017/06/01 21:00:00,1.121390,1.122030,1.121330,1.121610,1.120970,1.121570,1.120970,1.121300
2017/06/01 21:30:00,1.121610,1.121900,1.121390,1.121540,1.121300,1.121560,1.121120,1.121290
2017/06/01 22:00:00,1.121540,1.121790,1.121480,1.121790,1.121290,1.121560,1.121250,1.121550
2017/06/01 22:30:00,1.121790,1.122080,1.121630,1.122030,1.121550,1.121830,1.121360,1.121780
2017/06/01 23:00:00,1.122030,1.122030,1.121670,1.121800,1.121780,1.121780,1.121420,1.121560
2017/06/01 23:30:00,1.121800,1.122030,1.121360,1.121420,1.121560,1.121790,1.121110,1.121180
2017/06/02 00:00:00,1.121420,1.121930,1.121330,1.121560,1.121180,1.121700,1.121100,1.121340
2017/06/02 00:30:00,1.121560,1.121850,1.121470,1.121790,1.121340,1.121630,1.121220,1.121560
2017/06/02 01:00:00,1.121790,1.122330,1.121680,1.122020,1.121560,1.122100,1.121450,1.121780
2017/06/02 01:30:00,1.122020,1.122120,1.121700,1.121840,1.121780,1.121870,1.121470,1.121590
2017/06/02 02:00:00,1.121840,1.122160,1.121740,1.122000,1.121590,1.121910,1.121510,1.121760
2017/06/02 02:30:00,1.122000,1.122000,1.121690,1.121820,1.121760,1.121770,1.121460,1.121570
2017/06/02 03:00:00,1.121820,1.122030,1.121640,1.121660,1.121570,1.121780,1.121410,1.121410
2017/06/02 03:30:00,1.121660,1.121980,1.121660,1.121970,1.121410,1.121740,1.121410,1.121730
2017/06/02 04:00:00,1.121970,1.121970,1.121790,1.121860,1.121730,1.121730,1.121560,1.121620
2017/06/02 04:30:00,1.121860,1.122140,1.121850,1.122080,1.121620,1.121910,1.121610,1.121840
2017/06/02 05:00:00,1.122080,1.122180,1.121720,1.121800,1.121840,1.121940,1.121470,1.121570
2017/06/02 05:30:00,1.121800,1.122090,1.121760,1.121880,1.121570,1.121840,1.121510,1.121640
2017/06/02 06:00:00,1.121880,1.122300,1.121700,1.122120,1.121640,1.122070,1.121480,1.121880
2017/06/02 06:30:00,1.122120,1.122210,1.121750,1.121970,1.121880,1.121980,1.121510,1.121740
2017/06/02 07:00:00,1.121970,1.122320,1.121740,1.122130,1.121740,1.122100,1.121500,1.121900
2017/06/02 07:30:00,1.122130,1.122950,1.121600,1.121650,1.121900,1.122710,1.121380,1.121410
2017/06/02 08:00:00,1.121650,1.122730,1.121570,1.122480,1.121410,1.122490,1.121330,1.122270
2017/06/02 08:30:00,1.122480,1.122780,1.122030,1.122250,1.122270,1.122570,1.121790,1.122000
2017/06/02 09:00:00,1.122250,1.122510,1.121880,1.122060,1.122000,1.122260,1.121660,1.121820
2017/06/02 09:30:00,1.122060,1.122500,1.121800,1.122240,1.121820,1.122270,1.121570,1.122000
2017/06/02 10:00:00,1.122240,1.122540,1.121930,1.122330,1.122000,1.122300,1.121700,1.122100
2017/06/02 10:30:00,1.122330,1.122390,1.121670,1.121960,1.122100,1.122150,1.121430,1.121720
2017/06/02 11:00:00,1.121960,1.122140,1.121150,1.121540,1.121720,1.121900,1.120920,1.121300
2017/06/02 11:30:00,1.121540,1.121640,1.120620,1.120700,1.121300,1.121390,1.120390,1.120470
2017/06/02 12:00:00,1.120700,1.122240,1.120650,1.121930,1.120470,1.121870,1.120420,1.121220
2017/06/02 12:30:00,1.121930,1.128370,1.121920,1.127070,1.121220,1.128140,1.121220,1.126840
2017/06/02 13:00:00,1.127070,1.127320,1.125580,1.126700,1.126840,1.127080,1.125360,1.126460
2017/06/02 13:30:00,1.126700,1.127860,1.126370,1.127720,1.126460,1.127650,1.126140,1.127480
2017/06/02 14:00:00,1.127720,1.128070,1.126210,1.126470,1.127480,1.127830,1.125960,1.126220
2017/06/02 14:30:00,1.126470,1.127660,1.125740,1.127660,1.126220,1.127430,1.125510,1.127420
2017/06/02 15:00:00,1.127660,1.128130,1.127210,1.127880,1.127420,1.127910,1.126980,1.127660
2017/06/02 15:30:00,1.127880,1.128280,1.126830,1.127090,1.127660,1.128040,1.126590,1.126860
2017/06/02 16:00:00,1.127090,1.127780,1.126860,1.126960,1.126860,1.127540,1.126630,1.126730
2017/06/02 16:30:00,1.126960,1.127410,1.126690,1.127110,1.126730,1.127170,1.126460,1.126870
2017/06/02 17:00:00,1.127110,1.127520,1.127090,1.127270,1.126870,1.127290,1.126850,1.127040
2017/06/02 17:30:00,1.127270,1.127780,1.126810,1.127690,1.127040,1.127540,1.126570,1.127470
2017/06/02 18:00:00,1.127690,1.128090,1.127520,1.127850,1.127470,1.127850,1.127280,1.127610
2017/06/02 18:30:00,1.127850,1.128030,1.127510,1.127790,1.127610,1.127800,1.127280,1.127570
2017/06/02 19:00:00,1.127790,1.128430,1.127620,1.128330,1.127570,1.128190,1.127380,1.128120
2017/06/02 19:30:00,1.128330,1.128710,1.128120,1.128330,1.128120,1.128400,1.127880,1.128100
2017/06/02 20:00:00,1.128330,1.128530,1.128110,1.128370,1.128100,1.128280,1.127880,1.128140
2017/06/02 20:30:00,1.128370,1.128620,1.128130,1.128290,1.128140,1.128370,1.127790,1.127920
2017/06/04 19:00:00,1.128290,1.128760,1.128210,1.128630,1.127920,1.128130,1.127240,1.127570
2017/06/04 19:30:00,1.128630,1.128780,1.127750,1.127750,1.127570,1.128220,1.127080,1.127160
2017/06/04 20:00:00,1.127750,1.127870,1.127560,1.127820,1.127160,1.127360,1.127160,1.127220
2017/06/04 20:30:00,1.127820,1.127940,1.127420,1.127900,1.127220,1.127220,1.126730,1.127000
2017/06/04 21:00:00,1.127900,1.128720,1.127680,1.128500,1.127000,1.128150,1.126800,1.128120
2017/06/04 21:30:00,1.128500,1.128690,1.127850,1.128190,1.128120,1.128120,1.127010,1.127650
2017/06/04 22:00:00,1.128190,1.128580,1.127600,1.127710,1.127650,1.128240,1.127210,1.127480
2017/06/04 22:30:00,1.127710,1.128090,1.127450,1.128090,1.127480,1.127790,1.127170,1.127790
2017/06/04 23:00:00,1.128090,1.128220,1.127720,1.128190,1.127790,1.127960,1.127490,1.127940
2017/06/04 23:30:00,1.128190,1.128240,1.127870,1.127880,1.127940,1.127990,1.127610,1.127620
2017/06/05 00:00:00,1.127880,1.127930,1.127130,1.127260,1.127620,1.127710,1.126880,1.127020
2017/06/05 00:30:00,1.127260,1.127680,1.127030,1.127390,1.127020,1.127430,1.126770,1.127140
2017/06/05 01:00:00,1.127390,1.127850,1.127320,1.127470,1.127140,1.127610,1.127070,1.127260
2017/06/05 01:30:00,1.127470,1.127570,1.126990,1.127070,1.127260,1.127320,1.126750,1.126820
2017/06/05 02:00:00,1.127070,1.127450,1.127060,1.127180,1.126820,1.127210,1.126810,1.126940
2017/06/05 02:30:00,1.127180,1.127510,1.126630,1.127500,1.126940,1.127280,1.126370,1.127250
2017/06/05 03:00:00,1.127500,1.127620,1.126820,1.126880,1.127250,1.127370,1.126570,1.126640
2017/06/05 03:30:00,1.126880,1.127240,1.126880,1.127190,1.126640,1.126990,1.126620,1.126960
2017/06/05 04:00:00,1.127190,1.127230,1.126970,1.127080,1.126960,1.127000,1.126720,1.126830
2017/06/05 04:30:00,1.127080,1.127080,1.126460,1.126760,1.126830,1.126830,1.126220,1.126520
2017/06/05 05:00:00,1.126760,1.126850,1.126280,1.126680,1.126520,1.126580,1.126040,1.126430
2017/06/05 05:30:00,1.126680,1.126770,1.126270,1.126600,1.126430,1.126530,1.126020,1.126360
2017/06/05 06:00:00,1.126600,1.127010,1.126490,1.126850,1.126360,1.126770,1.126270,1.126620
2017/06/05 06:30:00,1.126850,1.127130,1.126360,1.126480,1.126620,1.126890,1.126120,1.126240
2017/06/05 07:00:00,1.126480,1.128010,1.126120,1.127320,1.126240,1.127770,1.125900,1.127070
2017/06/05 07:30:00,1.127320,1.127620,1.126510,1.126650,1.127070,1.127380,1.126270,1.126420
2017/06/05 08:00:00,1.126650,1.127080,1.126530,1.126670,1.126420,1.126840,1.126290,1.126440
2017/06/05 08:30:00,1.126670,1.127370,1.126420,1.127340,1.126440,1.127130,1.126180,1.127090
2017/06/05 09:00:00,1.127340,1.127340,1.126320,1.126520,1.127090,1.127090,1.126080,1.126280
2017/06/05 09:30:00,1.126520,1.126800,1.126330,1.126610,1.126280,1.126550,1.126090,1.126370
2017/06/05 10:00:00,1.126610,1.126850,1.124460,1.124550,1.126370,1.126600,1.124210,1.124320
2017/06/05 10:30:00,1.124550,1.124950,1.123640,1.124420,1.124320,1.124710,1.123400,1.124180
2017/06/05 11:00:00,1.124420,1.124740,1.123770,1.124680,1.124180,1.124500,1.123510,1.124450
2017/06/05 11:30:00,1.124680,1.124870,1.123910,1.124800,1.124450,1.124630,1.123680,1.124560
2017/06/05 12:00:00,1.124800,1.125290,1.124620,1.124780,1.124560,1.125050,1.124410,1.124530
2017/06/05 12:30:00,1.124780,1.125130,1.124180,1.124320,1.124530,1.124890,1.123940,1.124080
2017/06/05 13:00:00,1.124320,1.125570,1.123550,1.125430,1.124080,1.125340,1.123290,1.125200
2017/06/05 13:30:00,1.125430,1.125680,1.124820,1.125130,1.125200,1.125450,1.124580,1.124730
2017/06/05 14:00:00,1.125130,1.125480,1.124610,1.125220,1.124730,1.125230,1.124380,1.124970
2017/06/05 14:30:00,1.125220,1.125660,1.124410,1.125160,1.124970,1.125430,1.124170,1.124920
2017/06/05 15:00:00,1.125160,1.125620,1.124850,1.125140,1.124920,1.125380,1.124610,1.124910
2017/06/05 15:30:00,1.125140,1.125530,1.124900,1.125100,1.124910,1.125300,1.124670,1.124870
2017/06/05 16:00:00,1.125100,1.125330,1.124900,1.125150,1.124870,1.125090,1.124660,1.124910
2017/06/05 16:30:00,1.125150,1.125610,1.125040,1.125410,1.124910,1.125370,1.124810,1.125170
2017/06/05 17:00:00,1.125410,1.126230,1.125410,1.126160,1.125170,1.126000,1.125170,1.125920
2017/06/05 17:30:00,1.126160,1.126570,1.125800,1.125870,1.125920,1.126340,1.125560,1.125620
2017/06/05 18:00:00,1.125870,1.125910,1.125350,1.125420,1.125620,1.125680,1.125120,1.125190
2017/06/05 18:30:00,1.125420,1.125870,1.125210,1.125840,1.125190,1.125630,1.124970,1.125600
2017/06/05 19:00:00,1.125840,1.125890,1.125390,1.125550,1.125600,1.125650,1.125150,1.125300
2017/06/05 19:30:00,1.125550,1.125910,1.125490,1.125670,1.125300,1.125670,1.125270,1.125430
2017/06/05 20:00:00,1.125670,1.126030,1.125600,1.125730,1.125430,1.125790,1.125370,1.125500
2017/06/05 20:30:00,1.125730,1.125880,1.125490,1.125540,1.125500,1.125630,1.125220,1.125250
2017/06/05 21:00:00,1.125540,1.125900,1.125530,1.125640,1.125250,1.125640,1.125220,1.125410
2017/06/05 21:30:00,1.125640,1.126510,1.125590,1.125670,1.125410,1.125740,1.125100,1.125200
2017/06/05 22:00:00,1.125670,1.126100,1.125580,1.126040,1.125200,1.125830,1.125140,1.125810
2017/06/05 22:30:00,1.126040,1.126120,1.125930,1.125960,1.125810,1.125860,1.125690,1.125700
2017/06/05 23:00:00,1.125960,1.126070,1.125840,1.125880,1.125700,1.125840,1.125610,1.125630
2017/06/05 23:30:00,1.125880,1.125970,1.125610,1.125870,1.125630,1.125750,1.125400,1.125620
2017/06/06 00:00:00,1.125870,1.126230,1.125840,1.125930,1.125620,1.125980,1.125580,1.125690
2017/06/06 00:30:00,1.125930,1.126680,1.125880,1.126360,1.125690,1.126450,1.125640,1.126130
2017/06/06 01:00:00,1.126360,1.127140,1.126350,1.126960,1.126130,1.126890,1.126110,1.126720
2017/06/06 01:30:00,1.126960,1.127400,1.126720,1.127380,1.126720,1.127170,1.126480,1.127130
2017/06/06 02:00:00,1.127380,1.127570,1.127160,1.127510,1.127130,1.127330,1.126920,1.127270
2017/06/06 02:30:00,1.127510,1.127610,1.127230,1.127360,1.127270,1.127380,1.126990,1.127120
2017/06/06 03:00:00,1.127360,1.127540,1.127220,1.127220,1.127120,1.127300,1.126990,1.126990
2017/06/06 03:30:00,1.127220,1.127360,1.126950,1.127000,1.126990,1.127110,1.126720,1.126770
2017/06/06 04:00:00,1.127000,1.127000,1.126700,1.126830,1.126770,1.126780,1.126460,1.126610
2017/06/06 04:30:00,1.126830,1.126980,1.126650,1.126930,1.126610,1.126730,1.126410,1.126690
2017/06/06 05:00:00,1.126930,1.127520,1.126720,1.127470,1.126690,1.127270,1.126480,1.127220
2017/06/06 05:30:00,1.127470,1.127910,1.127240,1.127470,1.127220,1.127660,1.127010,1.127230
2017/06/06 06:00:00,1.127470,1.127780,1.126880,1.126970,1.127230,1.127550,1.126640,1.126730
2017/06/06 06:30:00,1.126970,1.127430,1.126690,1.127060,1.126730,1.127190,1.126470,1.126830
2017/06/06 07:00:00,1.127060,1.127130,1.124350,1.124570,1.126830,1.126910,1.124110,1.124330
2017/06/06 07:30:00,1.124570,1.125210,1.124380,1.125110,1.124330,1.124980,1.124140,1.124880
2017/06/06 08:00:00,1.125110,1.125460,1.124860,1.125100,1.124880,1.125220,1.124630,1.124870
2017/06/06 08:30:00,1.125100,1.125840,1.124890,1.125320,1.124870,1.125600,1.124650,1.125080
2017/06/06 09:00:00,1.125320,1.125450,1.124550,1.124930,1.125080,1.125210,1.124320,1.124700
2017/06/06 09:30:00,1.124930,1.125330,1.124750,1.124970,1.124700,1.125090,1.124520,1.124740
2017/06/06 10:00:00,1.124970,1.125130,1.124550,1.124800,1.124740,1.124900,1.124310,1.124580
2017/06/06 10:30:00,1.124800,1.125440,1.124520,1.125100,1.124580,1.125200,1.124280,1.124890
2017/06/06 11:00:00,1.125100,1.125110,1.124170,1.124670,1.124890,1.124900,1.123930,1.124430
2017/06/06 11:30:00,1.124670,1.126080,1.124650,1.124960,1.124430,1.125840,1.124410,1.124720
2017/06/06 12:00:00,1.124960,1.125910,1.124960,1.125570,1.124720,1.125700,1.124720,1.125350
2017/06/06 12:30:00,1.125570,1.125820,1.124840,1.125650,1.125350,1.125580,1.124610,1.125420
2017/06/06 13:00:00,1.125650,1.127420,1.125510,1.127050,1.125420,1.127190,1.125280,1.126800
2017/06/06 13:30:00,1.127050,1.127710,1.126650,1.126870,1.126800,1.127470,1.126410,1.126630
2017/06/06 14:00:00,1.126870,1.127700,1.126230,1.127520,1.126630,1.127470,1.126000,1.127280
2017/06/06 14:30:00,1.127520,1.127790,1.126560,1.126710,1.127280,1.127550,1.126320,1.126470
2017/06/06 15:00:00,1.126710,1.127420,1.126370,1.127190,1.126470,1.127180,1.126130,1.126960
2017/06/06 15:30:00,1.127190,1.127340,1.126400,1.126730,1.126960,1.127110,1.126170,1.126490
2017/06/06 16:00:00,1.126730,1.127290,1.126560,1.126890,1.126490,1.127050,1.126340,1.126650
2017/06/06 16:30:00,1.126890,1.127320,1.126880,1.127130,1.126650,1.127090,1.126650,1.126910
2017/06/06 17:00:00,1.127130,1.128310,1.127100,1.127700,1.126910,1.128070,1.126900,1.127460
2017/06/06 17:30:00,1.127700,1.128550,1.127520,1.128340,1.127460,1.128340,1.127280,1.128110
2017/06/06 18:00:00,1.128340,1.128340,1.127710,1.128130,1.128110,1.128110,1.127470,1.127880
2017/06/06 18:30:00,1.128130,1.128210,1.126920,1.127030,1.127880,1.127970,1.126690,1.126780
2017/06/06 19:00:00,1.127030,1.127900,1.127020,1.127660,1.126780,1.127670,1.126780,1.127420
2017/06/06 19:30:00,1.127660,1.128000,1.127580,1.127930,1.127420,1.127760,1.127330,1.127700
2017/06/06 20:00:00,1.127930,1.127980,1.127330,1.127420,1.127700,1.127750,1.127100,1.127180
2017/06/06 20:30:00,1.127420,1.128030,1.127320,1.127890,1.127180,1.127680,1.127100,1.127480
2017/06/06 21:00:00,1.127890,1.128150,1.127790,1.128080,1.127480,1.127840,1.127480,1.127730
2017/06/06 21:30:00,1.128080,1.128330,1.127820,1.127930,1.127730,1.127950,1.127520,1.127680
2017/06/06 22:00:00,1.127930,1.128350,1.127890,1.128030,1.127680,1.128080,1.127650,1.127780
2017/06/06 22:30:00,1.128030,1.128110,1.127850,1.127940,1.127780,1.127870,1.127620,1.127690
2017/06/06 23:00:00,1.127940,1.127970,1.127760,1.127820,1.127690,1.127730,1.127520,1.127580
2017/06/06 23:30:00,1.127820,1.127880,1.127120,1.127160,1.127580,1.127640,1.126890,1.126920
2017/06/07 00:00:00,1.127160,1.127630,1.126900,1.127620,1.126920,1.127400,1.126670,1.127380
2017/06/07 00:30:00,1.127620,1.127780,1.127360,1.127380,1.127380,1.127560,1.127120,1.127140
2017/06/07 01:00:00,1.127380,1.127510,1.126890,1.127020,1.127140,1.127280,1.126650,1.126780
2017/06/07 01:30:00,1.127020,1.127420,1.126900,1.127080,1.126780,1.127180,1.126660,1.126860
2017/06/07 02:00:00,1.127080,1.127080,1.126740,1.126810,1.126860,1.126860,1.126490,1.126570
2017/06/07 02:30:00,1.126810,1.126840,1.126330,1.126640,1.126570,1.126600,1.126090,1.126400
2017/06/07 03:00:00,1.126640,1.126700,1.126380,1.126530,1.126400,1.126460,1.126130,1.126290
2017/06/07 03:30:00,1.126530,1.126680,1.126420,1.126570,1.126290,1.126440,1.126190,1.126330
2017/06/07 04:00:00,1.126570,1.126640,1.126130,1.126370,1.126330,1.126420,1.125890,1.126130
2017/06/07 04:30:00,1.126370,1.126680,1.126310,1.126580,1.126130,1.126450,1.126070,1.126340
2017/06/07 05:00:00,1.126580,1.126820,1.126530,1.126790,1.126340,1.126590,1.126300,1.126550
2017/06/07 05:30:00,1.126790,1.126960,1.126620,1.126670,1.126550,1.126720,1.126380,1.126420
2017/06/07 06:00:00,1.126670,1.127010,1.126430,1.126710,1.126420,1.126770,1.126190,1.126490
2017/06/07 06:30:00,1.126710,1.127830,1.126710,1.127360,1.126490,1.127590,1.126480,1.127130
2017/06/07 07:00:00,1.127360,1.127430,1.124740,1.125760,1.127130,1.127200,1.124500,1.125510
2017/06/07 07:30:00,1.125760,1.125990,1.125280,1.125520,1.125510,1.125750,1.125040,1.125280
2017/06/07 08:00:00,1.125520,1.126270,1.125500,1.125620,1.125280,1.126040,1.125270,1.125390
2017/06/07 08:30:00,1.125620,1.126910,1.125430,1.126370,1.125390,1.126680,1.125190,1.126130
2017/06/07 09:00:00,1.126370,1.127580,1.126350,1.127570,1.126130,1.127340,1.126130,1.127330
2017/06/07 09:30:00,1.127570,1.127830,1.127070,1.127130,1.127330,1.127590,1.126820,1.126880
2017/06/07 10:00:00,1.127130,1.127210,1.121170,1.122200,1.126880,1.126960,1.120940,1.121960
2017/06/07 10:30:00,1.122200,1.122410,1.120630,1.121340,1.121960,1.122190,1.120390,1.121090
2017/06/07 11:00:00,1.121340,1.121660,1.120530,1.121020,1.121090,1.121420,1.120300,1.120780
2017/06/07 11:30:00,1.121020,1.122840,1.120950,1.121690,1.120780,1.122590,1.120710,1.121440
2017/06/07 12:00:00,1.121690,1.123080,1.121460,1.122820,1.121440,1.122850,1.121230,1.122580
2017/06/07 12:30:00,1.122820,1.123490,1.122610,1.123120,1.122580,1.123250,1.122380,1.122880
2017/06/07 13:00:00,1.123120,1.124020,1.122590,1.123210,1.122880,1.123790,1.122350,1.122970
2017/06/07 13:30:00,1.123210,1.126470,1.123110,1.126290,1.122970,1.126220,1.122870,1.126040
2017/06/07 14:00:00,1.126290,1.126960,1.125990,1.126480,1.126040,1.126720,1.125750,1.126250
2017/06/07 14:30:00,1.126480,1.128380,1.126180,1.126400,1.126250,1.128160,1.125940,1.126170
2017/06/07 15:00:00,1.126400,1.126490,1.124800,1.125610,1.126170,1.126260,1.124570,1.125370
2017/06/07 15:30:00,1.125610,1.125640,1.123130,1.123870,1.125370,1.125400,1.122870,1.123630
2017/06/07 16:00:00,1.123870,1.124570,1.122420,1.124190,1.123630,1.124320,1.122180,1.123950
2017/06/07 16:30:00,1.124190,1.126680,1.124060,1.126600,1.123950,1.126450,1.123820,1.126370
2017/06/07 17:00:00,1.126600,1.127350,1.126570,1.126860,1.126370,1.127120,1.126320,1.126640
2017/06/07 17:30:00,1.126860,1.127070,1.126390,1.126650,1.126640,1.126830,1.126160,1.126420
2017/06/07 18:00:00,1.126650,1.126900,1.125680,1.126050,1.126420,1.126700,1.125450,1.125830
2017/06/07 18:30:00,1.126050,1.126320,1.125300,1.125490,1.125830,1.126080,1.125050,1.125240
2017/06/07 19:00:00,1.125490,1.125780,1.125290,1.125610,1.125240,1.125540,1.125050,1.125390
2017/06/07 19:30:00,1.125610,1.126890,1.125490,1.126880,1.125390,1.126660,1.125270,1.126640
2017/06/07 20:00:00,1.126880,1.127020,1.126280,1.126470,1.126640,1.126780,1.126040,1.126240
2017/06/07 20:30:00,1.126470,1.126850,1.125850,1.125850,1.126240,1.126610,1.125330,1.125510
2017/06/07 21:00:00,1.125850,1.127180,1.125760,1.126380,1.125510,1.126120,1.125270,1.125850
2017/06/07 21:30:00,1.126380,1.126420,1.125880,1.126060,1.125850,1.126050,1.125580,1.125790
2017/06/07 22:00:00,1.126060,1.126290,1.125870,1.126080,1.125790,1.126030,1.125500,1.125820
2017/06/07 22:30:00,1.126080,1.126090,1.125630,1.125940,1.125820,1.125830,1.125350,1.125690
2017/06/07 23:00:00,1.125940,1.126240,1.125760,1.125910,1.125690,1.125990,1.125520,1.125680
2017/06/07 23:30:00,1.125910,1.126190,1.125570,1.125690,1.125680,1.125960,1.125340,1.125450
2017/06/08 00:00:00,1.125690,1.125820,1.125250,1.125270,1.125450,1.125580,1.125010,1.125030
2017/06/08 00:30:00,1.125270,1.125290,1.124920,1.125190,1.125030,1.125070,1.124670,1.124940
2017/06/08 01:00:00,1.125190,1.125310,1.124850,1.125150,1.124940,1.125070,1.124610,1.124910
2017/06/08 01:30:00,1.125150,1.125800,1.124840,1.125650,1.124910,1.125570,1.124610,1.125420
2017/06/08 02:00:00,1.125650,1.126020,1.125460,1.125720,1.125420,1.125790,1.125230,1.125480
2017/06/08 02:30:00,1.125720,1.126260,1.125650,1.126250,1.125480,1.126020,1.125430,1.126000
2017/06/08 03:00:00,1.126250,1.126250,1.125760,1.125870,1.126000,1.126020,1.125520,1.125630
2017/06/08 03:30:00,1.125870,1.125920,1.125460,1.125520,1.125630,1.125670,1.125220,1.125280
2017/06/08 04:00:00,1.125520,1.125680,1.125250,1.125420,1.125280,1.125430,1.125020,1.125170
2017/06/08 04:30:00,1.125420,1.125990,1.125150,1.125870,1.125170,1.125740,1.124910,1.125620
2017/06/08 05:00:00,1.125870,1.126280,1.125350,1.125950,1.125620,1.126040,1.125110,1.125730
2017/06/08 05:30:00,1.125950,1.126490,1.125660,1.126460,1.125730,1.126230,1.125420,1.126200
2017/06/08 06:00:00,1.126460,1.127050,1.126050,1.126610,1.126200,1.126810,1.125810,1.126380
2017/06/08 06:30:00,1.126610,1.126700,1.125180,1.125360,1.126380,1.126470,1.124950,1.125120
2017/06/08 07:00:00,1.125360,1.126250,1.125120,1.125830,1.125120,1.126030,1.124880,1.125600
2017/06/08 07:30:00,1.125830,1.126610,1.125270,1.126090,1.125600,1.126370,1.125040,1.125870
2017/06/08 08:00:00,1.126090,1.126430,1.125080,1.125300,1.125870,1.126220,1.124840,1.125060
2017/06/08 08:30:00,1.125300,1.125560,1.124440,1.125050,1.125060,1.125330,1.124200,1.124800
2017/06/08 09:00:00,1.125050,1.125530,1.124140,1.124420,1.124800,1.125290,1.123900,1.124190
2017/06/08 09:30:00,1.124420,1.124610,1.123150,1.123420,1.124190,1.124390,1.122910,1.123190
2017/06/08 10:00:00,1.123420,1.123870,1.123220,1.123740,1.123190,1.123640,1.122990,1.123500
2017/06/08 10:30:00,1.123740,1.123890,1.123180,1.123600,1.123500,1.123650,1.122940,1.123360
2017/06/08 11:00:00,1.123600,1.124280,1.123410,1.123960,1.123360,1.124050,1.123180,1.123710
2017/06/08 11:30:00,1.123960,1.126550,1.121890,1.122590,1.123710,1.126150,1.121660,1.122340
2017/06/08 12:00:00,1.122590,1.123490,1.121810,1.123380,1.122340,1.123250,1.121560,1.123080
2017/06/08 12:30:00,1.123380,1.125240,1.119590,1.122760,1.123080,1.124940,1.119340,1.122550
2017/06/08 13:00:00,1.122760,1.123120,1.120870,1.122320,1.122550,1.122880,1.120630,1.122080
2017/06/08 13:30:00,1.122320,1.122680,1.121470,1.122000,1.122080,1.122440,1.121240,1.121750
2017/06/08 14:00:00,1.122000,1.122020,1.119700,1.121570,1.121750,1.121780,1.119460,1.121330
2017/06/08 14:30:00,1.121570,1.122510,1.121480,1.122250,1.121330,1.122270,1.121230,1.122000
2017/06/08 15:00:00,1.122250,1.122550,1.121760,1.122050,1.122000,1.122310,1.121510,1.121800
2017/06/08 15:30:00,1.122050,1.122310,1.121420,1.121800,1.121800,1.122080,1.121190,1.121560
2017/06/08 16:00:00,1.121800,1.121900,1.120830,1.121790,1.121560,1.121660,1.120600,1.121540
2017/06/08 16:30:00,1.121790,1.122120,1.120880,1.121270,1.121540,1.121900,1.120670,1.121030
2017/06/08 17:00:00,1.121270,1.121270,1.120280,1.120620,1.121030,1.121040,1.120050,1.120400
2017/06/08 17:30:00,1.120620,1.121510,1.120620,1.121290,1.120400,1.121270,1.120400,1.121050
2017/06/08 18:00:00,1.121290,1.121960,1.121000,1.121750,1.121050,1.121720,1.120770,1.121530
2017/06/08 18:30:00,1.121750,1.123000,1.121650,1.122370,1.121530,1.122770,1.121410,1.122140
2017/06/08 19:00:00,1.122370,1.122720,1.121190,1.121480,1.122140,1.122480,1.120960,1.121240
2017/06/08 19:30:00,1.121480,1.121930,1.121080,1.121860,1.121240,1.121700,1.120840,1.121640
2017/06/08 20:00:00,1.121860,1.121960,1.121500,1.121620,1.121640,1.121730,1.121250,1.121380
2017/06/08 20:30:00,1.121620,1.121740,1.121380,1.121520,1.121380,1.121490,1.121030,1.121120
2017/06/08 21:00:00,1.121520,1.124030,1.120930,1.120950,1.121120,1.123550,1.120470,1.120590
2017/06/08 21:30:00,1.120950,1.121120,1.120130,1.120640,1.120590,1.120730,1.119760,1.120350
2017/06/08 22:00:00,1.120640,1.121590,1.120370,1.121070,1.120350,1.121270,1.120070,1.120730
2017/06/08 22:30:00,1.121070,1.121070,1.120440,1.120500,1.120730,1.120730,1.120170,1.120230
2017/06/08 23:00:00,1.120500,1.120500,1.119320,1.119470,1.120230,1.120250,1.119030,1.119220
2017/06/08 23:30:00,1.119470,1.119620,1.118140,1.119000,1.119220,1.119360,1.117880,1.118730
2017/06/09 00:00:00,1.119000,1.119630,1.118530,1.118640,1.118730,1.119360,1.118270,1.118400
2017/06/09 00:30:00,1.118640,1.118710,1.118060,1.118370,1.118400,1.118480,1.117790,1.118110
2017/06/09 01:00:00,1.118370,1.119550,1.118210,1.119390,1.118110,1.119300,1.117950,1.119140
2017/06/09 01:30:00,1.119390,1.120250,1.119300,1.120030,1.119140,1.119980,1.119050,1.119790
2017/06/09 02:00:00,1.120030,1.120150,1.119210,1.119420,1.119790,1.119920,1.118970,1.119170
2017/06/09 02:30:00,1.119420,1.119880,1.119150,1.119710,1.119170,1.119630,1.118900,1.119470
2017/06/09 03:00:00,1.119710,1.119970,1.119300,1.119880,1.119470,1.119740,1.119060,1.119640
2017/06/09 03:30:00,1.119880,1.120750,1.119760,1.120150,1.119640,1.120520,1.119510,1.119920
2017/06/09 04:00:00,1.120150,1.120930,1.120000,1.120820,1.119920,1.120700,1.119770,1.120580
2017/06/09 04:30:00,1.120820,1.121580,1.120280,1.120530,1.120580,1.121330,1.120040,1.120300
2017/06/09 05:00:00,1.120530,1.121470,1.120250,1.120720,1.120300,1.121230,1.120020,1.120480
2017/06/09 05:30:00,1.120720,1.121410,1.120330,1.120500,1.120480,1.121170,1.120070,1.120250
2017/06/09 06:00:00,1.120500,1.121720,1.118780,1.120800,1.120250,1.121480,1.118530,1.120540
2017/06/09 06:30:00,1.120800,1.121120,1.118820,1.119060,1.120540,1.120890,1.118580,1.118810
2017/06/09 07:00:00,1.119060,1.120050,1.118650,1.119340,1.118810,1.119800,1.118410,1.119080
2017/06/09 07:30:00,1.119340,1.119960,1.119060,1.119100,1.119080,1.119730,1.118820,1.118880
2017/06/09 08:00:00,1.119100,1.119170,1.118150,1.118310,1.118880,1.118930,1.117930,1.118060
2017/06/09 08:30:00,1.118310,1.119470,1.117070,1.117750,1.118060,1.119220,1.116850,1.117510
2017/06/09 09:00:00,1.117750,1.118690,1.117620,1.118540,1.117510,1.118450,1.117390,1.118310
2017/06/09 09:30:00,1.118540,1.118860,1.117410,1.117420,1.118310,1.118630,1.117170,1.117170
2017/06/09 10:00:00,1.117420,1.118490,1.117400,1.118120,1.117170,1.118250,1.117170,1.117880
2017/06/09 10:30:00,1.118120,1.118640,1.117480,1.118200,1.117880,1.118410,1.117230,1.117970
2017/06/09 11:00:00,1.118200,1.118470,1.117620,1.117860,1.117970,1.118240,1.117380,1.117620
2017/06/09 11:30:00,1.117860,1.118370,1.117830,1.118050,1.117620,1.118140,1.117600,1.117810
2017/06/09 12:00:00,1.118050,1.118160,1.117240,1.117880,1.117810,1.117920,1.117000,1.117650
2017/06/09 12:30:00,1.117880,1.117980,1.116810,1.117020,1.117650,1.117740,1.116570,1.116770
2017/06/09 13:00:00,1.117020,1.117650,1.116760,1.117470,1.116770,1.117450,1.116520,1.117250
2017/06/09 13:30:00,1.117470,1.118260,1.117310,1.117550,1.117250,1.118040,1.117080,1.117320
2017/06/09 14:00:00,1.117550,1.119020,1.117520,1.118300,1.117320,1.118790,1.117290,1.118070
2017/06/09 14:30:00,1.118300,1.118780,1.118160,1.118440,1.118070,1.118540,1.117940,1.118210
2017/06/09 15:00:00,1.118440,1.119300,1.118380,1.119160,1.118210,1.119060,1.118140,1.118910
2017/06/09 15:30:00,1.119160,1.119400,1.118470,1.119030,1.118910,1.119170,1.118230,1.118790
2017/06/09 16:00:00,1.119030,1.119930,1.118830,1.119820,1.118790,1.119700,1.118590,1.119580
2017/06/09 16:30:00,1.119820,1.120210,1.119720,1.119890,1.119580,1.119970,1.119470,1.119660
2017/06/09 17:00:00,1.119890,1.120550,1.119870,1.119900,1.119660,1.120310,1.119630,1.119680
2017/06/09 17:30:00,1.119900,1.120340,1.119510,1.119570,1.119680,1.120110,1.119270,1.119330
2017/06/09 18:00:00,1.119570,1.119590,1.119220,1.119300,1.119330,1.119360,1.118980,1.119060
2017/06/09 18:30:00,1.119300,1.120040,1.119220,1.119760,1.119060,1.119800,1.118990,1.119520
2017/06/09 19:00:00,1.119760,1.120090,1.119370,1.119870,1.119520,1.119860,1.119140,1.119620
2017/06/09 19:30:00,1.119870,1.119900,1.119500,1.119660,1.119620,1.119680,1.119270,1.119420
2017/06/09 20:00:00,1.119660,1.119850,1.119510,1.119660,1.119420,1.119610,1.119280,1.119420
2017/06/09 20:30:00,1.119660,1.119930,1.119620,1.119890,1.119420,1.119690,1.119350,1.119410
2017/06/11 19:00:00,1.119890,1.120800,1.119890,1.120450,1.119410,1.119900,1.118850,1.119350
2017/06/11 19:30:00,1.120450,1.121060,1.120300,1.120850,1.119350,1.119900,1.119350,1.119900
2017/06/11 20:00:00,1.120850,1.121800,1.120700,1.121500,1.119900,1.121100,1.119900,1.120700
2017/06/11 20:30:00,1.121500,1.121570,1.121090,1.121180,1.120700,1.120900,1.120580,1.120580
2017/06/11 21:00:00,1.121180,1.121180,1.120650,1.120690,1.120580,1.120610,1.120230,1.120260
2017/06/11 21:30:00,1.120690,1.121040,1.120630,1.120650,1.120260,1.120440,1.120200,1.120310
2017/06/11 22:00:00,1.120650,1.121120,1.120540,1.120720,1.120310,1.120860,1.120210,1.120440
2017/06/11 22:30:00,1.120720,1.120720,1.120350,1.120530,1.120440,1.120460,1.120090,1.120260
2017/06/11 23:00:00,1.120530,1.120630,1.120260,1.120630,1.120260,1.120380,1.119990,1.120370
2017/06/11 23:30:00,1.120630,1.120750,1.119800,1.120310,1.120370,1.120480,1.119620,1.120070
2017/06/12 00:00:00,1.120310,1.120700,1.120060,1.120360,1.120070,1.120480,1.119840,1.120130
2017/06/12 00:30:00,1.120360,1.120920,1.120360,1.120610,1.120130,1.120680,1.120120,1.120370
2017/06/12 01:00:00,1.120610,1.120900,1.120550,1.120820,1.120370,1.120670,1.120320,1.120580
2017/06/12 01:30:00,1.120820,1.120820,1.119870,1.119930,1.120580,1.120580,1.119640,1.119710
2017/06/12 02:00:00,1.119930,1.120810,1.119930,1.120810,1.119710,1.120590,1.119710,1.120590
2017/06/12 02:30:00,1.120810,1.121310,1.120760,1.121140,1.120590,1.121100,1.120550,1.120910
2017/06/12 03:00:00,1.121140,1.121150,1.120510,1.120520,1.120910,1.120930,1.120280,1.120290
2017/06/12 03:30:00,1.120520,1.120810,1.120520,1.120780,1.120290,1.120570,1.120290,1.120540
2017/06/12 04:00:00,1.120780,1.120970,1.120320,1.120670,1.120540,1.120730,1.120090,1.120440
2017/06/12 04:30:00,1.120670,1.120780,1.120670,1.120760,1.120440,1.120580,1.120420,1.120540
2017/06/12 05:00:00,1.120760,1.121130,1.120760,1.121120,1.120540,1.120900,1.120530,1.120900
2017/06/12 05:30:00,1.121120,1.121790,1.120880,1.121370,1.120900,1.121550,1.120650,1.121120
2017/06/12 06:00:00,1.121370,1.121640,1.121000,1.121100,1.121120,1.121400,1.120770,1.120860
2017/06/12 06:30:00,1.121100,1.121780,1.121040,1.121230,1.120860,1.121550,1.120800,1.120990
2017/06/12 07:00:00,1.121230,1.121600,1.120550,1.121170,1.120990,1.121360,1.120310,1.120930
2017/06/12 07:30:00,1.121170,1.122500,1.121100,1.122220,1.120930,1.122270,1.120870,1.121980
2017/06/12 08:00:00,1.122220,1.122890,1.121910,1.122010,1.121980,1.122660,1.121660,1.121770
2017/06/12 08:30:00,1.122010,1.122810,1.121650,1.122690,1.121770,1.122580,1.121410,1.122450
2017/06/12 09:00:00,1.122690,1.122760,1.121860,1.121900,1.122450,1.122530,1.121620,1.121670
2017/06/12 09:30:00,1.121900,1.122160,1.121700,1.121780,1.121670,1.121940,1.121470,1.121530
2017/06/12 10:00:00,1.121780,1.122210,1.121450,1.121870,1.121530,1.121970,1.121210,1.121630
2017/06/12 10:30:00,1.121870,1.122800,1.120900,1.121760,1.121630,1.122580,1.120690,1.121540
2017/06/12 11:00:00,1.121760,1.122790,1.121570,1.122580,1.121540,1.122580,1.121330,1.122350
2017/06/12 11:30:00,1.122580,1.123340,1.121970,1.122010,1.122350,1.123120,1.121720,1.121770
2017/06/12 12:00:00,1.122010,1.122580,1.121870,1.122570,1.121770,1.122340,1.121630,1.122330
2017/06/12 12:30:00,1.122570,1.122620,1.121470,1.121590,1.122330,1.122380,1.121240,1.121350
2017/06/12 13:00:00,1.121590,1.122130,1.121400,1.121870,1.121350,1.121900,1.121160,1.121630
2017/06/12 13:30:00,1.121870,1.121990,1.120440,1.120970,1.121630,1.121750,1.120210,1.120730
2017/06/12 14:00:00,1.120970,1.121180,1.119320,1.120010,1.120730,1.120940,1.119070,1.119770
2017/06/12 14:30:00,1.120010,1.120690,1.119670,1.120410,1.119770,1.120450,1.119440,1.120170
2017/06/12 15:00:00,1.120410,1.120660,1.119830,1.120030,1.120170,1.120430,1.119600,1.119790
2017/06/12 15:30:00,1.120030,1.120640,1.119940,1.120420,1.119790,1.120420,1.119700,1.120200
2017/06/12 16:00:00,1.120420,1.120630,1.119970,1.120590,1.120200,1.120410,1.119730,1.120360
2017/06/12 16:30:00,1.120590,1.120610,1.119750,1.119930,1.120360,1.120370,1.119530,1.119690
2017/06/12 17:00:00,1.119930,1.120600,1.119930,1.120310,1.119690,1.120360,1.119690,1.120070
2017/06/12 17:30:00,1.120310,1.120800,1.119720,1.120520,1.120070,1.120570,1.119480,1.120280
2017/06/12 18:00:00,1.120520,1.120610,1.120010,1.120170,1.120280,1.120370,1.119760,1.119940
2017/06/12 18:30:00,1.120170,1.120980,1.119990,1.120910,1.119940,1.120740,1.119750,1.120680
2017/06/12 19:00:00,1.120910,1.121110,1.120500,1.120690,1.120680,1.120890,1.120260,1.120450
2017/06/12 19:30:00,1.120690,1.120690,1.120200,1.120590,1.120450,1.120450,1.119960,1.120350
2017/06/12 20:00:00,1.120590,1.120930,1.120310,1.120500,1.120350,1.120690,1.120070,1.120270
2017/06/12 20:30:00,1.120500,1.120670,1.120270,1.120610,1.120270,1.120420,1.120030,1.120200
2017/06/12 21:00:00,1.120610,1.121020,1.120470,1.120620,1.120200,1.120600,1.120160,1.120350
2017/06/12 21:30:00,1.120620,1.120980,1.120430,1.120680,1.120350,1.120640,1.120100,1.120430
2017/06/12 22:00:00,1.120680,1.120700,1.120260,1.120400,1.120430,1.120440,1.119950,1.120160
2017/06/12 22:30:00,1.120400,1.120540,1.120280,1.120320,1.120160,1.120300,1.120040,1.120080
2017/06/12 23:00:00,1.120320,1.120340,1.120120,1.120270,1.120080,1.120100,1.119890,1.120020
2017/06/12 23:30:00,1.120270,1.120300,1.119650,1.119880,1.120020,1.120060,1.119420,1.119630
2017/06/13 00:00:00,1.119880,1.120230,1.119490,1.119770,1.119630,1.120000,1.119250,1.119530
2017/06/13 00:30:00,1.119770,1.120030,1.119570,1.119570,1.119530,1.119790,1.119330,1.119330
2017/06/13 01:00:00,1.119570,1.119700,1.119110,1.119150,1.119330,1.119480,1.118880,1.118930
2017/06/13 01:30:00,1.119150,1.119760,1.119130,1.119380,1.118930,1.119530,1.118890,1.119130
2017/06/13 02:00:00,1.119380,1.119980,1.119230,1.119900,1.119130,1.119750,1.119000,1.119670
2017/06/13 02:30:00,1.119900,1.120020,1.119560,1.119770,1.119670,1.119790,1.119310,1.119530
2017/06/13 03:00:00,1.119770,1.119790,1.119070,1.119320,1.119530,1.119550,1.118840,1.119080
2017/06/13 03:30:00,1.119320,1.119480,1.119030,1.119130,1.119080,1.119240,1.118790,1.118910
2017/06/13 04:00:00,1.119130,1.119470,1.119130,1.119420,1.118910,1.119230,1.118900,1.119180
2017/06/13 04:30:00,1.119420,1.119500,1.119340,1.119430,1.119180,1.119260,1.119100,1.119190
2017/06/13 05:00:00,1.119430,1.119480,1.119190,1.119220,1.119190,1.119250,1.118950,1.118970
2017/06/13 05:30:00,1.119220,1.119240,1.118660,1.118880,1.118970,1.119000,1.118420,1.118630
2017/06/13 06:00:00,1.118880,1.119670,1.118650,1.119540,1.118630,1.119430,1.118410,1.119300
2017/06/13 06:30:00,1.119540,1.119970,1.119270,1.119530,1.119300,1.119760,1.119050,1.119290
2017/06/13 07:00:00,1.119530,1.121180,1.119100,1.121130,1.119290,1.120940,1.118880,1.120930
2017/06/13 07:30:00,1.121130,1.121940,1.120740,1.121850,1.120930,1.121710,1.120490,1.121620
2017/06/13 08:00:00,1.121850,1.122620,1.121690,1.121800,1.121620,1.122380,1.121460,1.121570
2017/06/13 08:30:00,1.121800,1.121960,1.121020,1.121390,1.121570,1.121720,1.120780,1.121140
2017/06/13 09:00:00,1.121390,1.121830,1.120720,1.120780,1.121140,1.121610,1.120480,1.120560
2017/06/13 09:30:00,1.120780,1.121080,1.120520,1.120870,1.120560,1.120830,1.120280,1.120630
2017/06/13 10:00:00,1.120870,1.121360,1.120720,1.120810,1.120630,1.121120,1.120490,1.120580
2017/06/13 10:30:00,1.120810,1.120920,1.120180,1.120790,1.120580,1.120680,1.119970,1.120560
2017/06/13 11:00:00,1.120790,1.121340,1.120330,1.121330,1.120560,1.121100,1.120090,1.121090
2017/06/13 11:30:00,1.121330,1.122160,1.121320,1.121880,1.121090,1.121910,1.121090,1.121650
2017/06/13 12:00:00,1.121880,1.122130,1.121620,1.121730,1.121650,1.121910,1.121380,1.121470
2017/06/13 12:30:00,1.121730,1.121830,1.120760,1.120830,1.121470,1.121590,1.120520,1.120590
2017/06/13 13:00:00,1.120830,1.121170,1.120460,1.120470,1.120590,1.120940,1.120230,1.120240
2017/06/13 13:30:00,1.120470,1.121210,1.120210,1.120920,1.120240,1.120980,1.119970,1.120680
2017/06/13 14:00:00,1.120920,1.121520,1.120710,1.121050,1.120680,1.121280,1.120470,1.120810
2017/06/13 14:30:00,1.121050,1.122000,1.120710,1.120730,1.120810,1.121770,1.120480,1.120530
2017/06/13 15:00:00,1.120730,1.121290,1.120510,1.121070,1.120530,1.121050,1.120270,1.120830
2017/06/13 15:30:00,1.121070,1.121080,1.119350,1.119460,1.120830,1.120830,1.119110,1.119220
2017/06/13 16:00:00,1.119460,1.120190,1.119320,1.119900,1.119220,1.119980,1.119090,1.119660
2017/06/13 16:30:00,1.119900,1.120440,1.119870,1.120290,1.119660,1.120200,1.119620,1.120070
2017/06/13 17:00:00,1.120290,1.120830,1.120280,1.120560,1.120070,1.120590,1.120050,1.120320
2017/06/13 17:30:00,1.120560,1.120660,1.120270,1.120330,1.120320,1.120430,1.120020,1.120090
2017/06/13 18:00:00,1.120330,1.121040,1.120320,1.120830,1.120090,1.120800,1.120080,1.120600
2017/06/13 18:30:00,1.120830,1.121400,1.120810,1.121270,1.120600,1.121160,1.120570,1.121020
2017/06/13 19:00:00,1.121270,1.121300,1.120760,1.120820,1.121020,1.121070,1.120520,1.120590
2017/06/13 19:30:00,1.120820,1.121110,1.120770,1.120820,1.120590,1.120870,1.120530,1.120570
2017/06/13 20:00:00,1.120820,1.120970,1.120770,1.120840,1.120570,1.120730,1.120530,1.120590
2017/06/13 20:30:00,1.120840,1.121290,1.120820,1.121200,1.120590,1.121040,1.120580,1.120760
2017/06/13 21:00:00,1.121200,1.121310,1.120880,1.121200,1.120760,1.121020,1.120300,1.120930
2017/06/13 21:30:00,1.121200,1.121780,1.120900,1.121160,1.120930,1.121360,1.120410,1.120620
2017/06/13 22:00:00,1.121160,1.121320,1.120810,1.121000,1.120620,1.121020,1.120530,1.120740
2017/06/13 22:30:00,1.121000,1.121010,1.120840,1.120980,1.120740,1.120780,1.120590,1.120720
2017/06/13 23:00:00,1.120980,1.121110,1.120850,1.121000,1.120720,1.120860,1.120620,1.120760
2017/06/13 23:30:00,1.121000,1.121240,1.120920,1.121040,1.120760,1.121010,1.120680,1.120800
2017/06/14 00:00:00,1.121040,1.121450,1.120850,1.121180,1.120800,1.121230,1.120610,1.120940
2017/06/14 00:30:00,1.121180,1.121660,1.121160,1.121500,1.120940,1.121420,1.120910,1.121260
2017/06/14 01:00:00,1.121500,1.121570,1.121340,1.121470,1.121260,1.121330,1.121100,1.121240
2017/06/14 01:30:00,1.121470,1.121880,1.121420,1.121690,1.121240,1.121640,1.121200,1.121450
2017/06/14 02:00:00,1.121690,1.122110,1.121570,1.121760,1.121450,1.121870,1.121340,1.121530
2017/06/14 02:30:00,1.121760,1.121860,1.121260,1.121370,1.121530,1.121620,1.121020,1.121130
2017/06/14 03:00:00,1.121370,1.121810,1.121330,1.121660,1.121130,1.121580,1.121100,1.121430
2017/06/14 03:30:00,1.121660,1.121740,1.121620,1.121620,1.121430,1.121510,1.121370,1.121390
2017/06/14 04:00:00,1.121620,1.121720,1.121400,1.121430,1.121390,1.121480,1.121160,1.121180
2017/06/14 04:30:00,1.121430,1.121730,1.121410,1.121630,1.121180,1.121490,1.121170,1.121380
2017/06/14 05:00:00,1.121630,1.121830,1.121570,1.121770,1.121380,1.121600,1.121340,1.121530
2017/06/14 05:30:00,1.121770,1.122090,1.121680,1.122070,1.121530,1.121830,1.121440,1.121800
2017/06/14 06:00:00,1.122070,1.122410,1.121380,1.122180,1.121800,1.122180,1.121150,1.121930
2017/06/14 06:30:00,1.122180,1.122680,1.121950,1.122270,1.121930,1.122440,1.121720,1.122020
2017/06/14 07:00:00,1.122270,1.122270,1.121120,1.121440,1.122020,1.122020,1.120880,1.121210
2017/06/14 07:30:00,1.121440,1.122090,1.120930,1.121020,1.121210,1.121840,1.120690,1.120800
2017/06/14 08:00:00,1.121020,1.121310,1.120660,1.121080,1.120800,1.121080,1.120420,1.120840
2017/06/14 08:30:00,1.121080,1.121710,1.120900,1.120900,1.120840,1.121480,1.120640,1.120660
2017/06/14 09:00:00,1.120900,1.121220,1.120760,1.121120,1.120660,1.120990,1.120520,1.120880
2017/06/14 09:30:00,1.121120,1.121700,1.120410,1.120750,1.120880,1.121460,1.120170,1.120510
2017/06/14 10:00:00,1.120750,1.120930,1.120260,1.120650,1.120510,1.120690,1.120030,1.120410
2017/06/14 10:30:00,1.120650,1.120940,1.120490,1.120600,1.120410,1.120700,1.120260,1.120360
2017/06/14 11:00:00,1.120600,1.120890,1.120160,1.120790,1.120360,1.120670,1.119930,1.120560
2017/06/14 11:30:00,1.120790,1.120860,1.119880,1.120260,1.120560,1.120620,1.119640,1.120010
2017/06/14 12:00:00,1.120260,1.120760,1.120030,1.120580,1.120010,1.120500,1.119800,1.120150
2017/06/14 12:30:00,1.120580,1.126900,1.120580,1.126430,1.120150,1.126660,1.120120,1.126200
2017/06/14 13:00:00,1.126430,1.127970,1.126330,1.127160,1.126200,1.127730,1.126090,1.126930
2017/06/14 13:30:00,1.127160,1.128000,1.126910,1.127310,1.126930,1.127760,1.126670,1.127060
2017/06/14 14:00:00,1.127310,1.129710,1.127130,1.127710,1.127060,1.129470,1.126890,1.127470
2017/06/14 14:30:00,1.127710,1.128320,1.127490,1.128030,1.127470,1.128080,1.127260,1.127810
2017/06/14 15:00:00,1.128030,1.128330,1.127380,1.127800,1.127810,1.128100,1.127130,1.127550
2017/06/14 15:30:00,1.127800,1.128700,1.127630,1.127770,1.127550,1.128470,1.127400,1.127530
2017/06/14 16:00:00,1.127770,1.128090,1.127450,1.127670,1.127530,1.127850,1.127230,1.127430
2017/06/14 16:30:00,1.127670,1.127890,1.126670,1.127440,1.127430,1.127640,1.126440,1.127190
2017/06/14 17:00:00,1.127440,1.127600,1.126410,1.126810,1.127190,1.127350,1.126170,1.126570
2017/06/14 17:30:00,1.126810,1.127580,1.126760,1.127240,1.126570,1.127360,1.126510,1.126690
2017/06/14 18:00:00,1.127240,1.129240,1.124670,1.124920,1.126690,1.128850,1.124430,1.124680
2017/06/14 18:30:00,1.124920,1.125470,1.120860,1.121650,1.124680,1.125230,1.120610,1.121420
2017/06/14 19:00:00,1.121650,1.122480,1.119430,1.119960,1.121420,1.122230,1.119190,1.119720
2017/06/14 19:30:00,1.119960,1.122140,1.119850,1.121980,1.119720,1.121910,1.119610,1.121730
2017/06/14 20:00:00,1.121980,1.122140,1.121540,1.121630,1.121730,1.121920,1.121290,1.121390
2017/06/14 20:30:00,1.121630,1.122460,1.121530,1.122090,1.121390,1.122210,1.121290,1.121650
2017/06/14 21:00:00,1.122090,1.122240,1.121870,1.121990,1.121650,1.121920,1.121550,1.121670
2017/06/14 21:30:00,1.121990,1.122420,1.121700,1.121890,1.121670,1.121870,1.121210,1.121610
2017/06/14 22:00:00,1.121890,1.121910,1.120670,1.121340,1.121610,1.121620,1.120420,1.121050
2017/06/14 22:30:00,1.121340,1.122020,1.121100,1.121120,1.121050,1.121740,1.120820,1.120870
2017/06/14 23:00:00,1.121120,1.121700,1.121080,1.121590,1.120870,1.121460,1.120830,1.121350
2017/06/14 23:30:00,1.121590,1.121750,1.121260,1.121420,1.121350,1.121500,1.121000,1.121180
2017/06/15 00:00:00,1.121420,1.121820,1.121090,1.121750,1.121180,1.121580,1.120850,1.121510
2017/06/15 00:30:00,1.121750,1.122340,1.121340,1.121990,1.121510,1.122100,1.121110,1.121750
2017/06/15 01:00:00,1.121990,1.122800,1.121920,1.122740,1.121750,1.122580,1.121680,1.122500
2017/06/15 01:30:00,1.122740,1.122990,1.121830,1.122140,1.122500,1.122750,1.121590,1.121900
2017/06/15 02:00:00,1.122140,1.122510,1.122080,1.122390,1.121900,1.122280,1.121850,1.122150
2017/06/15 02:30:00,1.122390,1.122430,1.121770,1.121800,1.122150,1.122200,1.121530,1.121550
2017/06/15 03:00:00,1.121800,1.122340,1.121620,1.122290,1.121550,1.122100,1.121390,1.122040
2017/06/15 03:30:00,1.122290,1.122490,1.122110,1.122440,1.122040,1.122260,1.121870,1.122200
2017/06/15 04:00:00,1.122440,1.122560,1.122140,1.122250,1.122200,1.122320,1.121910,1.122000
2017/06/15 04:30:00,1.122250,1.122390,1.122170,1.122260,1.122000,1.122160,1.121950,1.122030
2017/06/15 05:00:00,1.122260,1.122320,1.121570,1.121600,1.122030,1.122080,1.121320,1.121360
2017/06/15 05:30:00,1.121600,1.122040,1.121540,1.121930,1.121360,1.121810,1.121310,1.121680
2017/06/15 06:00:00,1.121930,1.122180,1.120700,1.121150,1.121680,1.121960,1.120450,1.120910
2017/06/15 06:30:00,1.121150,1.122030,1.121120,1.121370,1.120910,1.121790,1.120890,1.121130
2017/06/15 07:00:00,1.121370,1.121370,1.118060,1.118850,1.121130,1.121150,1.117830,1.118610
2017/06/15 07:30:00,1.118850,1.119630,1.118400,1.119510,1.118610,1.119420,1.118160,1.119260
2017/06/15 08:00:00,1.119510,1.119600,1.118200,1.118390,1.119260,1.119300,1.117970,1.118160
2017/06/15 08:30:00,1.118390,1.119210,1.117630,1.118100,1.118160,1.118970,1.117400,1.117850
2017/06/15 09:00:00,1.118100,1.118650,1.117600,1.117840,1.117850,1.118410,1.117370,1.117600
2017/06/15 09:30:00,1.117840,1.117910,1.115710,1.116130,1.117600,1.117690,1.115450,1.115910
2017/06/15 10:00:00,1.116130,1.116640,1.115970,1.116420,1.115910,1.116420,1.115720,1.116180
2017/06/15 10:30:00,1.116420,1.117080,1.116350,1.116770,1.116180,1.116850,1.116110,1.116520
2017/06/15 11:00:00,1.116770,1.117340,1.115470,1.116150,1.116520,1.117110,1.115230,1.115920
2017/06/15 11:30:00,1.116150,1.116750,1.115930,1.116350,1.115920,1.116510,1.115700,1.116110
2017/06/15 12:00:00,1.116350,1.117000,1.115730,1.116760,1.116110,1.116760,1.115490,1.116370
2017/06/15 12:30:00,1.116760,1.116780,1.115050,1.115310,1.116370,1.116470,1.114810,1.115060
2017/06/15 13:00:00,1.115310,1.115660,1.114440,1.115060,1.115060,1.115440,1.114200,1.114810
2017/06/15 13:30:00,1.115060,1.115540,1.114550,1.114920,1.114810,1.115300,1.114340,1.114670
2017/06/15 14:00:00,1.114920,1.114950,1.113330,1.114780,1.114670,1.114700,1.113100,1.114540
2017/06/15 14:30:00,1.114780,1.115350,1.114190,1.115000,1.114540,1.115110,1.113950,1.114760
2017/06/15 15:00:00,1.115000,1.115920,1.114980,1.115180,1.114760,1.115680,1.114740,1.114950
2017/06/15 15:30:00,1.115180,1.115800,1.114980,1.115240,1.114950,1.115560,1.114740,1.115000
2017/06/15 16:00:00,1.115240,1.115280,1.114050,1.114580,1.115000,1.115050,1.113820,1.114360
2017/06/15 16:30:00,1.114580,1.115100,1.114450,1.114930,1.114360,1.114880,1.114210,1.114690
2017/06/15 17:00:00,1.114930,1.115130,1.114640,1.114790,1.114690,1.114920,1.114410,1.114550
2017/06/15 17:30:00,1.114790,1.114880,1.114340,1.114410,1.114550,1.114660,1.114090,1.114180
2017/06/15 18:00:00,1.114410,1.115140,1.114410,1.115090,1.114180,1.114900,1.114170,1.114840
2017/06/15 18:30:00,1.115090,1.115600,1.114930,1.115510,1.114840,1.115370,1.114710,1.115260
2017/06/15 19:00:00,1.115510,1.115930,1.115130,1.115150,1.115260,1.115690,1.114890,1.114910
2017/06/15 19:30:00,1.115150,1.115300,1.114510,1.114660,1.114910,1.115050,1.114270,1.114430
2017/06/15 20:00:00,1.114660,1.115170,1.114360,1.114770,1.114430,1.114930,1.114120,1.114530
2017/06/15 20:30:00,1.114770,1.115090,1.114660,1.114890,1.114530,1.114850,1.114330,1.114380
2017/06/15 21:00:00,1.114890,1.115310,1.114610,1.114760,1.114380,1.114760,1.114110,1.114490
2017/06/15 21:30:00,1.114760,1.115400,1.114610,1.114830,1.114490,1.114830,1.114090,1.114540
2017/06/15 22:00:00,1.114830,1.115260,1.114680,1.114740,1.114540,1.114950,1.114380,1.114480
2017/06/15 22:30:00,1.114740,1.115030,1.114630,1.114770,1.114480,1.114750,1.114380,1.114510
2017/06/15 23:00:00,1.114770,1.115120,1.114760,1.114850,1.114510,1.114870,1.114500,1.114630
2017/06/15 23:30:00,1.114850,1.115040,1.114600,1.115020,1.114630,1.114790,1.114350,1.114780
2017/06/16 00:00:00,1.115020,1.115240,1.114650,1.115140,1.114780,1.115000,1.114410,1.114910
2017/06/16 00:30:00,1.115140,1.115690,1.115130,1.115510,1.114910,1.115440,1.114890,1.115270
2017/06/16 01:00:00,1.115510,1.115650,1.115250,1.115290,1.115270,1.115420,1.115010,1.115050
2017/06/16 01:30:00,1.115290,1.115590,1.115250,1.115450,1.115050,1.115360,1.115010,1.115210
2017/06/16 02:00:00,1.115450,1.115470,1.114680,1.115040,1.115210,1.115240,1.114450,1.114800
2017/06/16 02:30:00,1.115040,1.115440,1.114820,1.115230,1.114800,1.115200,1.114580,1.114980
2017/06/16 03:00:00,1.115230,1.115230,1.114770,1.114830,1.114980,1.114980,1.114540,1.114600
2017/06/16 03:30:00,1.114830,1.115010,1.114720,1.114730,1.114600,1.114780,1.114480,1.114490
2017/06/16 04:00:00,1.114730,1.114740,1.114300,1.114580,1.114490,1.114490,1.114050,1.114350
2017/06/16 04:30:00,1.114580,1.114810,1.114380,1.114540,1.114350,1.114560,1.114150,1.114300
2017/06/16 05:00:00,1.114540,1.114760,1.114280,1.114300,1.114300,1.114510,1.114050,1.114050
2017/06/16 05:30:00,1.114300,1.114680,1.113960,1.114340,1.114050,1.114440,1.113730,1.114110
2017/06/16 06:00:00,1.114340,1.116050,1.114060,1.115790,1.114110,1.115810,1.113830,1.115560
2017/06/16 06:30:00,1.115790,1.116000,1.115290,1.115520,1.115560,1.115770,1.115050,1.115280
2017/06/16 07:00:00,1.115520,1.115900,1.115290,1.115680,1.115280,1.115660,1.115060,1.115440
2017/06/16 07:30:00,1.115680,1.116850,1.115540,1.116820,1.115440,1.116600,1.115310,1.116580
2017/06/16 08:00:00,1.116820,1.117640,1.116630,1.117000,1.116580,1.117410,1.116400,1.116770
2017/06/16 08:30:00,1.117000,1.117610,1.116860,1.117440,1.116770,1.117380,1.116640,1.117190
2017/06/16 09:00:00,1.117440,1.118520,1.117390,1.117960,1.117190,1.118280,1.117150,1.117730
2017/06/16 09:30:00,1.117960,1.118140,1.117100,1.117140,1.117730,1.117890,1.116860,1.116910
2017/06/16 10:00:00,1.117140,1.117790,1.117140,1.117510,1.116910,1.117550,1.116910,1.117280
2017/06/16 10:30:00,1.117510,1.118300,1.117510,1.117900,1.117280,1.118060,1.117280,1.117670
2017/06/16 11:00:00,1.117900,1.118230,1.117050,1.117300,1.117670,1.118000,1.116810,1.117060
2017/06/16 11:30:00,1.117300,1.117560,1.115850,1.116110,1.117060,1.117330,1.115620,1.115880
2017/06/16 12:00:00,1.116110,1.117590,1.116110,1.117360,1.115880,1.117410,1.115870,1.117040
2017/06/16 12:30:00,1.117360,1.118420,1.117130,1.117370,1.117040,1.118190,1.116890,1.117130
2017/06/16 13:00:00,1.117370,1.117610,1.116860,1.116920,1.117130,1.117360,1.116640,1.116680
2017/06/16 13:30:00,1.116920,1.117840,1.116650,1.117770,1.116680,1.117600,1.116410,1.117520
2017/06/16 14:00:00,1.117770,1.119540,1.117530,1.119410,1.117520,1.119280,1.117290,1.119170
2017/06/16 14:30:00,1.119410,1.120120,1.119050,1.120010,1.119170,1.119890,1.118810,1.119770
2017/06/16 15:00:00,1.120010,1.120110,1.119100,1.119490,1.119770,1.119880,1.118870,1.119250
2017/06/16 15:30:00,1.119490,1.119980,1.118800,1.119430,1.119250,1.119750,1.118560,1.119190
2017/06/16 16:00:00,1.119430,1.119460,1.118810,1.118870,1.119190,1.119230,1.118570,1.118620
2017/06/16 16:30:00,1.118870,1.119300,1.118740,1.118990,1.118620,1.119060,1.118500,1.118750
2017/06/16 17:00:00,1.118990,1.119440,1.118870,1.119330,1.118750,1.119200,1.118640,1.119090
2017/06/16 17:30:00,1.119330,1.119670,1.119180,1.119650,1.119090,1.119430,1.118940,1.119420
2017/06/16 18:00:00,1.119650,1.119920,1.119550,1.119740,1.119420,1.119710,1.119310,1.119490
2017/06/16 18:30:00,1.119740,1.120040,1.119350,1.119490,1.119490,1.119810,1.119180,1.119250
2017/06/16 19:00:00,1.119490,1.119890,1.119480,1.119890,1.119250,1.119660,1.119250,1.119660
2017/06/16 19:30:00,1.119890,1.120270,1.119730,1.120170,1.119660,1.120030,1.119490,1.119940
2017/06/16 20:00:00,1.120170,1.120300,1.119870,1.119880,1.119940,1.120060,1.119640,1.119650
2017/06/16 20:30:00,1.119880,1.120120,1.119420,1.119900,1.119650,1.119880,1.119060,1.119450
2017/06/18 19:00:00,1.119900,1.121760,1.119900,1.121620,1.119450,1.121110,1.119450,1.120930
2017/06/18 19:30:00,1.121620,1.121620,1.120420,1.121210,1.120930,1.120930,1.119780,1.120220
2017/06/18 20:00:00,1.121210,1.121590,1.120640,1.121120,1.120220,1.120540,1.120060,1.120520
2017/06/18 20:30:00,1.121120,1.121230,1.121100,1.121180,1.120520,1.120530,1.120430,1.120430
2017/06/18 21:00:00,1.121180,1.121660,1.120790,1.120950,1.120430,1.120620,1.120290,1.120560
2017/06/18 21:30:00,1.120950,1.121050,1.120220,1.120290,1.120560,1.120650,1.119600,1.119700
2017/06/18 22:00:00,1.120290,1.120600,1.119800,1.120120,1.119700,1.120120,1.119200,1.119860
2017/06/18 22:30:00,1.120120,1.120540,1.119970,1.120510,1.119860,1.120290,1.119690,1.120280
2017/06/18 23:00:00,1.120510,1.120650,1.120240,1.120490,1.120280,1.120420,1.120020,1.120250
2017/06/18 23:30:00,1.120490,1.120790,1.120320,1.120530,1.120250,1.120550,1.120120,1.120280
2017/06/19 00:00:00,1.120530,1.120650,1.119310,1.119390,1.120280,1.120410,1.119070,1.119140
2017/06/19 00:30:00,1.119390,1.119600,1.119080,1.119200,1.119140,1.119360,1.118830,1.118960
2017/06/19 01:00:00,1.119200,1.119800,1.119120,1.119750,1.118960,1.119570,1.118890,1.119510
2017/06/19 01:30:00,1.119750,1.120070,1.119580,1.119900,1.119510,1.119840,1.119340,1.119650
2017/06/19 02:00:00,1.119900,1.120150,1.119830,1.120090,1.119650,1.119900,1.119580,1.119840
2017/06/19 02:30:00,1.120090,1.120140,1.119680,1.119860,1.119840,1.119910,1.119450,1.119620
2017/06/19 03:00:00,1.119860,1.119950,1.119630,1.119900,1.119620,1.119710,1.119380,1.119670
2017/06/19 03:30:00,1.119900,1.120020,1.119810,1.119910,1.119670,1.119810,1.119580,1.119670
2017/06/19 04:00:00,1.119910,1.119980,1.119670,1.119750,1.119670,1.119750,1.119430,1.119510
2017/06/19 04:30:00,1.119750,1.119900,1.119460,1.119460,1.119510,1.119670,1.119240,1.119240
2017/06/19 05:00:00,1.119460,1.119790,1.119420,1.119430,1.119240,1.119560,1.119190,1.119220
2017/06/19 05:30:00,1.119430,1.119660,1.119390,1.119430,1.119220,1.119420,1.119140,1.119190
2017/06/19 06:00:00,1.119430,1.120490,1.119180,1.120240,1.119190,1.120250,1.118950,1.119990
2017/06/19 06:30:00,1.120240,1.120910,1.120100,1.120580,1.119990,1.120660,1.119860,1.120350
2017/06/19 07:00:00,1.120580,1.120580,1.118640,1.118710,1.120350,1.120350,1.118400,1.118480
2017/06/19 07:30:00,1.118710,1.119600,1.118350,1.119550,1.118480,1.119360,1.118120,1.119310
2017/06/19 08:00:00,1.119550,1.119790,1.119190,1.119380,1.119310,1.119550,1.118950,1.119150
2017/06/19 08:30:00,1.119380,1.119940,1.119280,1.119650,1.119150,1.119700,1.119050,1.119400
2017/06/19 09:00:00,1.119650,1.120300,1.119330,1.119520,1.119400,1.120060,1.119090,1.119280
2017/06/19 09:30:00,1.119520,1.119560,1.118910,1.119370,1.119280,1.119310,1.118670,1.119130
2017/06/19 10:00:00,1.119370,1.119960,1.119290,1.119770,1.119130,1.119720,1.119070,1.119530
2017/06/19 10:30:00,1.119770,1.120770,1.119760,1.120770,1.119530,1.120560,1.119520,1.120540
2017/06/19 11:00:00,1.120770,1.121410,1.120370,1.120420,1.120540,1.121180,1.120130,1.120180
2017/06/19 11:30:00,1.120420,1.120470,1.119180,1.119220,1.120180,1.120230,1.118950,1.118980
2017/06/19 12:00:00,1.119220,1.120110,1.117960,1.118440,1.118980,1.119870,1.117730,1.118190
2017/06/19 12:30:00,1.118440,1.118500,1.117840,1.118320,1.118190,1.118270,1.117590,1.118080
2017/06/19 13:00:00,1.118320,1.118570,1.117410,1.117730,1.118080,1.118350,1.117180,1.117490
2017/06/19 13:30:00,1.117730,1.118230,1.117620,1.117800,1.117490,1.117990,1.117370,1.117570
2017/06/19 14:00:00,1.117800,1.118090,1.117280,1.117690,1.117570,1.117850,1.117040,1.117460
2017/06/19 14:30:00,1.117690,1.117730,1.116670,1.116740,1.117460,1.117490,1.116430,1.116490
2017/06/19 15:00:00,1.116740,1.117230,1.116550,1.116670,1.116490,1.117000,1.116320,1.116420
2017/06/19 15:30:00,1.116670,1.116800,1.116020,1.116110,1.116420,1.116570,1.115780,1.115870
2017/06/19 16:00:00,1.116110,1.116400,1.115850,1.116380,1.115870,1.116160,1.115610,1.116140
2017/06/19 16:30:00,1.116380,1.116470,1.115690,1.116000,1.116140,1.116240,1.115450,1.115790
2017/06/19 17:00:00,1.116000,1.116110,1.115270,1.115340,1.115790,1.115890,1.115050,1.115110
2017/06/19 17:30:00,1.115340,1.115600,1.114810,1.115270,1.115110,1.115360,1.114600,1.115040
2017/06/19 18:00:00,1.115270,1.115480,1.114430,1.115080,1.115040,1.115250,1.114200,1.114840
2017/06/19 18:30:00,1.115080,1.115290,1.114770,1.114960,1.114840,1.115050,1.114520,1.114730
2017/06/19 19:00:00,1.114960,1.115000,1.114640,1.114830,1.114730,1.114770,1.114390,1.114590
2017/06/19 19:30:00,1.114830,1.115070,1.114640,1.114970,1.114590,1.114840,1.114410,1.114730
2017/06/19 20:00:00,1.114970,1.115160,1.114850,1.115090,1.114730,1.114920,1.114610,1.114840
2017/06/19 20:30:00,1.115090,1.115160,1.114850,1.114970,1.114840,1.114890,1.114570,1.114600
2017/06/19 21:00:00,1.114970,1.115700,1.114940,1.115160,1.114600,1.115000,1.114270,1.114910
2017/06/19 21:30:00,1.115160,1.115650,1.114890,1.115160,1.114910,1.115160,1.114550,1.114890
2017/06/19 22:00:00,1.115160,1.115430,1.114810,1.115170,1.114890,1.115160,1.114550,1.114900
2017/06/19 22:30:00,1.115170,1.115450,1.115060,1.115370,1.114900,1.115200,1.114820,1.115040
2017/06/19 23:00:00,1.115370,1.115370,1.114410,1.114660,1.115040,1.115080,1.114180,1.114410
2017/06/19 23:30:00,1.114660,1.114730,1.114210,1.114580,1.114410,1.114490,1.113970,1.114340
2017/06/20 00:00:00,1.114580,1.115040,1.114480,1.114580,1.114340,1.114790,1.114240,1.114340
2017/06/20 00:30:00,1.114580,1.114810,1.114500,1.114610,1.114340,1.114570,1.114270,1.114370
2017/06/20 01:00:00,1.114610,1.115390,1.114610,1.114980,1.114370,1.115160,1.114370,1.114750
2017/06/20 01:30:00,1.114980,1.115740,1.114980,1.115660,1.114750,1.115500,1.114750,1.115420
2017/06/20 02:00:00,1.115660,1.115900,1.115470,1.115870,1.115420,1.115670,1.115240,1.115630
2017/06/20 02:30:00,1.115870,1.115920,1.115630,1.115740,1.115630,1.115690,1.115390,1.115510
2017/06/20 03:00:00,1.115740,1.115930,1.115480,1.115890,1.115510,1.115710,1.115240,1.115660
2017/06/20 03:30:00,1.115890,1.115990,1.115630,1.115710,1.115660,1.115760,1.115410,1.115490
2017/06/20 04:00:00,1.115710,1.115730,1.115470,1.115620,1.115490,1.115510,1.115240,1.115390
2017/06/20 04:30:00,1.115620,1.115720,1.115450,1.115690,1.115390,1.115490,1.115230,1.115440
2017/06/20 05:00:00,1.115690,1.115870,1.115500,1.115610,1.115440,1.115620,1.115250,1.115370
2017/06/20 05:30:00,1.115610,1.116170,1.115600,1.116020,1.115370,1.115910,1.115370,1.115790
2017/06/20 06:00:00,1.116020,1.116620,1.115930,1.116590,1.115790,1.116380,1.115690,1.116340
2017/06/20 06:30:00,1.116590,1.116610,1.115290,1.115390,1.116340,1.116360,1.115050,1.115150
2017/06/20 07:00:00,1.115390,1.115400,1.114390,1.114740,1.115150,1.115170,1.114150,1.114500
2017/06/20 07:30:00,1.114740,1.116380,1.114430,1.116350,1.114500,1.116160,1.114210,1.116110
2017/06/20 08:00:00,1.116350,1.116380,1.115160,1.115170,1.116110,1.116130,1.114930,1.114930
2017/06/20 08:30:00,1.115170,1.116060,1.115110,1.115960,1.114930,1.115820,1.114890,1.115720
2017/06/20 09:00:00,1.115960,1.116040,1.115550,1.115920,1.115720,1.115800,1.115310,1.115670
2017/06/20 09:30:00,1.115920,1.116120,1.115300,1.116090,1.115670,1.115890,1.115070,1.115850
2017/06/20 10:00:00,1.116090,1.116610,1.115930,1.116320,1.115850,1.116380,1.115710,1.116080
2017/06/20 10:30:00,1.116320,1.116320,1.115320,1.115400,1.116080,1.116080,1.115080,1.115170
2017/06/20 11:00:00,1.115400,1.115440,1.114720,1.114860,1.115170,1.115220,1.114480,1.114620
2017/06/20 11:30:00,1.114860,1.114950,1.114250,1.114950,1.114620,1.114720,1.114010,1.114710
2017/06/20 12:00:00,1.114950,1.116410,1.114950,1.115860,1.114710,1.116180,1.114710,1.115630
2017/06/20 12:30:00,1.115860,1.115940,1.114980,1.115190,1.115630,1.115710,1.114740,1.114950
2017/06/20 13:00:00,1.115190,1.115470,1.114570,1.114990,1.114950,1.115240,1.114330,1.114770
2017/06/20 13:30:00,1.114990,1.115470,1.113540,1.113750,1.114770,1.115240,1.113330,1.113500
2017/06/20 14:00:00,1.113750,1.114690,1.113470,1.114490,1.113500,1.114460,1.113260,1.114250
2017/06/20 14:30:00,1.114490,1.114670,1.112690,1.112780,1.114250,1.114430,1.112450,1.112550
2017/06/20 15:00:00,1.112780,1.112910,1.112090,1.112410,1.112550,1.112670,1.111870,1.112170
2017/06/20 15:30:00,1.112410,1.112840,1.112300,1.112510,1.112170,1.112600,1.112060,1.112280
2017/06/20 16:00:00,1.112510,1.112640,1.112010,1.112560,1.112280,1.112370,1.111780,1.112330
2017/06/20 16:30:00,1.112560,1.112970,1.112360,1.112580,1.112330,1.112740,1.112130,1.112340
2017/06/20 17:00:00,1.112580,1.112770,1.112170,1.112300,1.112340,1.112530,1.111920,1.112070
2017/06/20 17:30:00,1.112300,1.112770,1.112130,1.112640,1.112070,1.112540,1.111920,1.112410
2017/06/20 18:00:00,1.112640,1.112780,1.112460,1.112760,1.112410,1.112560,1.112230,1.112510
2017/06/20 18:30:00,1.112760,1.113260,1.112530,1.112970,1.112510,1.113020,1.112310,1.112720
2017/06/20 19:00:00,1.112970,1.113380,1.112710,1.113340,1.112720,1.113140,1.112480,1.113090
2017/06/20 19:30:00,1.113340,1.113390,1.112660,1.112700,1.113090,1.113160,1.112440,1.112470
2017/06/20 20:00:00,1.112700,1.113220,1.112670,1.113220,1.112470,1.112980,1.112450,1.112980
2017/06/20 20:30:00,1.113220,1.113590,1.113220,1.113570,1.112980,1.113330,1.112970,1.113170
2017/06/20 21:00:00,1.113570,1.113730,1.113280,1.113680,1.113170,1.113350,1.112820,1.113210
2017/06/20 21:30:00,1.113680,1.113700,1.113360,1.113580,1.113210,1.113400,1.113080,1.113300
2017/06/20 22:00:00,1.113580,1.113670,1.113290,1.113630,1.113300,1.113440,1.113030,1.113400
2017/06/20 22:30:00,1.113630,1.113690,1.113490,1.113630,1.113400,1.113440,1.113240,1.113380
2017/06/20 23:00:00,1.113630,1.113710,1.113470,1.113470,1.113380,1.113460,1.113240,1.113240
2017/06/20 23:30:00,1.113470,1.113840,1.113470,1.113780,1.113240,1.113600,1.113240,1.113530
2017/06/21 00:00:00,1.113780,1.113800,1.113400,1.113500,1.113530,1.113560,1.113160,1.113260
2017/06/21 00:30:00,1.113500,1.113800,1.113430,1.113660,1.113260,1.113570,1.113190,1.113440
2017/06/21 01:00:00,1.113660,1.113790,1.113580,1.113650,1.113440,1.113550,1.113340,1.113420
2017/06/21 01:30:00,1.113650,1.113780,1.113480,1.113570,1.113420,1.113550,1.113230,1.113340
2017/06/21 02:00:00,1.113570,1.113750,1.113500,1.113670,1.113340,1.113520,1.113250,1.113430
2017/06/21 02:30:00,1.113670,1.113670,1.113520,1.113580,1.113430,1.113450,1.113300,1.113330
2017/06/21 03:00:00,1.113580,1.113910,1.113510,1.113840,1.113330,1.113670,1.113270,1.113610
2017/06/21 03:30:00,1.113840,1.113960,1.113690,1.113730,1.113610,1.113720,1.113440,1.113480
2017/06/21 04:00:00,1.113730,1.113860,1.113600,1.113620,1.113480,1.113630,1.113370,1.113370
2017/06/21 04:30:00,1.113620,1.113690,1.113400,1.113470,1.113370,1.113460,1.113150,1.113230
2017/06/21 05:00:00,1.113470,1.113570,1.112960,1.113230,1.113230,1.113340,1.112720,1.112990
2017/06/21 05:30:00,1.113230,1.113280,1.112950,1.113140,1.112990,1.113050,1.112720,1.112900
2017/06/21 06:00:00,1.113140,1.113640,1.112970,1.113630,1.112900,1.113400,1.112730,1.113390
2017/06/21 06:30:00,1.113630,1.113790,1.113190,1.113270,1.113390,1.113560,1.112950,1.113020
2017/06/21 07:00:00,1.113270,1.113810,1.113070,1.113550,1.113020,1.113580,1.112840,1.113310
2017/06/21 07:30:00,1.113550,1.113660,1.113120,1.113300,1.113310,1.113430,1.112880,1.113060
2017/06/21 08:00:00,1.113300,1.113600,1.112900,1.113110,1.113060,1.113360,1.112660,1.112870
2017/06/21 08:30:00,1.113110,1.114720,1.112860,1.114380,1.112870,1.114460,1.112620,1.114140
2017/06/21 09:00:00,1.114380,1.115120,1.114280,1.114690,1.114140,1.114900,1.114040,1.114440
2017/06/21 09:30:00,1.114690,1.114730,1.113870,1.114570,1.114440,1.114500,1.113630,1.114340
2017/06/21 10:00:00,1.114570,1.114970,1.114280,1.114600,1.114340,1.114730,1.114060,1.114350
2017/06/21 10:30:00,1.114600,1.115110,1.114350,1.115080,1.114350,1.114880,1.114100,1.114850
2017/06/21 11:00:00,1.115080,1.115710,1.114180,1.114400,1.114850,1.115460,1.113950,1.114180
2017/06/21 11:30:00,1.114400,1.115260,1.114090,1.114290,1.114180,1.115020,1.113860,1.114040
2017/06/21 12:00:00,1.114290,1.114930,1.114140,1.114870,1.114040,1.114690,1.113900,1.114630
2017/06/21 12:30:00,1.114870,1.115420,1.114700,1.114930,1.114630,1.115190,1.114490,1.114690
2017/06/21 13:00:00,1.114930,1.114980,1.113130,1.113510,1.114690,1.114760,1.112900,1.113280
2017/06/21 13:30:00,1.113510,1.114330,1.113420,1.114110,1.113280,1.114090,1.113190,1.113840
2017/06/21 14:00:00,1.114110,1.114600,1.113590,1.114400,1.113840,1.114350,1.113360,1.114150
2017/06/21 14:30:00,1.114400,1.114890,1.113930,1.114320,1.114150,1.114660,1.113690,1.114080
2017/06/21 15:00:00,1.114320,1.114880,1.114170,1.114350,1.114080,1.114640,1.113930,1.114150
2017/06/21 15:30:00,1.114350,1.114590,1.113950,1.114390,1.114150,1.114340,1.113710,1.114160
2017/06/21 16:00:00,1.114390,1.114830,1.114270,1.114470,1.114160,1.114600,1.114030,1.114230
2017/06/21 16:30:00,1.114470,1.114890,1.114170,1.114840,1.114230,1.114660,1.113970,1.114600
2017/06/21 17:00:00,1.114840,1.115280,1.114670,1.114820,1.114600,1.115060,1.114430,1.114570
2017/06/21 17:30:00,1.114820,1.115410,1.114590,1.115250,1.114570,1.115170,1.114350,1.115010
2017/06/21 18:00:00,1.115250,1.115850,1.115150,1.115780,1.115010,1.115620,1.114900,1.115550
2017/06/21 18:30:00,1.115780,1.116770,1.115740,1.116370,1.115550,1.116520,1.115510,1.116130
2017/06/21 19:00:00,1.116370,1.116970,1.116300,1.116610,1.116130,1.116730,1.116050,1.116360
2017/06/21 19:30:00,1.116610,1.116890,1.116320,1.116690,1.116360,1.116660,1.116080,1.116450
2017/06/21 20:00:00,1.116690,1.116750,1.116330,1.116440,1.116450,1.116510,1.116090,1.116200
2017/06/21 20:30:00,1.116440,1.117120,1.116360,1.117110,1.116200,1.116790,1.116120,1.116710
2017/06/21 21:00:00,1.117110,1.117110,1.116620,1.116810,1.116710,1.116790,1.116330,1.116570
2017/06/21 21:30:00,1.116810,1.117090,1.116530,1.116940,1.116570,1.116750,1.116060,1.116670
2017/06/21 22:00:00,1.116940,1.116970,1.116670,1.116690,1.116670,1.116700,1.116420,1.116440
2017/06/21 22:30:00,1.116690,1.116870,1.116650,1.116800,1.116440,1.116610,1.116390,1.116550
2017/06/21 23:00:00,1.116800,1.116960,1.116580,1.116810,1.116550,1.116720,1.116350,1.116580
2017/06/21 23:30:00,1.116810,1.116830,1.116650,1.116800,1.116580,1.116590,1.116420,1.116550
2017/06/22 00:00:00,1.116800,1.117260,1.116620,1.116640,1.116550,1.117010,1.116370,1.116400
2017/06/22 00:30:00,1.116640,1.116940,1.116150,1.116460,1.116400,1.116700,1.115920,1.116210
2017/06/22 01:00:00,1.116460,1.116660,1.116330,1.116500,1.116210,1.116420,1.116110,1.116270
2017/06/22 01:30:00,1.116500,1.116760,1.116350,1.116650,1.116270,1.116540,1.116120,1.116410
2017/06/22 02:00:00,1.116650,1.117290,1.116540,1.116950,1.116410,1.117050,1.116300,1.116720
2017/06/22 02:30:00,1.116950,1.117110,1.116740,1.116890,1.116720,1.116870,1.116500,1.116650
2017/06/22 03:00:00,1.116890,1.117170,1.116850,1.117070,1.116650,1.116930,1.116630,1.116830
2017/06/22 03:30:00,1.117070,1.117200,1.116910,1.116970,1.116830,1.116960,1.116660,1.116730
2017/06/22 04:00:00,1.116970,1.117270,1.116930,1.117010,1.116730,1.117040,1.116680,1.116760
2017/06/22 04:30:00,1.117010,1.117250,1.116900,1.117210,1.116760,1.117000,1.116650,1.116980
2017/06/22 05:00:00,1.117210,1.117220,1.116980,1.117160,1.116980,1.116980,1.116750,1.116910
2017/06/22 05:30:00,1.117160,1.117730,1.117150,1.117730,1.116910,1.117500,1.116910,1.117500
2017/06/22 06:00:00,1.117730,1.117920,1.117040,1.117430,1.117500,1.117680,1.116810,1.117190
2017/06/22 06:30:00,1.117430,1.117760,1.116930,1.117310,1.117190,1.117520,1.116690,1.117070
2017/06/22 07:00:00,1.117310,1.117320,1.116220,1.116450,1.117070,1.117090,1.116000,1.116210
2017/06/22 07:30:00,1.116450,1.116650,1.115570,1.116360,1.116210,1.116420,1.115330,1.116110
2017/06/22 08:00:00,1.116360,1.117010,1.115940,1.116280,1.116110,1.116770,1.115700,1.116050
2017/06/22 08:30:00,1.116280,1.116970,1.116230,1.116940,1.116050,1.116750,1.116010,1.116710
2017/06/22 09:00:00,1.116940,1.117570,1.116930,1.117430,1.116710,1.117340,1.116690,1.117190
2017/06/22 09:30:00,1.117430,1.117490,1.116610,1.116650,1.117190,1.117250,1.116370,1.116420
2017/06/22 10:00:00,1.116650,1.116880,1.116260,1.116500,1.116420,1.116650,1.116030,1.116260
2017/06/22 10:30:00,1.116500,1.116750,1.116160,1.116670,1.116260,1.116520,1.115920,1.116430
2017/06/22 11:00:00,1.116670,1.116770,1.116330,1.116500,1.116430,1.116540,1.116080,1.116260
2017/06/22 11:30:00,1.116500,1.116680,1.115810,1.116680,1.116260,1.116440,1.115580,1.116440
2017/06/22 12:00:00,1.116680,1.117360,1.116440,1.117050,1.116440,1.117130,1.116210,1.116810
2017/06/22 12:30:00,1.117050,1.117180,1.116020,1.116220,1.116810,1.116940,1.115780,1.116000
2017/06/22 13:00:00,1.116220,1.116530,1.115570,1.115770,1.116000,1.116300,1.115340,1.115530
2017/06/22 13:30:00,1.115770,1.116340,1.115370,1.116110,1.115530,1.116100,1.115130,1.115860
2017/06/22 14:00:00,1.116110,1.116370,1.115190,1.116120,1.115860,1.116140,1.114950,1.115870
2017/06/22 14:30:00,1.116120,1.116380,1.115390,1.115810,1.115870,1.116140,1.115150,1.115570
2017/06/22 15:00:00,1.115810,1.116230,1.115270,1.115320,1.115570,1.116000,1.115030,1.115080
2017/06/22 15:30:00,1.115320,1.115510,1.114660,1.114810,1.115080,1.115290,1.114420,1.114570
2017/06/22 16:00:00,1.114810,1.115440,1.114810,1.115360,1.114570,1.115200,1.114570,1.115130
2017/06/22 16:30:00,1.115360,1.115720,1.114970,1.115670,1.115130,1.115490,1.114730,1.115430
2017/06/22 17:00:00,1.115670,1.115880,1.114630,1.115010,1.115430,1.115640,1.114410,1.114780
2017/06/22 17:30:00,1.115010,1.115050,1.114060,1.114440,1.114780,1.114820,1.113820,1.114200
2017/06/22 18:00:00,1.114440,1.114880,1.114270,1.114760,1.114200,1.114640,1.114030,1.114520
2017/06/22 18:30:00,1.114760,1.115170,1.114750,1.114810,1.114520,1.114930,1.114510,1.114570
2017/06/22 19:00:00,1.114810,1.115310,1.114750,1.114910,1.114570,1.115080,1.114520,1.114670
2017/06/22 19:30:00,1.114910,1.115620,1.114900,1.115270,1.114670,1.115400,1.114660,1.115020
2017/06/22 20:00:00,1.115270,1.115440,1.115040,1.115410,1.115020,1.115200,1.114820,1.115180
2017/06/22 20:30:00,1.115410,1.115520,1.115250,1.115380,1.115180,1.115290,1.114980,1.114990
2017/06/22 21:00:00,1.115380,1.115560,1.115280,1.115340,1.114990,1.115220,1.114990,1.115110
2017/06/22 21:30:00,1.115340,1.115430,1.115250,1.115280,1.115110,1.115170,1.115010,1.115060
2017/06/22 22:00:00,1.115280,1.115380,1.115090,1.115320,1.115060,1.115110,1.114830,1.115080
2017/06/22 22:30:00,1.115320,1.115330,1.115070,1.115110,1.115080,1.115080,1.114830,1.114870
2017/06/22 23:00:00,1.115110,1.115170,1.114850,1.115130,1.114870,1.114920,1.114620,1.114880
2017/06/22 23:30:00,1.115130,1.115210,1.114910,1.115080,1.114880,1.114960,1.114710,1.114870
2017/06/23 00:00:00,1.115080,1.115270,1.114650,1.114880,1.114870,1.115030,1.114410,1.114650
2017/06/23 00:30:00,1.114880,1.115200,1.114820,1.115060,1.114650,1.114970,1.114570,1.114840
2017/06/23 01:00:00,1.115060,1.115210,1.114810,1.115160,1.114840,1.114970,1.114560,1.114910
2017/06/23 01:30:00,1.115160,1.116130,1.115040,1.116110,1.114910,1.115880,1.114800,1.115870
2017/06/23 02:00:00,1.116110,1.116130,1.115840,1.115860,1.115870,1.115890,1.115610,1.115620
2017/06/23 02:30:00,1.115860,1.116020,1.115570,1.115980,1.115620,1.115770,1.115350,1.115760
2017/06/23 03:00:00,1.115980,1.116030,1.115870,1.115970,1.115760,1.115800,1.115650,1.115730
2017/06/23 03:30:00,1.115970,1.116430,1.115910,1.116410,1.115730,1.116210,1.115670,1.116180
2017/06/23 04:00:00,1.116410,1.116540,1.116310,1.116330,1.116180,1.116300,1.116070,1.116100
2017/06/23 04:30:00,1.116330,1.116490,1.116260,1.116300,1.116100,1.116250,1.116020,1.116060
2017/06/23 05:00:00,1.116300,1.116520,1.116300,1.116380,1.116060,1.116280,1.116060,1.116130
2017/06/23 05:30:00,1.116380,1.116960,1.116340,1.116520,1.116130,1.116720,1.116100,1.116280
2017/06/23 06:00:00,1.116520,1.117070,1.116460,1.116990,1.116280,1.116830,1.116230,1.116760
2017/06/23 06:30:00,1.116990,1.117650,1.116990,1.117380,1.116760,1.117420,1.116760,1.117150
2017/06/23 07:00:00,1.117380,1.118160,1.117180,1.117420,1.117150,1.117890,1.116940,1.117180
2017/06/23 07:30:00,1.117420,1.117910,1.116970,1.117720,1.117180,1.117660,1.116750,1.117470
2017/06/23 08:00:00,1.117720,1.118920,1.117710,1.118380,1.117470,1.118700,1.117460,1.118140
2017/06/23 08:30:00,1.118380,1.118460,1.117220,1.117270,1.118140,1.118220,1.116990,1.117030
2017/06/23 09:00:00,1.117270,1.117340,1.116310,1.116630,1.117030,1.117120,1.116060,1.116400
2017/06/23 09:30:00,1.116630,1.117250,1.116280,1.117160,1.116400,1.117030,1.116040,1.116920
2017/06/23 10:00:00,1.117160,1.117760,1.116780,1.116790,1.116920,1.117530,1.116550,1.116560
2017/06/23 10:30:00,1.116790,1.116950,1.116590,1.116770,1.116560,1.116720,1.116350,1.116530
2017/06/23 11:00:00,1.116770,1.117000,1.116540,1.116790,1.116530,1.116770,1.116300,1.116550
2017/06/23 11:30:00,1.116790,1.117570,1.116340,1.117450,1.116550,1.117330,1.116100,1.117210
2017/06/23 12:00:00,1.117450,1.117850,1.117150,1.117770,1.117210,1.117610,1.116910,1.117530
2017/06/23 12:30:00,1.117770,1.118160,1.117430,1.117750,1.117530,1.117910,1.117200,1.117510
2017/06/23 13:00:00,1.117750,1.118300,1.117640,1.118190,1.117510,1.118080,1.117400,1.117940
2017/06/23 13:30:00,1.118190,1.119750,1.118150,1.119720,1.117940,1.119460,1.117900,1.119430
2017/06/23 14:00:00,1.119720,1.120100,1.118660,1.119980,1.119430,1.119870,1.118430,1.119740
2017/06/23 14:30:00,1.119980,1.121020,1.119970,1.120110,1.119740,1.120780,1.119720,1.119870
2017/06/23 15:00:00,1.120110,1.120520,1.119990,1.120120,1.119870,1.120280,1.119760,1.119870
2017/06/23 15:30:00,1.120120,1.120320,1.119720,1.119750,1.119870,1.120080,1.119480,1.119520
2017/06/23 16:00:00,1.119750,1.120080,1.119600,1.119650,1.119520,1.119840,1.119360,1.119410
2017/06/23 16:30:00,1.119650,1.119930,1.119410,1.119820,1.119410,1.119690,1.119170,1.119580
2017/06/23 17:00:00,1.119820,1.119970,1.119620,1.119750,1.119580,1.119720,1.119380,1.119510
2017/06/23 17:30:00,1.119750,1.120030,1.119730,1.119910,1.119510,1.119800,1.119510,1.119680
2017/06/23 18:00:00,1.119910,1.120360,1.119820,1.120030,1.119680,1.120130,1.119590,1.119790
2017/06/23 18:30:00,1.120030,1.120280,1.119770,1.119820,1.119790,1.120050,1.119560,1.119580
2017/06/23 19:00:00,1.119820,1.120060,1.119770,1.119920,1.119580,1.119830,1.119530,1.119670
2017/06/23 19:30:00,1.119920,1.119920,1.119700,1.119850,1.119670,1.119680,1.119470,1.119610
2017/06/23 20:00:00,1.119850,1.119950,1.119730,1.119870,1.119610,1.119700,1.119490,1.119640
2017/06/23 20:30:00,1.119870,1.119940,1.119450,1.119460,1.119640,1.119690,1.119010,1.119110
2017/06/25 19:00:00,1.119460,1.120470,1.119460,1.120190,1.119110,1.119740,1.118840,1.119710
2017/06/25 19:30:00,1.120190,1.120390,1.120060,1.120060,1.119710,1.119920,1.119410,1.119550
2017/06/25 20:00:00,1.120060,1.120300,1.119540,1.120180,1.119550,1.119720,1.118680,1.119370
2017/06/25 20:30:00,1.120180,1.120550,1.120150,1.120250,1.119370,1.119940,1.119090,1.119290
2017/06/25 21:00:00,1.120250,1.120460,1.119320,1.120220,1.119290,1.119510,1.118520,1.119100
2017/06/25 21:30:00,1.120220,1.120340,1.119840,1.119920,1.119100,1.119550,1.118790,1.118900
2017/06/25 22:00:00,1.119920,1.120120,1.119480,1.119690,1.118900,1.119750,1.118820,1.119410
2017/06/25 22:30:00,1.119690,1.119970,1.119660,1.119780,1.119410,1.119700,1.119390,1.119540
2017/06/25 23:00:00,1.119780,1.119900,1.119740,1.119900,1.119540,1.119660,1.119510,1.119650
2017/06/25 23:30:00,1.119900,1.120110,1.119700,1.120100,1.119650,1.119880,1.119450,1.119870
2017/06/26 00:00:00,1.120100,1.120150,1.119640,1.119890,1.119870,1.119900,1.119400,1.119660
2017/06/26 00:30:00,1.119890,1.120050,1.119680,1.119780,1.119660,1.119820,1.119460,1.119530
2017/06/26 01:00:00,1.119780,1.119810,1.119240,1.119540,1.119530,1.119570,1.118990,1.119290
2017/06/26 01:30:00,1.119540,1.119680,1.119110,1.119170,1.119290,1.119440,1.118860,1.118920
2017/06/26 02:00:00,1.119170,1.119820,1.119140,1.119640,1.118920,1.119570,1.118890,1.119390
2017/06/26 02:30:00,1.119640,1.119810,1.119350,1.119630,1.119390,1.119580,1.119120,1.119380
2017/06/26 03:00:00,1.119630,1.119650,1.119130,1.119440,1.119380,1.119410,1.118880,1.119200
2017/06/26 03:30:00,1.119440,1.119900,1.119430,1.119780,1.119200,1.119670,1.119190,1.119530
2017/06/26 04:00:00,1.119780,1.119780,1.119370,1.119480,1.119530,1.119530,1.119120,1.119240
2017/06/26 04:30:00,1.119480,1.119590,1.119160,1.119280,1.119240,1.119350,1.118930,1.119060
2017/06/26 05:00:00,1.119280,1.119310,1.118980,1.119300,1.119060,1.119060,1.118760,1.119060
2017/06/26 05:30:00,1.119300,1.119500,1.119140,1.119380,1.119060,1.119250,1.118920,1.119140
2017/06/26 06:00:00,1.119380,1.119650,1.118690,1.118900,1.119140,1.119400,1.118450,1.118690
2017/06/26 06:30:00,1.118900,1.119600,1.118590,1.119300,1.118690,1.119360,1.118350,1.119070
2017/06/26 07:00:00,1.119300,1.120640,1.119120,1.120350,1.119070,1.120410,1.118880,1.120110
2017/06/26 07:30:00,1.120350,1.120910,1.120020,1.120220,1.120110,1.120670,1.119790,1.119970
2017/06/26 08:00:00,1.120220,1.120300,1.118790,1.119100,1.119970,1.120070,1.118540,1.118860
2017/06/26 08:30:00,1.119100,1.119350,1.118300,1.118700,1.118860,1.119100,1.118060,1.118460
2017/06/26 09:00:00,1.118700,1.118830,1.118300,1.118750,1.118460,1.118600,1.118080,1.118520
2017/06/26 09:30:00,1.118750,1.118850,1.117690,1.117840,1.118520,1.118620,1.117460,1.117610
2017/06/26 10:00:00,1.117840,1.118860,1.117760,1.118150,1.117610,1.118630,1.117520,1.117900
2017/06/26 10:30:00,1.118150,1.118550,1.117780,1.118100,1.117900,1.118310,1.117550,1.117860
2017/06/26 11:00:00,1.118100,1.118260,1.117300,1.117690,1.117860,1.118030,1.117070,1.117440
2017/06/26 11:30:00,1.117690,1.118630,1.117600,1.118280,1.117440,1.118400,1.117370,1.118040
2017/06/26 12:00:00,1.118280,1.119110,1.118270,1.119030,1.118040,1.118900,1.118030,1.118760
2017/06/26 12:30:00,1.119030,1.122120,1.118980,1.121240,1.118760,1.121880,1.118710,1.121000
2017/06/26 13:00:00,1.121240,1.121710,1.120950,1.121070,1.121000,1.121470,1.120720,1.120860
2017/06/26 13:30:00,1.121070,1.121450,1.120390,1.120400,1.120860,1.121230,1.120180,1.120200
2017/06/26 14:00:00,1.120400,1.121410,1.120350,1.120750,1.120200,1.121170,1.120120,1.120500
2017/06/26 14:30:00,1.120750,1.121990,1.120110,1.120420,1.120500,1.121750,1.119860,1.120180
2017/06/26 15:00:00,1.120420,1.120510,1.119940,1.120300,1.120180,1.120270,1.119710,1.120070
2017/06/26 15:30:00,1.120300,1.120610,1.119010,1.119730,1.120070,1.120380,1.118770,1.119500
2017/06/26 16:00:00,1.119730,1.119920,1.118320,1.118560,1.119500,1.119680,1.118080,1.118320
2017/06/26 16:30:00,1.118560,1.119180,1.118470,1.118880,1.118320,1.118940,1.118230,1.118640
2017/06/26 17:00:00,1.118880,1.119420,1.118830,1.119350,1.118640,1.119180,1.118590,1.119100
2017/06/26 17:30:00,1.119350,1.119580,1.118910,1.119260,1.119100,1.119340,1.118670,1.119040
2017/06/26 18:00:00,1.119260,1.119570,1.117770,1.117780,1.119040,1.119340,1.117560,1.117560
2017/06/26 18:30:00,1.117780,1.118260,1.117670,1.118220,1.117560,1.118010,1.117460,1.117990
2017/06/26 19:00:00,1.118220,1.118310,1.117840,1.118060,1.117990,1.118070,1.117610,1.117840
2017/06/26 19:30:00,1.118060,1.118290,1.117910,1.118160,1.117840,1.118050,1.117680,1.117930
2017/06/26 20:00:00,1.118160,1.118430,1.118050,1.118420,1.117930,1.118180,1.117820,1.118180
2017/06/26 20:30:00,1.118420,1.118470,1.118090,1.118300,1.118180,1.118220,1.117850,1.118050
2017/06/26 21:00:00,1.118300,1.118830,1.118300,1.118440,1.118050,1.118390,1.117990,1.118120
2017/06/26 21:30:00,1.118440,1.118860,1.118280,1.118450,1.118120,1.118250,1.117870,1.118220
2017/06/26 22:00:00,1.118450,1.118470,1.118310,1.118340,1.118220,1.118230,1.118030,1.118080
2017/06/26 22:30:00,1.118340,1.118500,1.118160,1.118190,1.118080,1.118230,1.117880,1.117920
2017/06/26 23:00:00,1.118190,1.118230,1.118020,1.118150,1.117920,1.117980,1.117790,1.117910
2017/06/26 23:30:00,1.118150,1.118480,1.118080,1.118420,1.117910,1.118240,1.117840,1.118180
2017/06/27 00:00:00,1.118420,1.118550,1.118140,1.118470,1.118180,1.118320,1.117900,1.118220
2017/06/27 00:30:00,1.118470,1.118660,1.118320,1.118530,1.118220,1.118420,1.118100,1.118290
2017/06/27 01:00:00,1.118530,1.118810,1.118500,1.118680,1.118290,1.118570,1.118250,1.118430
2017/06/27 01:30:00,1.118680,1.118700,1.118200,1.118380,1.118430,1.118460,1.117970,1.118150
2017/06/27 02:00:00,1.118380,1.118850,1.118180,1.118770,1.118150,1.118610,1.117930,1.118550
2017/06/27 02:30:00,1.118770,1.119090,1.118730,1.118890,1.118550,1.118860,1.118500,1.118660
2017/06/27 03:00:00,1.118890,1.119380,1.118820,1.119230,1.118660,1.119140,1.118590,1.118990
2017/06/27 03:30:00,1.119230,1.119370,1.119160,1.119240,1.118990,1.119130,1.118930,1.118990
2017/06/27 04:00:00,1.119240,1.119240,1.118920,1.119000,1.118990,1.119000,1.118690,1.118750
2017/06/27 04:30:00,1.119000,1.119180,1.118930,1.119130,1.118750,1.118950,1.118690,1.118900
2017/06/27 05:00:00,1.119130,1.119460,1.119110,1.119460,1.118900,1.119230,1.118880,1.119230
2017/06/27 05:30:00,1.119460,1.119780,1.119380,1.119700,1.119230,1.119540,1.119130,1.119450
2017/06/27 06:00:00,1.119700,1.120520,1.119300,1.119940,1.119450,1.120280,1.119050,1.119690
2017/06/27 06:30:00,1.119940,1.120070,1.118930,1.119220,1.119690,1.119840,1.118710,1.118990
2017/06/27 07:00:00,1.119220,1.119430,1.119000,1.119260,1.118990,1.119200,1.118770,1.119020
2017/06/27 07:30:00,1.119260,1.119350,1.118350,1.118830,1.119020,1.119130,1.118110,1.118590
2017/06/27 08:00:00,1.118830,1.124550,1.118810,1.123980,1.118590,1.124280,1.118570,1.123750
2017/06/27 08:30:00,1.123980,1.125620,1.123770,1.125040,1.123750,1.125390,1.123530,1.124790
2017/06/27 09:00:00,1.125040,1.126140,1.124540,1.125040,1.124790,1.125900,1.124310,1.124800
2017/06/27 09:30:00,1.125040,1.126640,1.125020,1.125560,1.124800,1.126410,1.124770,1.125310
2017/06/27 10:00:00,1.125560,1.125790,1.124800,1.125280,1.125310,1.125560,1.124570,1.125060
2017/06/27 10:30:00,1.125280,1.126750,1.125080,1.126310,1.125060,1.126500,1.124840,1.126080
2017/06/27 11:00:00,1.126310,1.127120,1.126180,1.126660,1.126080,1.126890,1.125940,1.126430
2017/06/27 11:30:00,1.126660,1.127610,1.126600,1.127010,1.126430,1.127370,1.126370,1.126770
2017/06/27 12:00:00,1.127010,1.128290,1.127000,1.128240,1.126770,1.128050,1.126760,1.128000
2017/06/27 12:30:00,1.128240,1.128530,1.127310,1.127820,1.128000,1.128290,1.127070,1.127580
2017/06/27 13:00:00,1.127820,1.129150,1.127800,1.128900,1.127580,1.128920,1.127570,1.128660
2017/06/27 13:30:00,1.128900,1.130630,1.128410,1.129020,1.128660,1.130410,1.128180,1.128710
2017/06/27 14:00:00,1.129020,1.129110,1.127580,1.127970,1.128710,1.128880,1.127350,1.127730
2017/06/27 14:30:00,1.127970,1.128920,1.127730,1.128740,1.127730,1.128670,1.127490,1.128500
2017/06/27 15:00:00,1.128740,1.130470,1.128520,1.129670,1.128500,1.130220,1.128280,1.129450
2017/06/27 15:30:00,1.129670,1.133370,1.129330,1.132780,1.129450,1.133120,1.129100,1.132550
2017/06/27 16:00:00,1.132780,1.133640,1.131190,1.131440,1.132550,1.133420,1.130950,1.131210
2017/06/27 16:30:00,1.131440,1.131540,1.130740,1.131310,1.131210,1.131310,1.130500,1.131070
2017/06/27 17:00:00,1.131310,1.133790,1.130770,1.133550,1.131070,1.133550,1.130540,1.133310
2017/06/27 17:30:00,1.133550,1.133930,1.132480,1.133340,1.133310,1.133720,1.132250,1.133110
2017/06/27 18:00:00,1.133340,1.134360,1.133260,1.133760,1.133110,1.134140,1.133050,1.133510
2017/06/27 18:30:00,1.133760,1.134920,1.133370,1.134760,1.133510,1.134710,1.133130,1.134520
2017/06/27 19:00:00,1.134760,1.135070,1.134550,1.134850,1.134520,1.134830,1.134300,1.134600
2017/06/27 19:30:00,1.134850,1.135080,1.134540,1.135010,1.134600,1.134830,1.134290,1.134760
2017/06/27 20:00:00,1.135010,1.135010,1.134450,1.134470,1.134760,1.134770,1.134210,1.134230
2017/06/27 20:30:00,1.134470,1.134470,1.133830,1.134080,1.134230,1.134230,1.133520,1.133660
2017/06/27 21:00:00,1.134080,1.134130,1.133120,1.133760,1.133660,1.133660,1.132800,1.133530
2017/06/27 21:30:00,1.133760,1.134330,1.133630,1.133640,1.133530,1.133840,1.133140,1.133310
2017/06/27 22:00:00,1.133640,1.134150,1.133630,1.133960,1.133310,1.133850,1.133240,1.133730
2017/06/27 22:30:00,1.133960,1.134600,1.133940,1.134440,1.133730,1.134350,1.133690,1.134190
2017/06/27 23:00:00,1.134440,1.134470,1.133870,1.133870,1.134190,1.134230,1.133640,1.133640
2017/06/27 23:30:00,1.133870,1.134030,1.133700,1.133810,1.133640,1.133810,1.133490,1.133570
2017/06/28 00:00:00,1.133810,1.134480,1.133720,1.134480,1.133570,1.134270,1.133480,1.134260
2017/06/28 00:30:00,1.134480,1.134490,1.133850,1.134090,1.134260,1.134260,1.133620,1.133860
2017/06/28 01:00:00,1.134090,1.134230,1.133830,1.134110,1.133860,1.133990,1.133590,1.133870
2017/06/28 01:30:00,1.134110,1.135680,1.133910,1.135250,1.133870,1.135440,1.133670,1.135000
2017/06/28 02:00:00,1.135250,1.135260,1.134810,1.135020,1.135000,1.135030,1.134570,1.134790
2017/06/28 02:30:00,1.135020,1.135520,1.134970,1.135270,1.134790,1.135290,1.134740,1.135030
2017/06/28 03:00:00,1.135270,1.135300,1.134930,1.135090,1.135030,1.135060,1.134700,1.134850
2017/06/28 03:30:00,1.135090,1.135260,1.134860,1.135000,1.134850,1.135010,1.134630,1.134760
2017/06/28 04:00:00,1.135000,1.135460,1.134850,1.135400,1.134760,1.135220,1.134620,1.135180
2017/06/28 04:30:00,1.135400,1.135470,1.134760,1.134790,1.135180,1.135230,1.134530,1.134560
2017/06/28 05:00:00,1.134790,1.135190,1.134640,1.135190,1.134560,1.134940,1.134410,1.134940
2017/06/28 05:30:00,1.135190,1.136780,1.135040,1.136380,1.134940,1.136540,1.134810,1.136140
2017/06/28 06:00:00,1.136380,1.138020,1.136080,1.137190,1.136140,1.137770,1.135830,1.136950
2017/06/28 06:30:00,1.137190,1.137360,1.135370,1.135440,1.136950,1.137130,1.135140,1.135190
2017/06/28 07:00:00,1.135440,1.137480,1.135330,1.137260,1.135190,1.137250,1.135090,1.137040
2017/06/28 07:30:00,1.137260,1.138960,1.137160,1.137950,1.137040,1.138710,1.136920,1.137720
2017/06/28 08:00:00,1.137950,1.138780,1.136850,1.138170,1.137720,1.138550,1.136610,1.137930
2017/06/28 08:30:00,1.138170,1.138590,1.136120,1.136170,1.137930,1.138360,1.135890,1.135940
2017/06/28 09:00:00,1.136170,1.136530,1.135460,1.135930,1.135940,1.136290,1.135240,1.135690
2017/06/28 09:30:00,1.135930,1.136490,1.135840,1.136200,1.135690,1.136250,1.135610,1.135960
2017/06/28 10:00:00,1.136200,1.137310,1.136150,1.136770,1.135960,1.137080,1.135910,1.136530
2017/06/28 10:30:00,1.136770,1.136770,1.135630,1.135970,1.136530,1.136540,1.135400,1.135750
2017/06/28 11:00:00,1.135970,1.137770,1.135690,1.137630,1.135750,1.137530,1.135460,1.137390
2017/06/28 11:30:00,1.137630,1.137750,1.136760,1.137610,1.137390,1.137520,1.136520,1.137360
2017/06/28 12:00:00,1.137610,1.138140,1.129270,1.133220,1.137360,1.137910,1.128970,1.132950
2017/06/28 12:30:00,1.133220,1.134150,1.132140,1.133260,1.132950,1.133920,1.131900,1.133020
2017/06/28 13:00:00,1.133260,1.134450,1.132930,1.133550,1.133020,1.134200,1.132710,1.133300
2017/06/28 13:30:00,1.133550,1.137480,1.133230,1.136720,1.133300,1.137190,1.133020,1.136440
2017/06/28 14:00:00,1.136720,1.139250,1.136690,1.137720,1.136440,1.138980,1.136420,1.137480
2017/06/28 14:30:00,1.137720,1.138500,1.136250,1.136420,1.137480,1.138230,1.136010,1.136180
2017/06/28 15:00:00,1.136420,1.136730,1.135380,1.135510,1.136180,1.136490,1.135140,1.135270
2017/06/28 15:30:00,1.135510,1.136670,1.135050,1.136600,1.135270,1.136430,1.134820,1.136350
2017/06/28 16:00:00,1.136600,1.137550,1.136410,1.137210,1.136350,1.137310,1.136180,1.136970
2017/06/28 16:30:00,1.137210,1.138270,1.137020,1.137930,1.136970,1.138050,1.136800,1.137690
2017/06/28 17:00:00,1.137930,1.138310,1.137540,1.137580,1.137690,1.138070,1.137300,1.137360
2017/06/28 17:30:00,1.137580,1.138200,1.137470,1.137790,1.137360,1.137960,1.137240,1.137560
2017/06/28 18:00:00,1.137790,1.138520,1.137770,1.137840,1.137560,1.138280,1.137540,1.137620
2017/06/28 18:30:00,1.137840,1.138300,1.137730,1.138140,1.137620,1.138060,1.137500,1.137890
2017/06/28 19:00:00,1.138140,1.138160,1.137730,1.137990,1.137890,1.137920,1.137490,1.137760
2017/06/28 19:30:00,1.137990,1.138650,1.137910,1.138300,1.137760,1.138420,1.137670,1.138080
2017/06/28 20:00:00,1.138300,1.138300,1.137900,1.138070,1.138080,1.138080,1.137660,1.137810
2017/06/28 20:30:00,1.138070,1.138090,1.137750,1.137820,1.137810,1.137850,1.137400,1.137470
2017/06/28 21:00:00,1.137820,1.138070,1.137720,1.137740,1.137470,1.137800,1.137340,1.137450
2017/06/28 21:30:00,1.137740,1.138250,1.137700,1.137770,1.137450,1.137810,1.137210,1.137390
2017/06/28 22:00:00,1.137770,1.138170,1.137680,1.137880,1.137390,1.137870,1.137380,1.137610
2017/06/28 22:30:00,1.137880,1.137970,1.137590,1.137880,1.137610,1.137730,1.137320,1.137620
2017/06/28 23:00:00,1.137880,1.138220,1.137850,1.138140,1.137620,1.137990,1.137620,1.137900
2017/06/28 23:30:00,1.138140,1.138660,1.137970,1.137970,1.137900,1.138420,1.137720,1.137720
2017/06/29 00:00:00,1.137970,1.138480,1.137820,1.138370,1.137720,1.138230,1.137580,1.138140
2017/06/29 00:30:00,1.138370,1.139080,1.138290,1.138830,1.138140,1.138830,1.138040,1.138590
2017/06/29 01:00:00,1.138830,1.139660,1.138640,1.139390,1.138590,1.139370,1.138390,1.139150
2017/06/29 01:30:00,1.139390,1.141000,1.139310,1.140640,1.139150,1.140740,1.139060,1.140400
2017/06/29 02:00:00,1.140640,1.142070,1.140410,1.141200,1.140400,1.141820,1.140190,1.140960
2017/06/29 02:30:00,1.141200,1.141300,1.140540,1.140650,1.140960,1.141070,1.140300,1.140400
2017/06/29 03:00:00,1.140650,1.141120,1.140270,1.140920,1.140400,1.140870,1.140040,1.140680
2017/06/29 03:30:00,1.140920,1.140940,1.140530,1.140710,1.140680,1.140700,1.140290,1.140460
2017/06/29 04:00:00,1.140710,1.140900,1.140570,1.140690,1.140460,1.140660,1.140340,1.140450
2017/06/29 04:30:00,1.140690,1.140690,1.139600,1.140310,1.140450,1.140450,1.139370,1.140060
2017/06/29 05:00:00,1.140310,1.140310,1.139660,1.139710,1.140060,1.140070,1.139420,1.139470
2017/06/29 05:30:00,1.139710,1.140930,1.139710,1.140870,1.139470,1.140690,1.139470,1.140630
2017/06/29 06:00:00,1.140870,1.141660,1.140110,1.140400,1.140630,1.141420,1.139870,1.140160
2017/06/29 06:30:00,1.140400,1.141330,1.140130,1.140740,1.140160,1.141100,1.139900,1.140510
2017/06/29 07:00:00,1.140740,1.143380,1.140740,1.142890,1.140510,1.143150,1.140510,1.142640
2017/06/29 07:30:00,1.142890,1.143110,1.142150,1.142800,1.142640,1.142910,1.141920,1.142550
2017/06/29 08:00:00,1.142800,1.143630,1.141620,1.142650,1.142550,1.143390,1.141390,1.142410
2017/06/29 08:30:00,1.142650,1.142890,1.142100,1.142670,1.142410,1.142660,1.141860,1.142460
2017/06/29 09:00:00,1.142670,1.142760,1.141420,1.141460,1.142460,1.142550,1.141180,1.141220
2017/06/29 09:30:00,1.141460,1.141880,1.139960,1.141490,1.141220,1.141640,1.139710,1.141240
2017/06/29 10:00:00,1.141490,1.141720,1.140690,1.141370,1.141240,1.141490,1.140450,1.141150
2017/06/29 10:30:00,1.141370,1.141560,1.140090,1.140730,1.141150,1.141330,1.139860,1.140500
2017/06/29 11:00:00,1.140730,1.140880,1.139330,1.139730,1.140500,1.140640,1.139090,1.139480
2017/06/29 11:30:00,1.139730,1.140780,1.139440,1.140750,1.139480,1.140530,1.139210,1.140520
2017/06/29 12:00:00,1.140750,1.141870,1.140380,1.140630,1.140520,1.141640,1.140080,1.140140
2017/06/29 12:30:00,1.140630,1.140950,1.138920,1.140200,1.140140,1.140670,1.138700,1.139970
2017/06/29 13:00:00,1.140200,1.141170,1.139790,1.140960,1.139970,1.140930,1.139560,1.140710
2017/06/29 13:30:00,1.140960,1.141680,1.139650,1.140100,1.140710,1.141480,1.139400,1.139860
2017/06/29 14:00:00,1.140100,1.142360,1.140040,1.141710,1.139860,1.142120,1.139810,1.141460
2017/06/29 14:30:00,1.141710,1.142950,1.141220,1.142550,1.141460,1.142700,1.140990,1.142320
2017/06/29 15:00:00,1.142550,1.143110,1.142120,1.142570,1.142320,1.142880,1.141870,1.142330
2017/06/29 15:30:00,1.142570,1.143340,1.142180,1.142180,1.142330,1.143090,1.141950,1.141950
2017/06/29 16:00:00,1.142180,1.142810,1.141760,1.142710,1.141950,1.142580,1.141510,1.142480
2017/06/29 16:30:00,1.142710,1.143270,1.142500,1.143110,1.142480,1.143040,1.142260,1.142860
2017/06/29 17:00:00,1.143110,1.144000,1.142890,1.143820,1.142860,1.143750,1.142650,1.143580
2017/06/29 17:30:00,1.143820,1.144610,1.143610,1.144360,1.143580,1.144390,1.143380,1.144120
2017/06/29 18:00:00,1.144360,1.144650,1.143750,1.143830,1.144120,1.144410,1.143520,1.143600
2017/06/29 18:30:00,1.143830,1.143840,1.143040,1.143400,1.143600,1.143620,1.142810,1.143160
2017/06/29 19:00:00,1.143400,1.143960,1.143320,1.143810,1.143160,1.143730,1.143080,1.143570
2017/06/29 19:30:00,1.143810,1.144670,1.143740,1.144040,1.143570,1.144450,1.143510,1.143810
2017/06/29 20:00:00,1.144040,1.144360,1.143670,1.144320,1.143810,1.144140,1.143430,1.144080
2017/06/29 20:30:00,1.144320,1.144400,1.144040,1.144140,1.144080,1.144160,1.143740,1.143760
2017/06/29 21:00:00,1.144140,1.144620,1.143960,1.144170,1.143760,1.144240,1.143740,1.143940
2017/06/29 21:30:00,1.144170,1.144460,1.144080,1.144200,1.143940,1.144190,1.143780,1.143940
2017/06/29 22:00:00,1.144200,1.144620,1.144200,1.144460,1.143940,1.144370,1.143910,1.144200
2017/06/29 22:30:00,1.144460,1.144670,1.144280,1.144400,1.144200,1.144430,1.144030,1.144140
2017/06/29 23:00:00,1.144400,1.144420,1.144140,1.144240,1.144140,1.144190,1.143890,1.143990
2017/06/29 23:30:00,1.144240,1.144350,1.144060,1.144070,1.143990,1.144120,1.143830,1.143840
2017/06/30 00:00:00,1.144070,1.144410,1.143580,1.143590,1.143840,1.144180,1.143340,1.143390
2017/06/30 00:30:00,1.143590,1.143800,1.142810,1.142970,1.143390,1.143550,1.142570,1.142710
2017/06/30 01:00:00,1.142970,1.143900,1.142900,1.143390,1.142710,1.143660,1.142640,1.143160
2017/06/30 01:30:00,1.143390,1.144540,1.143330,1.144310,1.143160,1.144300,1.143090,1.144070
2017/06/30 02:00:00,1.144310,1.144570,1.144040,1.144070,1.144070,1.144330,1.143810,1.143840
2017/06/30 02:30:00,1.144070,1.144220,1.143660,1.143720,1.143840,1.144000,1.143440,1.143480
2017/06/30 03:00:00,1.143720,1.144450,1.143680,1.144300,1.143480,1.144210,1.143440,1.144050
2017/06/30 03:30:00,1.144300,1.144330,1.144090,1.144150,1.144050,1.144090,1.143860,1.143930
2017/06/30 04:00:00,1.144150,1.144290,1.143880,1.144280,1.143930,1.144050,1.143640,1.144030
2017/06/30 04:30:00,1.144280,1.144400,1.144120,1.144160,1.144030,1.144160,1.143870,1.143930
2017/06/30 05:00:00,1.144160,1.144230,1.143770,1.143980,1.143930,1.143990,1.143530,1.143740
2017/06/30 05:30:00,1.143980,1.144260,1.142870,1.143120,1.143740,1.144020,1.142630,1.142880
2017/06/30 06:00:00,1.143120,1.143730,1.142550,1.143550,1.142880,1.143500,1.142320,1.143320
2017/06/30 06:30:00,1.143550,1.144260,1.142370,1.142460,1.143320,1.144040,1.142180,1.142210
2017/06/30 07:00:00,1.142460,1.143100,1.141340,1.141440,1.142210,1.142870,1.141090,1.141200
2017/06/30 07:30:00,1.141440,1.141970,1.140320,1.141310,1.141200,1.141720,1.140090,1.141080
2017/06/30 08:00:00,1.141310,1.141680,1.140630,1.141410,1.141080,1.141440,1.140400,1.141180
2017/06/30 08:30:00,1.141410,1.141420,1.139680,1.140440,1.141180,1.141180,1.139430,1.140190
2017/06/30 09:00:00,1.140440,1.141140,1.139330,1.139980,1.140190,1.140900,1.139100,1.139750
2017/06/30 09:30:00,1.139980,1.141150,1.139620,1.141090,1.139750,1.140910,1.139390,1.140850
2017/06/30 10:00:00,1.141090,1.141310,1.140240,1.140430,1.140850,1.141060,1.140010,1.140200
2017/06/30 10:30:00,1.140430,1.140720,1.139990,1.140410,1.140200,1.140480,1.139750,1.140170
2017/06/30 11:00:00,1.140410,1.141400,1.140360,1.141120,1.140170,1.141170,1.140150,1.140880
2017/06/30 11:30:00,1.141120,1.141330,1.140470,1.140520,1.140880,1.141090,1.140240,1.140290
2017/06/30 12:00:00,1.140520,1.141820,1.140510,1.141150,1.140290,1.141590,1.140290,1.140830
2017/06/30 12:30:00,1.141150,1.142240,1.140770,1.141410,1.140830,1.142000,1.140530,1.141170
2017/06/30 13:00:00,1.141410,1.142360,1.141320,1.141680,1.141170,1.142120,1.141080,1.141440
2017/06/30 13:30:00,1.141680,1.142480,1.141540,1.142090,1.141440,1.142250,1.141290,1.141830
2017/06/30 14:00:00,1.142090,1.142880,1.141920,1.141990,1.141830,1.142650,1.141690,1.141750
2017/06/30 14:30:00,1.141990,1.142020,1.139670,1.140530,1.141750,1.141810,1.139440,1.140300
2017/06/30 15:00:00,1.140530,1.141770,1.140530,1.140980,1.140300,1.141530,1.140290,1.140760
2017/06/30 15:30:00,1.140980,1.141630,1.140650,1.141240,1.140760,1.141400,1.140420,1.141010
2017/06/30 16:00:00,1.141240,1.141740,1.140900,1.141010,1.141010,1.141520,1.140670,1.140780
2017/06/30 16:30:00,1.141010,1.141570,1.140750,1.141380,1.140780,1.141350,1.140510,1.141140
2017/06/30 17:00:00,1.141380,1.141820,1.141210,1.141500,1.141140,1.141580,1.140970,1.141280
2017/06/30 17:30:00,1.141500,1.141660,1.141290,1.141600,1.141280,1.141430,1.141050,1.141360
2017/06/30 18:00:00,1.141600,1.141890,1.140980,1.141820,1.141360,1.141660,1.140750,1.141580
2017/06/30 18:30:00,1.141820,1.142390,1.141470,1.142060,1.141580,1.142160,1.141230,1.141820
2017/06/30 19:00:00,1.142060,1.142320,1.141780,1.142170,1.141820,1.142080,1.141530,1.141930
2017/06/30 19:30:00,1.142170,1.142350,1.141620,1.142280,1.141930,1.142110,1.141380,1.142040
2017/06/30 20:00:00,1.142280,1.142500,1.142130,1.142390,1.142040,1.142260,1.141890,1.142150
2017/06/30 20:30:00,1.142390,1.142560,1.142040,1.142540,1.142150,1.142250,1.141620,1.141620
