StartDate,AskOpen,AskHigh,AskLow,AskClose,BidOpen,BidHigh,BidLow,BidClose
2017/07/02 19:00:00,1.142540,1.142790,1.141990,1.142040,1.141620,1.142140,1.141440,1.141560
2017/07/02 19:30:00,1.142040,1.142680,1.141810,1.142600,1.141560,1.141990,1.141230,1.141440
2017/07/02 20:00:00,1.142600,1.142600,1.141800,1.142040,1.141440,1.141920,1.141260,1.141530
2017/07/02 20:30:00,1.142040,1.142480,1.142010,1.142250,1.141530,1.141910,1.141360,1.141640
2017/07/02 21:00:00,1.142250,1.142250,1.141860,1.142120,1.141640,1.141790,1.141470,1.141750
2017/07/02 21:30:00,1.142120,1.142610,1.141960,1.142380,1.141750,1.141960,1.141520,1.141950
2017/07/02 22:00:00,1.142380,1.142960,1.142220,1.142460,1.141950,1.142560,1.141780,1.142170
2017/07/02 22:30:00,1.142460,1.142710,1.142380,1.142660,1.142170,1.142440,1.142080,1.142390
2017/07/02 23:00:00,1.142660,1.142710,1.142260,1.142280,1.142390,1.142470,1.142000,1.142020
2017/07/02 23:30:00,1.142280,1.142450,1.142230,1.142450,1.142020,1.142210,1.141990,1.142210
2017/07/03 00:00:00,1.142450,1.142630,1.141930,1.142100,1.142210,1.142380,1.141700,1.141850
2017/07/03 00:30:00,1.142100,1.142170,1.141710,1.141840,1.141850,1.141920,1.141480,1.141620
2017/07/03 01:00:00,1.141840,1.142020,1.141590,1.141850,1.141620,1.141790,1.141340,1.141620
2017/07/03 01:30:00,1.141850,1.142160,1.141690,1.141760,1.141620,1.141920,1.141450,1.141520
2017/07/03 02:00:00,1.141760,1.142110,1.141350,1.141510,1.141520,1.141870,1.141120,1.141260
2017/07/03 02:30:00,1.141510,1.141950,1.141420,1.141510,1.141260,1.141710,1.141180,1.141260
2017/07/03 03:00:00,1.141510,1.141810,1.140740,1.140860,1.141260,1.141570,1.140510,1.140620
2017/07/03 03:30:00,1.140860,1.141020,1.140520,1.140550,1.140620,1.140780,1.140290,1.140320
2017/07/03 04:00:00,1.140550,1.141110,1.140500,1.141100,1.140320,1.140880,1.140260,1.140870
2017/07/03 04:30:00,1.141100,1.141700,1.141060,1.141430,1.140870,1.141460,1.140830,1.141190
2017/07/03 05:00:00,1.141430,1.141640,1.141140,1.141460,1.141190,1.141400,1.140910,1.141210
2017/07/03 05:30:00,1.141460,1.141630,1.140900,1.140910,1.141210,1.141390,1.140650,1.140660
2017/07/03 06:00:00,1.140910,1.141280,1.140470,1.140860,1.140660,1.141040,1.140250,1.140610
2017/07/03 06:30:00,1.140860,1.141540,1.140490,1.141290,1.140610,1.141310,1.140260,1.141050
2017/07/03 07:00:00,1.141290,1.141300,1.140010,1.140110,1.141050,1.141050,1.139770,1.139870
2017/07/03 07:30:00,1.140110,1.140170,1.139350,1.139600,1.139870,1.139930,1.139120,1.139360
2017/07/03 08:00:00,1.139600,1.139620,1.138110,1.138500,1.139360,1.139380,1.137880,1.138280
2017/07/03 08:30:00,1.138500,1.138930,1.137820,1.138030,1.138280,1.138700,1.137590,1.137780
2017/07/03 09:00:00,1.138030,1.138700,1.137610,1.138580,1.137780,1.138470,1.137360,1.138350
2017/07/03 09:30:00,1.138580,1.138690,1.137410,1.137440,1.138350,1.138460,1.137170,1.137200
2017/07/03 10:00:00,1.137440,1.138050,1.137260,1.137820,1.137200,1.137820,1.137030,1.137590
2017/07/03 10:30:00,1.137820,1.138020,1.137200,1.137600,1.137590,1.137790,1.136970,1.137370
2017/07/03 11:00:00,1.137600,1.137860,1.136280,1.137020,1.137370,1.137630,1.136030,1.136770
2017/07/03 11:30:00,1.137020,1.137320,1.136310,1.136570,1.136770,1.137080,1.136070,1.136340
2017/07/03 12:00:00,1.136570,1.137690,1.136300,1.137410,1.136340,1.137450,1.136080,1.137180
2017/07/03 12:30:00,1.137410,1.137600,1.136770,1.136910,1.137180,1.137360,1.136540,1.136670
2017/07/03 13:00:00,1.136910,1.137020,1.135910,1.136050,1.136670,1.136780,1.135680,1.135820
2017/07/03 13:30:00,1.136050,1.137420,1.136040,1.137320,1.135820,1.137180,1.135800,1.137060
2017/07/03 14:00:00,1.137320,1.137500,1.136090,1.136790,1.137060,1.137270,1.135740,1.136550
2017/07/03 14:30:00,1.136790,1.137030,1.136420,1.136910,1.136550,1.136790,1.136180,1.136690
2017/07/03 15:00:00,1.136910,1.137110,1.135740,1.135880,1.136690,1.136870,1.135500,1.135650
2017/07/03 15:30:00,1.135880,1.136810,1.135740,1.136800,1.135650,1.136570,1.135510,1.136560
2017/07/03 16:00:00,1.136800,1.137340,1.136420,1.136480,1.136560,1.137090,1.136200,1.136260
2017/07/03 16:30:00,1.136480,1.136660,1.135620,1.135860,1.136260,1.136430,1.135390,1.135620
2017/07/03 17:00:00,1.135860,1.136730,1.135780,1.136370,1.135620,1.136490,1.135530,1.136130
2017/07/03 17:30:00,1.136370,1.136990,1.136220,1.136230,1.136130,1.136750,1.136000,1.136010
2017/07/03 18:00:00,1.136230,1.136240,1.135820,1.135830,1.136010,1.136020,1.135580,1.135590
2017/07/03 18:30:00,1.135830,1.136040,1.135780,1.135970,1.135590,1.135800,1.135550,1.135730
2017/07/03 19:00:00,1.135970,1.136070,1.135900,1.136060,1.135730,1.135830,1.135660,1.135820
2017/07/03 19:30:00,1.136060,1.136430,1.136000,1.136410,1.135820,1.136190,1.135770,1.136160
2017/07/03 20:00:00,1.136410,1.136780,1.136360,1.136750,1.136160,1.136530,1.136110,1.136510
2017/07/03 20:30:00,1.136750,1.136820,1.136360,1.136570,1.136510,1.136580,1.136110,1.136190
2017/07/03 21:00:00,1.136570,1.137030,1.136030,1.136570,1.136190,1.136370,1.135430,1.136160
2017/07/03 21:30:00,1.136570,1.136810,1.136250,1.136570,1.136160,1.136440,1.135780,1.136250
2017/07/03 22:00:00,1.136570,1.137040,1.136490,1.136870,1.136250,1.136710,1.136000,1.136590
2017/07/03 22:30:00,1.136870,1.137240,1.136680,1.136860,1.136590,1.136960,1.136400,1.136580
2017/07/03 23:00:00,1.136860,1.137240,1.136830,1.137200,1.136580,1.137000,1.136570,1.136960
2017/07/03 23:30:00,1.137200,1.137480,1.137160,1.137360,1.136960,1.137240,1.136930,1.137110
2017/07/04 00:00:00,1.137360,1.137830,1.137200,1.137770,1.137110,1.137580,1.136980,1.137540
2017/07/04 00:30:00,1.137770,1.137780,1.137250,1.137500,1.137540,1.137540,1.137010,1.137260
2017/07/04 01:00:00,1.137500,1.137550,1.137100,1.137260,1.137260,1.137300,1.136870,1.137030
2017/07/04 01:30:00,1.137260,1.137480,1.136860,1.137020,1.137030,1.137230,1.136610,1.136800
2017/07/04 02:00:00,1.137020,1.137130,1.136610,1.136770,1.136800,1.136900,1.136360,1.136540
2017/07/04 02:30:00,1.136770,1.136920,1.136490,1.136730,1.136540,1.136680,1.136270,1.136490
2017/07/04 03:00:00,1.136730,1.137160,1.136670,1.137080,1.136490,1.136920,1.136430,1.136840
2017/07/04 03:30:00,1.137080,1.137500,1.137070,1.137380,1.136840,1.137260,1.136830,1.137140
2017/07/04 04:00:00,1.137380,1.137540,1.137190,1.137190,1.137140,1.137300,1.136940,1.136940
2017/07/04 04:30:00,1.137190,1.137490,1.136990,1.137330,1.136940,1.137240,1.136740,1.137080
2017/07/04 05:00:00,1.137330,1.137390,1.135840,1.135930,1.137080,1.137150,1.135590,1.135690
2017/07/04 05:30:00,1.135930,1.135960,1.133730,1.134960,1.135690,1.135710,1.133510,1.134710
2017/07/04 06:00:00,1.134960,1.135780,1.134470,1.135640,1.134710,1.135550,1.134230,1.135390
2017/07/04 06:30:00,1.135640,1.137400,1.135420,1.137380,1.135390,1.137160,1.135190,1.137130
2017/07/04 07:00:00,1.137380,1.137570,1.135760,1.136310,1.137130,1.137340,1.135510,1.136080
2017/07/04 07:30:00,1.136310,1.136870,1.135960,1.136290,1.136080,1.136620,1.135740,1.136050
2017/07/04 08:00:00,1.136290,1.136490,1.135330,1.135500,1.136050,1.136270,1.135100,1.135260
2017/07/04 08:30:00,1.135500,1.135820,1.134830,1.135510,1.135260,1.135590,1.134600,1.135260
2017/07/04 09:00:00,1.135510,1.135550,1.134350,1.134750,1.135260,1.135330,1.134110,1.134500
2017/07/04 09:30:00,1.134750,1.135200,1.134520,1.135090,1.134500,1.134970,1.134300,1.134860
2017/07/04 10:00:00,1.135090,1.135410,1.134780,1.135050,1.134860,1.135170,1.134550,1.134820
2017/07/04 10:30:00,1.135050,1.135410,1.134790,1.135300,1.134820,1.135180,1.134550,1.135050
2017/07/04 11:00:00,1.135300,1.135300,1.134300,1.134550,1.135050,1.135060,1.134050,1.134300
2017/07/04 11:30:00,1.134550,1.135200,1.134380,1.135170,1.134300,1.134970,1.134140,1.134930
2017/07/04 12:00:00,1.135170,1.135670,1.134800,1.134850,1.134930,1.135430,1.134550,1.134610
2017/07/04 12:30:00,1.134850,1.134990,1.134120,1.134400,1.134610,1.134760,1.133880,1.134160
2017/07/04 13:00:00,1.134400,1.134930,1.133930,1.134290,1.134160,1.134690,1.133680,1.134040
2017/07/04 13:30:00,1.134290,1.134700,1.134180,1.134590,1.134040,1.134460,1.133950,1.134350
2017/07/04 14:00:00,1.134590,1.134950,1.134280,1.134680,1.134350,1.134720,1.134040,1.134440
2017/07/04 14:30:00,1.134680,1.135510,1.134270,1.135300,1.134440,1.135290,1.134040,1.135060
2017/07/04 15:00:00,1.135300,1.135410,1.134830,1.135190,1.135060,1.135160,1.134590,1.134960
2017/07/04 15:30:00,1.135190,1.135210,1.134660,1.134880,1.134960,1.134970,1.134420,1.134640
2017/07/04 16:00:00,1.134880,1.135200,1.134440,1.135010,1.134640,1.134960,1.134200,1.134760
2017/07/04 16:30:00,1.135010,1.135350,1.134660,1.135240,1.134760,1.135040,1.134410,1.134930
2017/07/04 17:00:00,1.135240,1.135490,1.134800,1.135200,1.134930,1.135230,1.134480,1.134840
2017/07/04 17:30:00,1.135200,1.135350,1.135030,1.135260,1.134840,1.135030,1.134670,1.135000
2017/07/04 18:00:00,1.135260,1.135420,1.134910,1.135200,1.135000,1.135180,1.134580,1.134860
2017/07/04 18:30:00,1.135200,1.135340,1.134980,1.135180,1.134860,1.134950,1.134650,1.134940
2017/07/04 19:00:00,1.135180,1.135280,1.134970,1.135120,1.134940,1.134980,1.134570,1.134600
2017/07/04 19:30:00,1.135120,1.135250,1.134680,1.134750,1.134600,1.134970,1.134370,1.134480
2017/07/04 20:00:00,1.134750,1.135040,1.134670,1.134860,1.134480,1.134670,1.134330,1.134490
2017/07/04 20:30:00,1.134860,1.135550,1.134550,1.134980,1.134490,1.134670,1.134080,1.134530
2017/07/04 21:00:00,1.134980,1.135260,1.134750,1.134940,1.134530,1.134530,1.133970,1.134510
2017/07/04 21:30:00,1.134940,1.135170,1.134790,1.134860,1.134510,1.134750,1.134460,1.134550
2017/07/04 22:00:00,1.134860,1.135690,1.134650,1.135620,1.134550,1.135420,1.134330,1.135350
2017/07/04 22:30:00,1.135620,1.135710,1.135400,1.135450,1.135350,1.135460,1.135140,1.135210
2017/07/04 23:00:00,1.135450,1.135570,1.135280,1.135570,1.135210,1.135360,1.135050,1.135310
2017/07/04 23:30:00,1.135570,1.136250,1.135510,1.136080,1.135310,1.136000,1.135270,1.135850
2017/07/05 00:00:00,1.136080,1.136570,1.135870,1.136160,1.135850,1.136330,1.135670,1.135910
2017/07/05 00:30:00,1.136160,1.136160,1.135560,1.135990,1.135910,1.135920,1.135320,1.135760
2017/07/05 01:00:00,1.135990,1.136170,1.135670,1.135800,1.135760,1.135920,1.135440,1.135550
2017/07/05 01:30:00,1.135800,1.136910,1.135730,1.136770,1.135550,1.136660,1.135510,1.136530
2017/07/05 02:00:00,1.136770,1.136990,1.136240,1.136660,1.136530,1.136760,1.136010,1.136430
2017/07/05 02:30:00,1.136660,1.136760,1.136310,1.136390,1.136430,1.136530,1.136070,1.136160
2017/07/05 03:00:00,1.136390,1.136400,1.135980,1.136310,1.136160,1.136170,1.135750,1.136070
2017/07/05 03:30:00,1.136310,1.136320,1.135790,1.136010,1.136070,1.136070,1.135570,1.135770
2017/07/05 04:00:00,1.136010,1.136010,1.135450,1.135550,1.135770,1.135770,1.135200,1.135310
2017/07/05 04:30:00,1.135550,1.135880,1.135510,1.135570,1.135310,1.135650,1.135290,1.135330
2017/07/05 05:00:00,1.135570,1.135850,1.135470,1.135700,1.135330,1.135600,1.135230,1.135460
2017/07/05 05:30:00,1.135700,1.135770,1.135090,1.135450,1.135460,1.135520,1.134850,1.135210
2017/07/05 06:00:00,1.135450,1.136230,1.135440,1.136200,1.135210,1.136010,1.135200,1.135950
2017/07/05 06:30:00,1.136200,1.136800,1.135600,1.136130,1.135950,1.136560,1.135360,1.135900
2017/07/05 07:00:00,1.136130,1.136940,1.136020,1.136620,1.135900,1.136710,1.135780,1.136370
2017/07/05 07:30:00,1.136620,1.136720,1.135910,1.136440,1.136370,1.136480,1.135690,1.136200
2017/07/05 08:00:00,1.136440,1.136600,1.134990,1.135180,1.136200,1.136370,1.134740,1.134940
2017/07/05 08:30:00,1.135180,1.135330,1.134190,1.134300,1.134940,1.135090,1.133950,1.134060
2017/07/05 09:00:00,1.134300,1.134540,1.131870,1.133260,1.134060,1.134300,1.131630,1.133030
2017/07/05 09:30:00,1.133260,1.133470,1.132240,1.132530,1.133030,1.133240,1.132030,1.132290
2017/07/05 10:00:00,1.132530,1.132880,1.131370,1.132440,1.132290,1.132640,1.131120,1.132200
2017/07/05 10:30:00,1.132440,1.132630,1.132020,1.132260,1.132200,1.132410,1.131790,1.132010
2017/07/05 11:00:00,1.132260,1.133820,1.132080,1.133500,1.132010,1.133580,1.131850,1.133260
2017/07/05 11:30:00,1.133500,1.133830,1.133230,1.133350,1.133260,1.133590,1.132990,1.133110
2017/07/05 12:00:00,1.133350,1.133600,1.131930,1.132130,1.133110,1.133360,1.131700,1.131890
2017/07/05 12:30:00,1.132130,1.132840,1.132020,1.132180,1.131890,1.132610,1.131780,1.131930
2017/07/05 13:00:00,1.132180,1.132940,1.131920,1.132220,1.131930,1.132700,1.131690,1.131980
2017/07/05 13:30:00,1.132220,1.133180,1.132070,1.133130,1.131980,1.132940,1.131830,1.132860
2017/07/05 14:00:00,1.133130,1.133770,1.132670,1.133650,1.132860,1.133530,1.132440,1.133420
2017/07/05 14:30:00,1.133650,1.133830,1.132880,1.133020,1.133420,1.133590,1.132640,1.132790
2017/07/05 15:00:00,1.133020,1.133760,1.132860,1.133660,1.132790,1.133530,1.132630,1.133420
2017/07/05 15:30:00,1.133660,1.134530,1.133530,1.133680,1.133420,1.134290,1.133300,1.133450
2017/07/05 16:00:00,1.133680,1.133780,1.133080,1.133660,1.133450,1.133530,1.132840,1.133430
2017/07/05 16:30:00,1.133660,1.134200,1.133390,1.133960,1.133430,1.133960,1.133170,1.133730
2017/07/05 17:00:00,1.133960,1.134500,1.133740,1.133780,1.133730,1.134260,1.133490,1.133550
2017/07/05 17:30:00,1.133780,1.134280,1.133630,1.134220,1.133550,1.134030,1.133410,1.133930
2017/07/05 18:00:00,1.134220,1.135950,1.132380,1.132680,1.133930,1.135410,1.132150,1.132450
2017/07/05 18:30:00,1.132680,1.134440,1.132540,1.134220,1.132450,1.134210,1.132300,1.133990
2017/07/05 19:00:00,1.134220,1.135100,1.133930,1.135000,1.133990,1.134870,1.133680,1.134750
2017/07/05 19:30:00,1.135000,1.135300,1.134180,1.134330,1.134750,1.135060,1.133940,1.134090
2017/07/05 20:00:00,1.134330,1.134710,1.134310,1.134710,1.134090,1.134470,1.134070,1.134460
2017/07/05 20:30:00,1.134710,1.135390,1.134630,1.135290,1.134460,1.135110,1.134390,1.134890
2017/07/05 21:00:00,1.135290,1.135380,1.134950,1.135190,1.134890,1.135090,1.134610,1.134780
2017/07/05 21:30:00,1.135190,1.135420,1.135010,1.135220,1.134780,1.135050,1.134680,1.134950
2017/07/05 22:00:00,1.135220,1.135600,1.135160,1.135480,1.134950,1.135350,1.134900,1.135240
2017/07/05 22:30:00,1.135480,1.135630,1.135300,1.135460,1.135240,1.135350,1.135050,1.135210
2017/07/05 23:00:00,1.135460,1.135510,1.134920,1.134950,1.135210,1.135270,1.134680,1.134700
2017/07/05 23:30:00,1.134950,1.135060,1.134720,1.134770,1.134700,1.134830,1.134490,1.134530
2017/07/06 00:00:00,1.134770,1.134770,1.133680,1.134100,1.134530,1.134540,1.133430,1.133850
2017/07/06 00:30:00,1.134100,1.134630,1.133970,1.134290,1.133850,1.134380,1.133730,1.134070
2017/07/06 01:00:00,1.134290,1.134520,1.134110,1.134330,1.134070,1.134280,1.133860,1.134100
2017/07/06 01:30:00,1.134330,1.134600,1.133130,1.133350,1.134100,1.134360,1.132890,1.133120
2017/07/06 02:00:00,1.133350,1.134040,1.133110,1.133890,1.133120,1.133800,1.132870,1.133650
2017/07/06 02:30:00,1.133890,1.134100,1.133640,1.133880,1.133650,1.133850,1.133420,1.133640
2017/07/06 03:00:00,1.133880,1.134190,1.133820,1.134140,1.133640,1.133940,1.133590,1.133910
2017/07/06 03:30:00,1.134140,1.134400,1.133910,1.133940,1.133910,1.134150,1.133670,1.133700
2017/07/06 04:00:00,1.133940,1.134030,1.133820,1.133910,1.133700,1.133810,1.133570,1.133670
2017/07/06 04:30:00,1.133910,1.134080,1.133860,1.134040,1.133670,1.133840,1.133620,1.133790
2017/07/06 05:00:00,1.134040,1.134320,1.133900,1.134070,1.133790,1.134110,1.133670,1.133840
2017/07/06 05:30:00,1.134070,1.134290,1.133880,1.133940,1.133840,1.134050,1.133640,1.133690
2017/07/06 06:00:00,1.133940,1.134200,1.133470,1.133520,1.133690,1.133960,1.133230,1.133280
2017/07/06 06:30:00,1.133520,1.134310,1.133230,1.134310,1.133280,1.134080,1.132990,1.134070
2017/07/06 07:00:00,1.134310,1.135850,1.134260,1.135430,1.134070,1.135610,1.134020,1.135190
2017/07/06 07:30:00,1.135430,1.135510,1.134660,1.135300,1.135190,1.135270,1.134440,1.135070
2017/07/06 08:00:00,1.135300,1.135580,1.134900,1.135290,1.135070,1.135350,1.134650,1.135050
2017/07/06 08:30:00,1.135290,1.135350,1.134520,1.135020,1.135050,1.135110,1.134280,1.134790
2017/07/06 09:00:00,1.135020,1.136900,1.134550,1.136190,1.134790,1.136660,1.134310,1.135950
2017/07/06 09:30:00,1.136190,1.137150,1.136060,1.136530,1.135950,1.136900,1.135830,1.136310
2017/07/06 10:00:00,1.136530,1.137240,1.135870,1.136920,1.136310,1.137000,1.135620,1.136680
2017/07/06 10:30:00,1.136920,1.137520,1.136600,1.136710,1.136680,1.137290,1.136360,1.136460
2017/07/06 11:00:00,1.136710,1.137420,1.136630,1.137040,1.136460,1.137180,1.136390,1.136800
2017/07/06 11:30:00,1.137040,1.138890,1.136250,1.138780,1.136800,1.138650,1.136000,1.138550
2017/07/06 12:00:00,1.138780,1.139900,1.138040,1.139150,1.138550,1.139670,1.137760,1.138840
2017/07/06 12:30:00,1.139150,1.139460,1.138450,1.139170,1.138840,1.139220,1.138210,1.138940
2017/07/06 13:00:00,1.139170,1.139210,1.138270,1.138790,1.138940,1.138990,1.138040,1.138540
2017/07/06 13:30:00,1.138790,1.140310,1.138430,1.140160,1.138540,1.140070,1.138190,1.139890
2017/07/06 14:00:00,1.140160,1.140400,1.139460,1.139600,1.139890,1.140170,1.139230,1.139360
2017/07/06 14:30:00,1.139600,1.140730,1.139410,1.140650,1.139360,1.140490,1.139170,1.140430
2017/07/06 15:00:00,1.140650,1.140810,1.139940,1.140670,1.140430,1.140570,1.139710,1.140420
2017/07/06 15:30:00,1.140670,1.140830,1.139940,1.140800,1.140420,1.140590,1.139710,1.140560
2017/07/06 16:00:00,1.140800,1.141520,1.140800,1.141380,1.140560,1.141280,1.140560,1.141140
2017/07/06 16:30:00,1.141380,1.142100,1.141200,1.142070,1.141140,1.141860,1.140970,1.141820
2017/07/06 17:00:00,1.142070,1.142310,1.141700,1.142310,1.141820,1.142080,1.141450,1.142080
2017/07/06 17:30:00,1.142310,1.142580,1.142030,1.142450,1.142080,1.142350,1.141810,1.142200
2017/07/06 18:00:00,1.142450,1.142520,1.142030,1.142320,1.142200,1.142290,1.141790,1.142090
2017/07/06 18:30:00,1.142320,1.142460,1.142100,1.142380,1.142090,1.142230,1.141870,1.142140
2017/07/06 19:00:00,1.142380,1.142470,1.141880,1.142160,1.142140,1.142230,1.141660,1.141920
2017/07/06 19:30:00,1.142160,1.142450,1.141960,1.142110,1.141920,1.142220,1.141720,1.141880
2017/07/06 20:00:00,1.142110,1.142310,1.141950,1.142250,1.141880,1.142080,1.141710,1.142010
2017/07/06 20:30:00,1.142250,1.142680,1.142240,1.142540,1.142010,1.142360,1.141990,1.142160
2017/07/06 21:00:00,1.142540,1.142600,1.142160,1.142230,1.142160,1.142340,1.141910,1.141960
2017/07/06 21:30:00,1.142230,1.142510,1.141950,1.142390,1.141960,1.142240,1.141670,1.142040
2017/07/06 22:00:00,1.142390,1.142530,1.141970,1.141980,1.142040,1.142270,1.141730,1.141740
2017/07/06 22:30:00,1.141980,1.142580,1.141970,1.142340,1.141740,1.142330,1.141720,1.142100
2017/07/06 23:00:00,1.142340,1.142430,1.142060,1.142320,1.142100,1.142180,1.141810,1.142080
2017/07/06 23:30:00,1.142320,1.142700,1.142230,1.142240,1.142080,1.142470,1.141990,1.142000
2017/07/07 00:00:00,1.142240,1.142320,1.141560,1.141690,1.142000,1.142080,1.141320,1.141450
2017/07/07 00:30:00,1.141690,1.141930,1.141460,1.141680,1.141450,1.141720,1.141220,1.141430
2017/07/07 01:00:00,1.141680,1.142490,1.141670,1.142020,1.141430,1.142250,1.141420,1.141780
2017/07/07 01:30:00,1.142020,1.142540,1.141120,1.141290,1.141780,1.142300,1.140880,1.141040
2017/07/07 02:00:00,1.141290,1.141540,1.141040,1.141180,1.141040,1.141310,1.140800,1.140950
2017/07/07 02:30:00,1.141180,1.141500,1.140950,1.141500,1.140950,1.141270,1.140720,1.141270
2017/07/07 03:00:00,1.141500,1.141740,1.141310,1.141360,1.141270,1.141500,1.141110,1.141150
2017/07/07 03:30:00,1.141360,1.141560,1.141280,1.141480,1.141150,1.141310,1.141040,1.141240
2017/07/07 04:00:00,1.141480,1.142060,1.141430,1.141990,1.141240,1.141830,1.141190,1.141750
2017/07/07 04:30:00,1.141990,1.142140,1.141450,1.141620,1.141750,1.141900,1.141220,1.141390
2017/07/07 05:00:00,1.141620,1.141990,1.141360,1.141510,1.141390,1.141750,1.141120,1.141260
2017/07/07 05:30:00,1.141510,1.141600,1.140820,1.140920,1.141260,1.141360,1.140590,1.140660
2017/07/07 06:00:00,1.140920,1.141930,1.140820,1.141720,1.140660,1.141680,1.140590,1.141480
2017/07/07 06:30:00,1.141720,1.142050,1.141330,1.141600,1.141480,1.141820,1.141110,1.141360
2017/07/07 07:00:00,1.141600,1.142920,1.141420,1.142190,1.141360,1.142630,1.141180,1.141950
2017/07/07 07:30:00,1.142190,1.142490,1.141790,1.142080,1.141950,1.142250,1.141550,1.141840
2017/07/07 08:00:00,1.142080,1.142600,1.141520,1.141980,1.141840,1.142360,1.141280,1.141760
2017/07/07 08:30:00,1.141980,1.142380,1.141330,1.142310,1.141760,1.142150,1.141100,1.142060
2017/07/07 09:00:00,1.142310,1.142640,1.141720,1.141980,1.142060,1.142410,1.141480,1.141740
2017/07/07 09:30:00,1.141980,1.142330,1.141390,1.141580,1.141740,1.142100,1.141150,1.141330
2017/07/07 10:00:00,1.141580,1.141710,1.141120,1.141500,1.141330,1.141480,1.140880,1.141260
2017/07/07 10:30:00,1.141500,1.141590,1.140720,1.141250,1.141260,1.141350,1.140480,1.141030
2017/07/07 11:00:00,1.141250,1.141880,1.141010,1.141720,1.141030,1.141650,1.140770,1.141490
2017/07/07 11:30:00,1.141720,1.142070,1.140860,1.140900,1.141490,1.141830,1.140610,1.140670
2017/07/07 12:00:00,1.140900,1.141730,1.140620,1.141610,1.140670,1.141440,1.140360,1.140710
2017/07/07 12:30:00,1.141610,1.144120,1.138810,1.140310,1.140710,1.143890,1.138230,1.140070
2017/07/07 13:00:00,1.140310,1.140640,1.138170,1.139920,1.140070,1.140400,1.137940,1.139680
2017/07/07 13:30:00,1.139920,1.140130,1.139190,1.139880,1.139680,1.139900,1.138950,1.139650
2017/07/07 14:00:00,1.139880,1.140280,1.138090,1.138300,1.139650,1.140040,1.137850,1.138060
2017/07/07 14:30:00,1.138300,1.139320,1.138080,1.139320,1.138060,1.139080,1.137840,1.139080
2017/07/07 15:00:00,1.139320,1.139410,1.138780,1.138780,1.139080,1.139160,1.138540,1.138540
2017/07/07 15:30:00,1.138780,1.139730,1.138780,1.139710,1.138540,1.139500,1.138540,1.139500
2017/07/07 16:00:00,1.139710,1.140460,1.139710,1.140340,1.139500,1.140230,1.139500,1.140110
2017/07/07 16:30:00,1.140340,1.140990,1.140120,1.140940,1.140110,1.140760,1.139890,1.140710
2017/07/07 17:00:00,1.140940,1.141220,1.140240,1.140860,1.140710,1.140970,1.140000,1.140630
2017/07/07 17:30:00,1.140860,1.140990,1.140320,1.140520,1.140630,1.140750,1.140080,1.140290
2017/07/07 18:00:00,1.140520,1.140710,1.140200,1.140560,1.140290,1.140470,1.139970,1.140320
2017/07/07 18:30:00,1.140560,1.140660,1.140360,1.140430,1.140320,1.140430,1.140130,1.140190
2017/07/07 19:00:00,1.140430,1.140850,1.140370,1.140840,1.140190,1.140610,1.140140,1.140600
2017/07/07 19:30:00,1.140840,1.140920,1.140270,1.140580,1.140600,1.140680,1.140040,1.140360
2017/07/07 20:00:00,1.140580,1.140610,1.140210,1.140520,1.140360,1.140370,1.139980,1.140270
2017/07/07 20:30:00,1.140520,1.140570,1.139950,1.140270,1.140270,1.140330,1.139560,1.139920
2017/07/09 19:00:00,1.140270,1.140270,1.139600,1.140020,1.139920,1.139920,1.138770,1.139190
2017/07/09 19:30:00,1.140020,1.140390,1.139780,1.139980,1.139190,1.139810,1.138970,1.139460
2017/07/09 20:00:00,1.139980,1.140210,1.139940,1.140060,1.139460,1.139760,1.139270,1.139350
2017/07/09 20:30:00,1.140060,1.140170,1.140050,1.140070,1.139350,1.139710,1.139240,1.139460
2017/07/09 21:00:00,1.140070,1.140110,1.139790,1.139930,1.139460,1.139770,1.139360,1.139620
2017/07/09 21:30:00,1.139930,1.140340,1.139630,1.140100,1.139620,1.139900,1.138890,1.139770
2017/07/09 22:00:00,1.140100,1.140370,1.139930,1.140320,1.139770,1.140110,1.139570,1.140040
2017/07/09 22:30:00,1.140320,1.140360,1.140080,1.140140,1.140040,1.140080,1.139810,1.139890
2017/07/09 23:00:00,1.140140,1.140330,1.140080,1.140330,1.139890,1.140110,1.139830,1.140080
2017/07/09 23:30:00,1.140330,1.140490,1.140220,1.140460,1.140080,1.140270,1.139970,1.140230
2017/07/10 00:00:00,1.140460,1.140490,1.139910,1.140170,1.140230,1.140260,1.139670,1.139930
2017/07/10 00:30:00,1.140170,1.140490,1.140050,1.140190,1.139930,1.140260,1.139820,1.139950
2017/07/10 01:00:00,1.140190,1.140600,1.140070,1.140560,1.139950,1.140350,1.139830,1.140340
2017/07/10 01:30:00,1.140560,1.140960,1.140440,1.140920,1.140340,1.140720,1.140210,1.140680
2017/07/10 02:00:00,1.140920,1.140980,1.140670,1.140720,1.140680,1.140740,1.140430,1.140490
2017/07/10 02:30:00,1.140720,1.140800,1.140550,1.140630,1.140490,1.140560,1.140320,1.140390
2017/07/10 03:00:00,1.140630,1.140730,1.140500,1.140700,1.140390,1.140490,1.140260,1.140460
2017/07/10 03:30:00,1.140700,1.140720,1.140300,1.140590,1.140460,1.140490,1.140060,1.140340
2017/07/10 04:00:00,1.140590,1.140690,1.140360,1.140360,1.140340,1.140450,1.140120,1.140130
2017/07/10 04:30:00,1.140360,1.140520,1.140160,1.140520,1.140130,1.140300,1.139930,1.140300
2017/07/10 05:00:00,1.140520,1.140660,1.140350,1.140350,1.140300,1.140430,1.140110,1.140110
2017/07/10 05:30:00,1.140350,1.141040,1.140310,1.141040,1.140110,1.140790,1.140070,1.140790
2017/07/10 06:00:00,1.141040,1.141140,1.140210,1.140400,1.140790,1.140870,1.139970,1.140160
2017/07/10 06:30:00,1.140400,1.140620,1.139840,1.139990,1.140160,1.140380,1.139590,1.139760
2017/07/10 07:00:00,1.139990,1.141160,1.139990,1.140730,1.139760,1.140920,1.139750,1.140490
2017/07/10 07:30:00,1.140730,1.141940,1.139800,1.141730,1.140490,1.141720,1.139550,1.141490
2017/07/10 08:00:00,1.141730,1.141810,1.140490,1.140940,1.141490,1.141580,1.140250,1.140700
2017/07/10 08:30:00,1.140940,1.141110,1.139380,1.139700,1.140700,1.140870,1.139160,1.139460
2017/07/10 09:00:00,1.139700,1.139920,1.138900,1.139100,1.139460,1.139680,1.138650,1.138850
2017/07/10 09:30:00,1.139100,1.139260,1.138340,1.138660,1.138850,1.139010,1.138110,1.138420
2017/07/10 10:00:00,1.138660,1.139140,1.138430,1.139090,1.138420,1.138900,1.138180,1.138860
2017/07/10 10:30:00,1.139090,1.139520,1.139020,1.139240,1.138860,1.139280,1.138780,1.139000
2017/07/10 11:00:00,1.139240,1.139370,1.138480,1.138760,1.139000,1.139130,1.138250,1.138510
2017/07/10 11:30:00,1.138760,1.139210,1.138290,1.138970,1.138510,1.138970,1.138050,1.138730
2017/07/10 12:00:00,1.138970,1.139110,1.138420,1.138830,1.138730,1.138880,1.138180,1.138590
2017/07/10 12:30:00,1.138830,1.139510,1.138810,1.139340,1.138590,1.139270,1.138570,1.139100
2017/07/10 13:00:00,1.139340,1.139500,1.138690,1.138840,1.139100,1.139270,1.138450,1.138610
2017/07/10 13:30:00,1.138840,1.139420,1.138630,1.139310,1.138610,1.139180,1.138390,1.139070
2017/07/10 14:00:00,1.139310,1.139720,1.139070,1.139460,1.139070,1.139480,1.138820,1.139220
2017/07/10 14:30:00,1.139460,1.139570,1.138800,1.138910,1.139220,1.139320,1.138560,1.138680
2017/07/10 15:00:00,1.138910,1.139280,1.138580,1.138970,1.138680,1.139040,1.138360,1.138750
2017/07/10 15:30:00,1.138970,1.139710,1.138910,1.139670,1.138750,1.139480,1.138690,1.139460
2017/07/10 16:00:00,1.139670,1.140330,1.139640,1.139870,1.139460,1.140080,1.139420,1.139650
2017/07/10 16:30:00,1.139870,1.139900,1.139570,1.139680,1.139650,1.139660,1.139330,1.139440
2017/07/10 17:00:00,1.139680,1.140800,1.139680,1.140710,1.139440,1.140570,1.139440,1.140460
2017/07/10 17:30:00,1.140710,1.140870,1.140570,1.140720,1.140460,1.140630,1.140320,1.140480
2017/07/10 18:00:00,1.140720,1.140920,1.140540,1.140780,1.140480,1.140690,1.140310,1.140540
2017/07/10 18:30:00,1.140780,1.140880,1.140360,1.140430,1.140540,1.140630,1.140140,1.140220
2017/07/10 19:00:00,1.140430,1.140470,1.140120,1.140180,1.140220,1.140230,1.139880,1.139940
2017/07/10 19:30:00,1.140180,1.140220,1.139900,1.140120,1.139940,1.139980,1.139680,1.139890
2017/07/10 20:00:00,1.140120,1.140180,1.139910,1.139930,1.139890,1.139950,1.139670,1.139690
2017/07/10 20:30:00,1.139930,1.140180,1.139930,1.140080,1.139690,1.139900,1.139690,1.139820
2017/07/10 21:00:00,1.140080,1.140130,1.139740,1.139980,1.139820,1.139820,1.139390,1.139690
2017/07/10 21:30:00,1.139980,1.140160,1.139750,1.139910,1.139690,1.139830,1.139220,1.139630
2017/07/10 22:00:00,1.139910,1.140000,1.139510,1.139620,1.139630,1.139730,1.139240,1.139400
2017/07/10 22:30:00,1.139620,1.139940,1.139570,1.139780,1.139400,1.139690,1.139340,1.139530
2017/07/10 23:00:00,1.139780,1.139930,1.139660,1.139790,1.139530,1.139680,1.139420,1.139540
2017/07/10 23:30:00,1.139790,1.139880,1.139680,1.139760,1.139540,1.139640,1.139430,1.139520
2017/07/11 00:00:00,1.139760,1.139910,1.139470,1.139620,1.139520,1.139680,1.139230,1.139400
2017/07/11 00:30:00,1.139620,1.139840,1.139410,1.139620,1.139400,1.139600,1.139180,1.139380
2017/07/11 01:00:00,1.139620,1.139850,1.139470,1.139650,1.139380,1.139600,1.139230,1.139410
2017/07/11 01:30:00,1.139650,1.139870,1.139340,1.139470,1.139410,1.139630,1.139110,1.139230
2017/07/11 02:00:00,1.139470,1.139720,1.139360,1.139670,1.139230,1.139460,1.139120,1.139460
2017/07/11 02:30:00,1.139670,1.139740,1.139420,1.139470,1.139460,1.139500,1.139180,1.139230
2017/07/11 03:00:00,1.139470,1.139570,1.139340,1.139470,1.139230,1.139320,1.139110,1.139240
2017/07/11 03:30:00,1.139470,1.139640,1.139440,1.139570,1.139240,1.139400,1.139200,1.139330
2017/07/11 04:00:00,1.139570,1.139580,1.139310,1.139330,1.139330,1.139360,1.139070,1.139090
2017/07/11 04:30:00,1.139330,1.139370,1.138840,1.138970,1.139090,1.139130,1.138600,1.138730
2017/07/11 05:00:00,1.138970,1.139000,1.138600,1.138630,1.138730,1.138760,1.138350,1.138390
2017/07/11 05:30:00,1.138630,1.138840,1.138440,1.138460,1.138390,1.138610,1.138200,1.138210
2017/07/11 06:00:00,1.138460,1.139110,1.138400,1.139030,1.138210,1.138870,1.138160,1.138800
2017/07/11 06:30:00,1.139030,1.139320,1.138490,1.139190,1.138800,1.139090,1.138260,1.138950
2017/07/11 07:00:00,1.139190,1.139550,1.138620,1.139360,1.138950,1.139300,1.138390,1.139110
2017/07/11 07:30:00,1.139360,1.140030,1.138790,1.139150,1.139110,1.139800,1.138570,1.138910
2017/07/11 08:00:00,1.139150,1.140070,1.139140,1.139600,1.138910,1.139840,1.138890,1.139360
2017/07/11 08:30:00,1.139600,1.140110,1.139530,1.139730,1.139360,1.139890,1.139300,1.139510
2017/07/11 09:00:00,1.139730,1.139730,1.139310,1.139430,1.139510,1.139510,1.139070,1.139190
2017/07/11 09:30:00,1.139430,1.139720,1.139280,1.139630,1.139190,1.139490,1.139050,1.139390
2017/07/11 10:00:00,1.139630,1.139780,1.139120,1.139120,1.139390,1.139550,1.138890,1.138900
2017/07/11 10:30:00,1.139120,1.139880,1.139120,1.139710,1.138900,1.139640,1.138900,1.139480
2017/07/11 11:00:00,1.139710,1.139970,1.139570,1.139740,1.139480,1.139740,1.139330,1.139490
2017/07/11 11:30:00,1.139740,1.140020,1.139510,1.139560,1.139490,1.139780,1.139270,1.139320
2017/07/11 12:00:00,1.139560,1.141530,1.139550,1.141210,1.139320,1.141300,1.139310,1.140970
2017/07/11 12:30:00,1.141210,1.141410,1.140250,1.140320,1.140970,1.141170,1.140010,1.140060
2017/07/11 13:00:00,1.140320,1.140600,1.139470,1.140160,1.140060,1.140370,1.139230,1.139920
2017/07/11 13:30:00,1.140160,1.141060,1.140130,1.140930,1.139920,1.140820,1.139890,1.140690
2017/07/11 14:00:00,1.140930,1.141210,1.139630,1.140640,1.140690,1.140960,1.139380,1.140400
2017/07/11 14:30:00,1.140640,1.142600,1.140570,1.142060,1.140400,1.142370,1.140330,1.141830
2017/07/11 15:00:00,1.142060,1.143330,1.141570,1.142980,1.141830,1.143080,1.141350,1.142740
2017/07/11 15:30:00,1.142980,1.143460,1.142690,1.143120,1.142740,1.143220,1.142470,1.142890
2017/07/11 16:00:00,1.143120,1.143870,1.142970,1.143450,1.142890,1.143630,1.142740,1.143240
2017/07/11 16:30:00,1.143450,1.144910,1.143310,1.144080,1.143240,1.144690,1.143070,1.143830
2017/07/11 17:00:00,1.144080,1.144770,1.144080,1.144620,1.143830,1.144550,1.143830,1.144370
2017/07/11 17:30:00,1.144620,1.147790,1.144610,1.146790,1.144370,1.147580,1.144370,1.146560
2017/07/11 18:00:00,1.146790,1.147740,1.146720,1.147550,1.146560,1.147500,1.146480,1.147310
2017/07/11 18:30:00,1.147550,1.148090,1.147420,1.147770,1.147310,1.147860,1.147170,1.147530
2017/07/11 19:00:00,1.147770,1.147770,1.146720,1.146760,1.147530,1.147540,1.146480,1.146530
2017/07/11 19:30:00,1.146760,1.146960,1.146360,1.146480,1.146530,1.146730,1.146120,1.146250
2017/07/11 20:00:00,1.146480,1.146540,1.146200,1.146380,1.146250,1.146290,1.145960,1.146140
2017/07/11 20:30:00,1.146380,1.146860,1.146350,1.146840,1.146140,1.146610,1.146120,1.146470
2017/07/11 21:00:00,1.146840,1.146970,1.146460,1.146580,1.146470,1.146570,1.146070,1.146320
2017/07/11 21:30:00,1.146580,1.146960,1.146430,1.146580,1.146320,1.146530,1.146080,1.146310
2017/07/11 22:00:00,1.146580,1.147280,1.146400,1.147170,1.146310,1.147020,1.146110,1.146920
2017/07/11 22:30:00,1.147170,1.147300,1.146890,1.147080,1.146920,1.147060,1.146660,1.146840
2017/07/11 23:00:00,1.147080,1.147270,1.146770,1.146920,1.146840,1.147030,1.146540,1.146700
2017/07/11 23:30:00,1.146920,1.147550,1.146910,1.147520,1.146700,1.147300,1.146680,1.147280
2017/07/12 00:00:00,1.147520,1.147910,1.147320,1.147480,1.147280,1.147670,1.147090,1.147220
2017/07/12 00:30:00,1.147480,1.147940,1.147460,1.147770,1.147220,1.147700,1.147220,1.147530
2017/07/12 01:00:00,1.147770,1.148060,1.147180,1.147520,1.147530,1.147800,1.146940,1.147270
2017/07/12 01:30:00,1.147520,1.147690,1.147180,1.147270,1.147270,1.147450,1.146920,1.147020
2017/07/12 02:00:00,1.147270,1.148510,1.147160,1.148500,1.147020,1.148280,1.146920,1.148250
2017/07/12 02:30:00,1.148500,1.148520,1.147800,1.148280,1.148250,1.148270,1.147540,1.148050
2017/07/12 03:00:00,1.148280,1.148320,1.147450,1.147720,1.148050,1.148090,1.147200,1.147480
2017/07/12 03:30:00,1.147720,1.148210,1.147690,1.148170,1.147480,1.147980,1.147450,1.147920
2017/07/12 04:00:00,1.148170,1.148180,1.147610,1.147920,1.147920,1.147930,1.147360,1.147660
2017/07/12 04:30:00,1.147920,1.149000,1.147810,1.148690,1.147660,1.148750,1.147560,1.148450
2017/07/12 05:00:00,1.148690,1.149090,1.148390,1.148480,1.148450,1.148850,1.148140,1.148240
2017/07/12 05:30:00,1.148480,1.148640,1.147110,1.147370,1.148240,1.148380,1.146870,1.147120
2017/07/12 06:00:00,1.147370,1.147790,1.146530,1.146870,1.147120,1.147530,1.146320,1.146630
2017/07/12 06:30:00,1.146870,1.147010,1.145690,1.146020,1.146630,1.146770,1.145460,1.145760
2017/07/12 07:00:00,1.146020,1.146570,1.145430,1.146210,1.145760,1.146320,1.145190,1.145950
2017/07/12 07:30:00,1.146210,1.146250,1.144810,1.144940,1.145950,1.146000,1.144590,1.144700
2017/07/12 08:00:00,1.144940,1.145840,1.144330,1.145690,1.144700,1.145600,1.144090,1.145450
2017/07/12 08:30:00,1.145690,1.146470,1.145570,1.145890,1.145450,1.146220,1.145330,1.145630
2017/07/12 09:00:00,1.145890,1.146230,1.145210,1.145380,1.145630,1.145990,1.144970,1.145140
2017/07/12 09:30:00,1.145380,1.145910,1.144470,1.145590,1.145140,1.145670,1.144230,1.145340
2017/07/12 10:00:00,1.145590,1.146160,1.145570,1.145740,1.145340,1.145940,1.145330,1.145520
2017/07/12 10:30:00,1.145740,1.146050,1.145020,1.145420,1.145520,1.145810,1.144780,1.145200
2017/07/12 11:00:00,1.145420,1.146330,1.145420,1.145860,1.145200,1.146080,1.145200,1.145620
2017/07/12 11:30:00,1.145860,1.146050,1.145230,1.145480,1.145620,1.145810,1.145010,1.145230
2017/07/12 12:00:00,1.145480,1.145590,1.144650,1.144780,1.145230,1.145370,1.144400,1.144540
2017/07/12 12:30:00,1.144780,1.148090,1.142860,1.146880,1.144540,1.147850,1.142500,1.146630
2017/07/12 13:00:00,1.146880,1.147000,1.141320,1.142750,1.146630,1.146790,1.141070,1.142510
2017/07/12 13:30:00,1.142750,1.142760,1.141090,1.141550,1.142510,1.142510,1.140850,1.141290
2017/07/12 14:00:00,1.141550,1.142010,1.139290,1.140060,1.141290,1.141760,1.139050,1.139820
2017/07/12 14:30:00,1.140060,1.142080,1.139490,1.142000,1.139820,1.141850,1.139270,1.141760
2017/07/12 15:00:00,1.142000,1.142870,1.141560,1.141680,1.141760,1.142640,1.141320,1.141440
2017/07/12 15:30:00,1.141680,1.141840,1.140940,1.141140,1.141440,1.141600,1.140710,1.140890
2017/07/12 16:00:00,1.141140,1.142100,1.141100,1.141170,1.140890,1.141850,1.140880,1.140940
2017/07/12 16:30:00,1.141170,1.142350,1.141040,1.142200,1.140940,1.142110,1.140800,1.141970
2017/07/12 17:00:00,1.142200,1.142520,1.141330,1.142130,1.141970,1.142270,1.141090,1.141900
2017/07/12 17:30:00,1.142130,1.142250,1.141500,1.141980,1.141900,1.142020,1.141270,1.141750
2017/07/12 18:00:00,1.141980,1.142610,1.141650,1.141900,1.141750,1.142400,1.141410,1.141650
2017/07/12 18:30:00,1.141900,1.142020,1.141500,1.141630,1.141650,1.141780,1.141260,1.141390
2017/07/12 19:00:00,1.141630,1.142280,1.141360,1.142260,1.141390,1.142040,1.141130,1.142010
2017/07/12 19:30:00,1.142260,1.142360,1.141990,1.142170,1.142010,1.142130,1.141750,1.141920
2017/07/12 20:00:00,1.142170,1.142180,1.141630,1.141690,1.141920,1.141930,1.141410,1.141450
2017/07/12 20:30:00,1.141690,1.141720,1.141200,1.141320,1.141450,1.141480,1.140910,1.140970
2017/07/12 21:00:00,1.141320,1.141710,1.141320,1.141620,1.140970,1.141380,1.140970,1.141340
2017/07/12 21:30:00,1.141620,1.142140,1.141380,1.141430,1.141340,1.141550,1.141030,1.141140
2017/07/12 22:00:00,1.141430,1.141970,1.141310,1.141680,1.141140,1.141710,1.141030,1.141470
2017/07/12 22:30:00,1.141680,1.141940,1.141660,1.141730,1.141470,1.141710,1.141450,1.141490
2017/07/12 23:00:00,1.141730,1.141820,1.141520,1.141800,1.141490,1.141570,1.141280,1.141550
2017/07/12 23:30:00,1.141800,1.142120,1.141780,1.141970,1.141550,1.141900,1.141540,1.141740
2017/07/13 00:00:00,1.141970,1.142690,1.141820,1.142660,1.141740,1.142460,1.141570,1.142410
2017/07/13 00:30:00,1.142660,1.143130,1.142260,1.143090,1.142410,1.142880,1.142010,1.142870
2017/07/13 01:00:00,1.143090,1.143820,1.143070,1.143460,1.142870,1.143580,1.142820,1.143200
2017/07/13 01:30:00,1.143460,1.143650,1.143130,1.143560,1.143200,1.143400,1.142890,1.143320
2017/07/13 02:00:00,1.143560,1.143840,1.143480,1.143630,1.143320,1.143600,1.143240,1.143370
2017/07/13 02:30:00,1.143630,1.143930,1.143320,1.143840,1.143370,1.143690,1.143080,1.143590
2017/07/13 03:00:00,1.143840,1.144030,1.143610,1.143670,1.143590,1.143810,1.143370,1.143440
2017/07/13 03:30:00,1.143670,1.143870,1.143510,1.143540,1.143440,1.143630,1.143260,1.143300
2017/07/13 04:00:00,1.143540,1.143780,1.143490,1.143720,1.143300,1.143550,1.143250,1.143480
2017/07/13 04:30:00,1.143720,1.143990,1.143640,1.143890,1.143480,1.143750,1.143400,1.143640
2017/07/13 05:00:00,1.143890,1.144450,1.143660,1.144370,1.143640,1.144220,1.143420,1.144110
2017/07/13 05:30:00,1.144370,1.145070,1.144320,1.144840,1.144110,1.144830,1.144080,1.144610
2017/07/13 06:00:00,1.144840,1.145690,1.144610,1.145020,1.144610,1.145440,1.144380,1.144770
2017/07/13 06:30:00,1.145020,1.145720,1.144480,1.144790,1.144770,1.145480,1.144230,1.144560
2017/07/13 07:00:00,1.144790,1.145400,1.143690,1.143850,1.144560,1.145170,1.143440,1.143610
2017/07/13 07:30:00,1.143850,1.144100,1.141420,1.142270,1.143610,1.143880,1.141180,1.142030
2017/07/13 08:00:00,1.142270,1.142430,1.140620,1.141080,1.142030,1.142190,1.140380,1.140850
2017/07/13 08:30:00,1.141080,1.141680,1.139700,1.140470,1.140850,1.141450,1.139440,1.140230
2017/07/13 09:00:00,1.140470,1.140890,1.139620,1.140710,1.140230,1.140660,1.139390,1.140470
2017/07/13 09:30:00,1.140710,1.140940,1.138670,1.139730,1.140470,1.140710,1.138430,1.139470
2017/07/13 10:00:00,1.139730,1.140680,1.139720,1.139950,1.139470,1.140440,1.139460,1.139710
2017/07/13 10:30:00,1.139950,1.140100,1.137730,1.138930,1.139710,1.139860,1.137490,1.138720
2017/07/13 11:00:00,1.138930,1.140330,1.137150,1.139580,1.138720,1.140070,1.136940,1.139350
2017/07/13 11:30:00,1.139580,1.141430,1.139510,1.141170,1.139350,1.141180,1.139290,1.140920
2017/07/13 12:00:00,1.141170,1.142010,1.140990,1.141740,1.140920,1.141790,1.140750,1.141330
2017/07/13 12:30:00,1.141740,1.142050,1.140340,1.141760,1.141330,1.141810,1.140100,1.141520
2017/07/13 13:00:00,1.141760,1.141900,1.141040,1.141260,1.141520,1.141670,1.140800,1.141020
2017/07/13 13:30:00,1.141260,1.141660,1.139950,1.140010,1.141020,1.141440,1.139730,1.139770
2017/07/13 14:00:00,1.140010,1.140410,1.139160,1.140160,1.139770,1.140180,1.138960,1.139920
2017/07/13 14:30:00,1.140160,1.141620,1.140040,1.140490,1.139920,1.141370,1.139810,1.140250
2017/07/13 15:00:00,1.140490,1.140920,1.138770,1.139060,1.140250,1.140670,1.138530,1.138810
2017/07/13 15:30:00,1.139060,1.139350,1.138500,1.138520,1.138810,1.139100,1.138270,1.138280
2017/07/13 16:00:00,1.138520,1.138960,1.138380,1.138570,1.138280,1.138730,1.138140,1.138330
2017/07/13 16:30:00,1.138570,1.139310,1.138460,1.139180,1.138330,1.139080,1.138230,1.138940
2017/07/13 17:00:00,1.139180,1.139850,1.139040,1.139620,1.138940,1.139610,1.138820,1.139390
2017/07/13 17:30:00,1.139620,1.140060,1.139530,1.139870,1.139390,1.139830,1.139290,1.139630
2017/07/13 18:00:00,1.139870,1.140350,1.139760,1.140200,1.139630,1.140120,1.139520,1.139950
2017/07/13 18:30:00,1.140200,1.140770,1.140080,1.140550,1.139950,1.140540,1.139830,1.140310
2017/07/13 19:00:00,1.140550,1.140770,1.140340,1.140670,1.140310,1.140530,1.140100,1.140430
2017/07/13 19:30:00,1.140670,1.140820,1.140430,1.140810,1.140430,1.140590,1.140200,1.140560
2017/07/13 20:00:00,1.140810,1.140810,1.139980,1.140150,1.140560,1.140570,1.139750,1.139920
2017/07/13 20:30:00,1.140150,1.140160,1.139710,1.139880,1.139920,1.139940,1.139470,1.139520
2017/07/13 21:00:00,1.139880,1.140380,1.139880,1.140040,1.139520,1.140110,1.139520,1.139790
2017/07/13 21:30:00,1.140040,1.140290,1.139900,1.140170,1.139790,1.139930,1.139610,1.139880
2017/07/13 22:00:00,1.140170,1.140300,1.139930,1.139940,1.139880,1.140040,1.139670,1.139680
2017/07/13 22:30:00,1.139940,1.140150,1.139640,1.139680,1.139680,1.139880,1.139400,1.139450
2017/07/13 23:00:00,1.139680,1.140240,1.139680,1.140230,1.139450,1.140000,1.139440,1.139990
2017/07/13 23:30:00,1.140230,1.140640,1.140070,1.140580,1.139990,1.140400,1.139820,1.140330
2017/07/14 00:00:00,1.140580,1.140580,1.139280,1.139700,1.140330,1.140350,1.139030,1.139460
2017/07/14 00:30:00,1.139700,1.140400,1.139640,1.140300,1.139460,1.140170,1.139410,1.140060
2017/07/14 01:00:00,1.140300,1.140830,1.139820,1.140600,1.140060,1.140590,1.139570,1.140360
2017/07/14 01:30:00,1.140600,1.140770,1.140300,1.140330,1.140360,1.140530,1.140060,1.140120
2017/07/14 02:00:00,1.140330,1.140870,1.140130,1.140670,1.140120,1.140620,1.139900,1.140430
2017/07/14 02:30:00,1.140670,1.140990,1.140550,1.140950,1.140430,1.140750,1.140310,1.140710
2017/07/14 03:00:00,1.140950,1.141100,1.140750,1.141060,1.140710,1.140870,1.140510,1.140830
2017/07/14 03:30:00,1.141060,1.141170,1.140850,1.141170,1.140830,1.140930,1.140610,1.140920
2017/07/14 04:00:00,1.141170,1.141200,1.140550,1.140760,1.140920,1.140960,1.140300,1.140520
2017/07/14 04:30:00,1.140760,1.140960,1.140190,1.140190,1.140520,1.140720,1.139960,1.139960
2017/07/14 05:00:00,1.140190,1.140760,1.140190,1.140580,1.139960,1.140510,1.139960,1.140350
2017/07/14 05:30:00,1.140580,1.141380,1.140540,1.141100,1.140350,1.141140,1.140320,1.140870
2017/07/14 06:00:00,1.141100,1.141930,1.140560,1.141660,1.140870,1.141710,1.140340,1.141410
2017/07/14 06:30:00,1.141660,1.141850,1.141230,1.141710,1.141410,1.141610,1.140980,1.141460
2017/07/14 07:00:00,1.141710,1.142520,1.141030,1.141540,1.141460,1.142290,1.140800,1.141290
2017/07/14 07:30:00,1.141540,1.142270,1.141320,1.141790,1.141290,1.142020,1.141090,1.141550
2017/07/14 08:00:00,1.141790,1.142170,1.140930,1.141170,1.141550,1.141930,1.140700,1.140940
2017/07/14 08:30:00,1.141170,1.141640,1.140880,1.140910,1.140940,1.141400,1.140640,1.140680
2017/07/14 09:00:00,1.140910,1.141700,1.140860,1.141610,1.140680,1.141470,1.140620,1.141370
2017/07/14 09:30:00,1.141610,1.141920,1.141410,1.141600,1.141370,1.141670,1.141170,1.141360
2017/07/14 10:00:00,1.141600,1.141940,1.141470,1.141850,1.141360,1.141710,1.141220,1.141610
2017/07/14 10:30:00,1.141850,1.141860,1.141260,1.141550,1.141610,1.141620,1.141020,1.141320
2017/07/14 11:00:00,1.141550,1.141770,1.141220,1.141760,1.141320,1.141550,1.140990,1.141550
2017/07/14 11:30:00,1.141760,1.142080,1.141530,1.141810,1.141550,1.141840,1.141290,1.141570
2017/07/14 12:00:00,1.141810,1.142080,1.141470,1.141730,1.141570,1.141840,1.141220,1.141290
2017/07/14 12:30:00,1.141730,1.146990,1.141730,1.146280,1.141290,1.146730,1.141280,1.146050
2017/07/14 13:00:00,1.146280,1.146450,1.145470,1.146170,1.146050,1.146210,1.145240,1.145940
2017/07/14 13:30:00,1.146170,1.146210,1.143740,1.146020,1.145940,1.146020,1.143480,1.145780
2017/07/14 14:00:00,1.146020,1.146520,1.144880,1.145390,1.145780,1.146230,1.144640,1.145150
2017/07/14 14:30:00,1.145390,1.145430,1.143690,1.144560,1.145150,1.145190,1.143450,1.144330
2017/07/14 15:00:00,1.144560,1.146000,1.144550,1.145960,1.144330,1.145760,1.144330,1.145720
2017/07/14 15:30:00,1.145960,1.146170,1.145220,1.145280,1.145720,1.145940,1.145000,1.145040
2017/07/14 16:00:00,1.145280,1.145820,1.145260,1.145460,1.145040,1.145600,1.145030,1.145220
2017/07/14 16:30:00,1.145460,1.146140,1.145100,1.146060,1.145220,1.145900,1.144860,1.145800
2017/07/14 17:00:00,1.146060,1.146620,1.145820,1.146620,1.145800,1.146400,1.145590,1.146380
2017/07/14 17:30:00,1.146620,1.147010,1.146330,1.146840,1.146380,1.146770,1.146100,1.146600
2017/07/14 18:00:00,1.146840,1.147020,1.146470,1.146770,1.146600,1.146790,1.146220,1.146530
2017/07/14 18:30:00,1.146770,1.146900,1.146340,1.146700,1.146530,1.146660,1.146120,1.146460
2017/07/14 19:00:00,1.146700,1.146880,1.146590,1.146800,1.146460,1.146670,1.146350,1.146570
2017/07/14 19:30:00,1.146800,1.147260,1.146600,1.147190,1.146570,1.147030,1.146360,1.146970
2017/07/14 20:00:00,1.147190,1.147260,1.146700,1.147250,1.146970,1.147010,1.146490,1.147000
2017/07/14 20:30:00,1.147250,1.147320,1.146850,1.147020,1.147000,1.147070,1.146420,1.146420
2017/07/16 19:00:00,1.147020,1.147210,1.146860,1.146860,1.146420,1.146540,1.145970,1.146040
2017/07/16 19:30:00,1.146860,1.147620,1.146860,1.147610,1.146040,1.147140,1.146040,1.146800
2017/07/16 20:00:00,1.147610,1.147760,1.147450,1.147680,1.146800,1.147230,1.146760,1.146930
2017/07/16 20:30:00,1.147680,1.147820,1.147610,1.147610,1.146930,1.147220,1.146930,1.147210
2017/07/16 21:00:00,1.147610,1.147610,1.147000,1.147290,1.147210,1.147210,1.146310,1.146800
2017/07/16 21:30:00,1.147290,1.147610,1.147020,1.147280,1.146800,1.147010,1.146280,1.146720
2017/07/16 22:00:00,1.147280,1.147590,1.146840,1.146920,1.146720,1.147320,1.146450,1.146600
2017/07/16 22:30:00,1.146920,1.147220,1.146890,1.147160,1.146600,1.146920,1.146530,1.146870
2017/07/16 23:00:00,1.147160,1.147490,1.147140,1.147270,1.146870,1.147240,1.146850,1.147020
2017/07/16 23:30:00,1.147270,1.147630,1.147110,1.147560,1.147020,1.147380,1.146860,1.147310
2017/07/17 00:00:00,1.147560,1.147590,1.146980,1.147000,1.147310,1.147350,1.146740,1.146760
2017/07/17 00:30:00,1.147000,1.147030,1.146510,1.146600,1.146760,1.146790,1.146270,1.146360
2017/07/17 01:00:00,1.146600,1.146870,1.146500,1.146770,1.146360,1.146630,1.146260,1.146530
2017/07/17 01:30:00,1.146770,1.146850,1.146150,1.146340,1.146530,1.146630,1.145910,1.146080
2017/07/17 02:00:00,1.146340,1.146620,1.146180,1.146570,1.146080,1.146400,1.145940,1.146330
2017/07/17 02:30:00,1.146570,1.146600,1.145810,1.146230,1.146330,1.146360,1.145570,1.145990
2017/07/17 03:00:00,1.146230,1.146710,1.146220,1.146540,1.145990,1.146480,1.145980,1.146300
2017/07/17 03:30:00,1.146540,1.146540,1.146070,1.146460,1.146300,1.146300,1.145870,1.146220
2017/07/17 04:00:00,1.146460,1.146480,1.145960,1.145990,1.146220,1.146240,1.145720,1.145760
2017/07/17 04:30:00,1.145990,1.146430,1.145950,1.146260,1.145760,1.146190,1.145720,1.146020
2017/07/17 05:00:00,1.146260,1.146310,1.145810,1.146060,1.146020,1.146070,1.145570,1.145810
2017/07/17 05:30:00,1.146060,1.146470,1.145960,1.146270,1.145810,1.146230,1.145740,1.146020
2017/07/17 06:00:00,1.146270,1.146370,1.144800,1.144950,1.146020,1.146130,1.144560,1.144710
2017/07/17 06:30:00,1.144950,1.145560,1.144840,1.145500,1.144710,1.145340,1.144610,1.145260
2017/07/17 07:00:00,1.145500,1.145910,1.144330,1.144580,1.145260,1.145670,1.144090,1.144330
2017/07/17 07:30:00,1.144580,1.144670,1.143600,1.144220,1.144330,1.144430,1.143360,1.143980
2017/07/17 08:00:00,1.144220,1.144990,1.144070,1.144930,1.143980,1.144760,1.143820,1.144690
2017/07/17 08:30:00,1.144930,1.145270,1.144600,1.144950,1.144690,1.145030,1.144360,1.144690
2017/07/17 09:00:00,1.144950,1.145380,1.144630,1.144940,1.144690,1.145140,1.144400,1.144700
2017/07/17 09:30:00,1.144940,1.146120,1.144780,1.146050,1.144700,1.145900,1.144530,1.145820
2017/07/17 10:00:00,1.146050,1.146570,1.145650,1.146430,1.145820,1.146330,1.145420,1.146180
2017/07/17 10:30:00,1.146430,1.146580,1.145810,1.146020,1.146180,1.146350,1.145570,1.145770
2017/07/17 11:00:00,1.146020,1.146790,1.146000,1.146520,1.145770,1.146550,1.145770,1.146270
2017/07/17 11:30:00,1.146520,1.147160,1.146180,1.146490,1.146270,1.146920,1.145950,1.146260
2017/07/17 12:00:00,1.146490,1.146750,1.146170,1.146460,1.146260,1.146510,1.145940,1.146210
2017/07/17 12:30:00,1.146460,1.147220,1.146320,1.146920,1.146210,1.146990,1.146080,1.146670
2017/07/17 13:00:00,1.146920,1.146930,1.146210,1.146510,1.146670,1.146700,1.145980,1.146280
2017/07/17 13:30:00,1.146510,1.146930,1.146220,1.146850,1.146280,1.146700,1.145990,1.146610
2017/07/17 14:00:00,1.146850,1.148010,1.146820,1.147870,1.146610,1.147780,1.146580,1.147620
2017/07/17 14:30:00,1.147870,1.148850,1.146730,1.147210,1.147620,1.148590,1.146490,1.146960
2017/07/17 15:00:00,1.147210,1.147840,1.146750,1.146820,1.146960,1.147600,1.146510,1.146580
2017/07/17 15:30:00,1.146820,1.147150,1.146490,1.147040,1.146580,1.146910,1.146260,1.146800
2017/07/17 16:00:00,1.147040,1.147710,1.146980,1.147430,1.146800,1.147470,1.146750,1.147200
2017/07/17 16:30:00,1.147430,1.147650,1.147190,1.147340,1.147200,1.147430,1.146960,1.147100
2017/07/17 17:00:00,1.147340,1.148040,1.147340,1.147870,1.147100,1.147810,1.147100,1.147630
2017/07/17 17:30:00,1.147870,1.148200,1.147750,1.147930,1.147630,1.147970,1.147520,1.147680
2017/07/17 18:00:00,1.147930,1.148150,1.147720,1.147830,1.147680,1.147910,1.147480,1.147590
2017/07/17 18:30:00,1.147830,1.148210,1.147820,1.148180,1.147590,1.147980,1.147580,1.147950
2017/07/17 19:00:00,1.148180,1.148270,1.147710,1.147930,1.147950,1.148020,1.147470,1.147690
2017/07/17 19:30:00,1.147930,1.148580,1.147860,1.148360,1.147690,1.148350,1.147610,1.148140
2017/07/17 20:00:00,1.148360,1.148460,1.148040,1.148130,1.148140,1.148210,1.147810,1.147890
2017/07/17 20:30:00,1.148130,1.148280,1.147900,1.148030,1.147890,1.148030,1.147640,1.147680
2017/07/17 21:00:00,1.148030,1.148190,1.147720,1.147960,1.147680,1.147780,1.147430,1.147680
2017/07/17 21:30:00,1.147960,1.148350,1.147740,1.148020,1.147680,1.147940,1.147310,1.147730
2017/07/17 22:00:00,1.148020,1.148130,1.147860,1.148020,1.147730,1.147870,1.147590,1.147760
2017/07/17 22:30:00,1.148020,1.148060,1.147670,1.147800,1.147760,1.147810,1.147430,1.147570
2017/07/17 23:00:00,1.147800,1.148060,1.147780,1.147790,1.147570,1.147810,1.147540,1.147540
2017/07/17 23:30:00,1.147790,1.147800,1.147450,1.147450,1.147540,1.147560,1.147210,1.147230
2017/07/18 00:00:00,1.147450,1.148010,1.147280,1.147830,1.147230,1.147760,1.147030,1.147620
2017/07/18 00:30:00,1.147830,1.148860,1.147830,1.148640,1.147620,1.148600,1.147620,1.148400
2017/07/18 01:00:00,1.148640,1.153330,1.148640,1.152710,1.148400,1.153100,1.148390,1.152480
2017/07/18 01:30:00,1.152710,1.153300,1.152380,1.153120,1.152480,1.153070,1.152140,1.152880
2017/07/18 02:00:00,1.153120,1.153910,1.152920,1.153260,1.152880,1.153670,1.152680,1.153020
2017/07/18 02:30:00,1.153260,1.153840,1.152660,1.153030,1.153020,1.153600,1.152420,1.152790
2017/07/18 03:00:00,1.153030,1.153690,1.152860,1.153400,1.152790,1.153440,1.152620,1.153170
2017/07/18 03:30:00,1.153400,1.153430,1.152750,1.152910,1.153170,1.153180,1.152510,1.152680
2017/07/18 04:00:00,1.152910,1.152930,1.152480,1.152870,1.152680,1.152690,1.152240,1.152630
2017/07/18 04:30:00,1.152870,1.153160,1.152450,1.152870,1.152630,1.152910,1.152210,1.152640
2017/07/18 05:00:00,1.152870,1.153010,1.152000,1.152740,1.152640,1.152780,1.151720,1.152510
2017/07/18 05:30:00,1.152740,1.153650,1.152200,1.152340,1.152510,1.153410,1.151950,1.152100
2017/07/18 06:00:00,1.152340,1.153270,1.151900,1.152240,1.152100,1.153030,1.151650,1.152000
2017/07/18 06:30:00,1.152240,1.153220,1.151430,1.152800,1.152000,1.152980,1.151180,1.152550
2017/07/18 07:00:00,1.152800,1.152810,1.151440,1.151750,1.152550,1.152560,1.151210,1.151510
2017/07/18 07:30:00,1.151750,1.153090,1.151250,1.152990,1.151510,1.152850,1.151010,1.152740
2017/07/18 08:00:00,1.152990,1.153340,1.151830,1.152320,1.152740,1.153100,1.151590,1.152080
2017/07/18 08:30:00,1.152320,1.153070,1.152010,1.152690,1.152080,1.152820,1.151760,1.152430
2017/07/18 09:00:00,1.152690,1.154690,1.152040,1.154320,1.152430,1.154450,1.151800,1.154070
2017/07/18 09:30:00,1.154320,1.156150,1.154210,1.155330,1.154070,1.155910,1.153990,1.155080
2017/07/18 10:00:00,1.155330,1.156150,1.155090,1.156010,1.155080,1.155910,1.154850,1.155770
2017/07/18 10:30:00,1.156010,1.156540,1.155730,1.155890,1.155770,1.156300,1.155480,1.155640
2017/07/18 11:00:00,1.155890,1.156120,1.154670,1.154690,1.155640,1.155900,1.154430,1.154440
2017/07/18 11:30:00,1.154690,1.155660,1.154630,1.155110,1.154440,1.155410,1.154400,1.154870
2017/07/18 12:00:00,1.155110,1.156030,1.154790,1.155280,1.154870,1.155800,1.154570,1.155020
2017/07/18 12:30:00,1.155280,1.156950,1.154620,1.155720,1.155020,1.156710,1.154380,1.155480
2017/07/18 13:00:00,1.155720,1.157600,1.155520,1.157420,1.155480,1.157360,1.155270,1.157170
2017/07/18 13:30:00,1.157420,1.158270,1.157380,1.158090,1.157170,1.158050,1.157150,1.157840
2017/07/18 14:00:00,1.158090,1.158460,1.157720,1.157750,1.157840,1.158210,1.157480,1.157520
2017/07/18 14:30:00,1.157750,1.158380,1.157400,1.158180,1.157520,1.158140,1.157160,1.157950
2017/07/18 15:00:00,1.158180,1.158370,1.156940,1.157630,1.157950,1.158130,1.156710,1.157400
2017/07/18 15:30:00,1.157630,1.157930,1.157270,1.157920,1.157400,1.157700,1.157030,1.157680
2017/07/18 16:00:00,1.157920,1.158240,1.156830,1.156930,1.157680,1.158010,1.156600,1.156690
2017/07/18 16:30:00,1.156930,1.157070,1.155940,1.156420,1.156690,1.156840,1.155730,1.156200
2017/07/18 17:00:00,1.156420,1.156560,1.155420,1.155900,1.156200,1.156330,1.155180,1.155660
2017/07/18 17:30:00,1.155900,1.156400,1.155600,1.156360,1.155660,1.156170,1.155350,1.156120
2017/07/18 18:00:00,1.156360,1.156690,1.155910,1.156450,1.156120,1.156450,1.155670,1.156210
2017/07/18 18:30:00,1.156450,1.156480,1.155710,1.156220,1.156210,1.156240,1.155470,1.156000
2017/07/18 19:00:00,1.156220,1.156320,1.155450,1.155810,1.156000,1.156100,1.155220,1.155570
2017/07/18 19:30:00,1.155810,1.155870,1.155330,1.155860,1.155570,1.155640,1.155090,1.155610
2017/07/18 20:00:00,1.155860,1.155970,1.155460,1.155510,1.155610,1.155730,1.155220,1.155270
2017/07/18 20:30:00,1.155510,1.155660,1.155440,1.155490,1.155270,1.155430,1.155060,1.155140
2017/07/18 21:00:00,1.155490,1.155830,1.155490,1.155610,1.155140,1.155520,1.155130,1.155350
2017/07/18 21:30:00,1.155610,1.156030,1.155460,1.155480,1.155350,1.155480,1.155200,1.155240
2017/07/18 22:00:00,1.155480,1.155690,1.155170,1.155260,1.155240,1.155420,1.154910,1.155000
2017/07/18 22:30:00,1.155260,1.155570,1.155170,1.155190,1.155000,1.155330,1.154920,1.154940
2017/07/18 23:00:00,1.155190,1.155260,1.154970,1.155030,1.154940,1.155020,1.154730,1.154780
2017/07/18 23:30:00,1.155030,1.155370,1.154910,1.154920,1.154780,1.155140,1.154660,1.154670
2017/07/19 00:00:00,1.154920,1.155180,1.154840,1.155170,1.154670,1.154930,1.154600,1.154920
2017/07/19 00:30:00,1.155170,1.155460,1.154450,1.154600,1.154920,1.155210,1.154210,1.154350
2017/07/19 01:00:00,1.154600,1.154640,1.154230,1.154530,1.154350,1.154410,1.154000,1.154300
2017/07/19 01:30:00,1.154530,1.154550,1.154280,1.154280,1.154300,1.154320,1.154050,1.154050
2017/07/19 02:00:00,1.154280,1.154560,1.154180,1.154270,1.154050,1.154310,1.153940,1.154030
2017/07/19 02:30:00,1.154270,1.154360,1.153990,1.154030,1.154030,1.154110,1.153750,1.153780
2017/07/19 03:00:00,1.154030,1.154130,1.153750,1.153810,1.153780,1.153900,1.153520,1.153570
2017/07/19 03:30:00,1.153810,1.154100,1.153790,1.154000,1.153570,1.153860,1.153550,1.153790
2017/07/19 04:00:00,1.154000,1.154080,1.153960,1.153970,1.153790,1.153830,1.153730,1.153740
2017/07/19 04:30:00,1.153970,1.154090,1.153820,1.153890,1.153740,1.153840,1.153580,1.153650
2017/07/19 05:00:00,1.153890,1.153910,1.153440,1.153690,1.153650,1.153670,1.153200,1.153440
2017/07/19 05:30:00,1.153690,1.153710,1.153240,1.153390,1.153440,1.153500,1.152990,1.153160
2017/07/19 06:00:00,1.153390,1.154900,1.153250,1.153690,1.153160,1.154660,1.153000,1.153440
2017/07/19 06:30:00,1.153690,1.154070,1.153020,1.153080,1.153440,1.153830,1.152790,1.152840
2017/07/19 07:00:00,1.153080,1.154040,1.152750,1.153210,1.152840,1.153810,1.152510,1.152970
2017/07/19 07:30:00,1.153210,1.153520,1.152020,1.152130,1.152970,1.153290,1.151780,1.151900
2017/07/19 08:00:00,1.152130,1.152600,1.151580,1.152540,1.151900,1.152360,1.151340,1.152320
2017/07/19 08:30:00,1.152540,1.152900,1.152330,1.152790,1.152320,1.152650,1.152090,1.152550
2017/07/19 09:00:00,1.152790,1.153900,1.152780,1.153630,1.152550,1.153670,1.152540,1.153380
2017/07/19 09:30:00,1.153630,1.153790,1.152940,1.153110,1.153380,1.153570,1.152700,1.152870
2017/07/19 10:00:00,1.153110,1.153820,1.152960,1.153770,1.152870,1.153580,1.152740,1.153530
2017/07/19 10:30:00,1.153770,1.153890,1.152500,1.152660,1.153530,1.153660,1.152250,1.152430
2017/07/19 11:00:00,1.152660,1.153070,1.152360,1.152700,1.152430,1.152840,1.152120,1.152450
2017/07/19 11:30:00,1.152700,1.153190,1.152220,1.153110,1.152450,1.152960,1.151990,1.152870
2017/07/19 12:00:00,1.153110,1.153920,1.153070,1.153580,1.152870,1.153680,1.152850,1.153310
2017/07/19 12:30:00,1.153580,1.153980,1.152510,1.152670,1.153310,1.153740,1.152270,1.152440
2017/07/19 13:00:00,1.152670,1.153560,1.152520,1.153490,1.152440,1.153320,1.152280,1.153240
2017/07/19 13:30:00,1.153490,1.153780,1.152480,1.152490,1.153240,1.153540,1.152240,1.152290
2017/07/19 14:00:00,1.152490,1.153000,1.151320,1.151700,1.152290,1.152760,1.151080,1.151450
2017/07/19 14:30:00,1.151700,1.152010,1.151110,1.151900,1.151450,1.151770,1.150890,1.151660
2017/07/19 15:00:00,1.151900,1.153100,1.151890,1.152420,1.151660,1.152850,1.151650,1.152190
2017/07/19 15:30:00,1.152420,1.152430,1.151410,1.151890,1.152190,1.152210,1.151180,1.151650
2017/07/19 16:00:00,1.151890,1.152350,1.151530,1.152090,1.151650,1.152110,1.151300,1.151860
2017/07/19 16:30:00,1.152090,1.152410,1.151650,1.152200,1.151860,1.152190,1.151430,1.151980
2017/07/19 17:00:00,1.152200,1.152410,1.151890,1.152330,1.151980,1.152180,1.151650,1.152100
2017/07/19 17:30:00,1.152330,1.152440,1.151820,1.151840,1.152100,1.152220,1.151580,1.151590
2017/07/19 18:00:00,1.151840,1.152000,1.151460,1.151890,1.151590,1.151760,1.151220,1.151640
2017/07/19 18:30:00,1.151890,1.152060,1.151580,1.151940,1.151640,1.151820,1.151340,1.151710
2017/07/19 19:00:00,1.151940,1.152060,1.151590,1.151860,1.151710,1.151830,1.151360,1.151630
2017/07/19 19:30:00,1.151860,1.152000,1.151690,1.151860,1.151630,1.151770,1.151460,1.151620
2017/07/19 20:00:00,1.151860,1.151920,1.151430,1.151590,1.151620,1.151690,1.151190,1.151350
2017/07/19 20:30:00,1.151590,1.151830,1.151420,1.151710,1.151350,1.151590,1.151170,1.151340
2017/07/19 21:00:00,1.151710,1.152070,1.151430,1.151820,1.151340,1.151710,1.151110,1.151530
2017/07/19 21:30:00,1.151820,1.152160,1.151580,1.151940,1.151530,1.151680,1.151170,1.151650
2017/07/19 22:00:00,1.151940,1.152540,1.151890,1.152520,1.151650,1.152250,1.151580,1.152240
2017/07/19 22:30:00,1.152520,1.152960,1.152430,1.152870,1.152240,1.152700,1.152140,1.152620
2017/07/19 23:00:00,1.152870,1.153400,1.152870,1.152980,1.152620,1.153150,1.152620,1.152740
2017/07/19 23:30:00,1.152980,1.153030,1.152880,1.152990,1.152740,1.152790,1.152650,1.152760
2017/07/20 00:00:00,1.152990,1.153040,1.152680,1.152720,1.152760,1.152790,1.152440,1.152480
2017/07/20 00:30:00,1.152720,1.152930,1.152400,1.152430,1.152480,1.152690,1.152160,1.152190
2017/07/20 01:00:00,1.152430,1.152760,1.152230,1.152260,1.152190,1.152530,1.152000,1.152020
2017/07/20 01:30:00,1.152260,1.152560,1.151400,1.151830,1.152020,1.152320,1.151160,1.151590
2017/07/20 02:00:00,1.151830,1.152670,1.151830,1.151850,1.151590,1.152430,1.151590,1.151600
2017/07/20 02:30:00,1.151850,1.152480,1.151560,1.152470,1.151600,1.152230,1.151320,1.152230
2017/07/20 03:00:00,1.152470,1.152850,1.151820,1.151860,1.152230,1.152600,1.151590,1.151610
2017/07/20 03:30:00,1.151860,1.151950,1.150620,1.150810,1.151610,1.151710,1.150390,1.150560
2017/07/20 04:00:00,1.150810,1.151160,1.150770,1.150800,1.150560,1.150930,1.150530,1.150560
2017/07/20 04:30:00,1.150800,1.151330,1.150790,1.151320,1.150560,1.151090,1.150560,1.151090
2017/07/20 05:00:00,1.151320,1.151370,1.150970,1.151230,1.151090,1.151140,1.150730,1.150990
2017/07/20 05:30:00,1.151230,1.151280,1.150550,1.151270,1.150990,1.151050,1.150310,1.151020
2017/07/20 06:00:00,1.151270,1.151970,1.151000,1.151710,1.151020,1.151730,1.150750,1.151460
2017/07/20 06:30:00,1.151710,1.152660,1.151630,1.152370,1.151460,1.152420,1.151410,1.152150
2017/07/20 07:00:00,1.152370,1.152430,1.150810,1.150920,1.152150,1.152180,1.150560,1.150680
2017/07/20 07:30:00,1.150920,1.151410,1.150130,1.150140,1.150680,1.151180,1.149890,1.149910
2017/07/20 08:00:00,1.150140,1.150490,1.149700,1.150150,1.149910,1.150250,1.149480,1.149910
2017/07/20 08:30:00,1.150150,1.150810,1.150060,1.150600,1.149910,1.150570,1.149820,1.150360
2017/07/20 09:00:00,1.150600,1.150860,1.149800,1.150310,1.150360,1.150620,1.149570,1.150070
2017/07/20 09:30:00,1.150310,1.150750,1.150020,1.150500,1.150070,1.150520,1.149790,1.150270
2017/07/20 10:00:00,1.150500,1.150810,1.150190,1.150710,1.150270,1.150610,1.149950,1.150470
2017/07/20 10:30:00,1.150710,1.151350,1.150200,1.150750,1.150470,1.151110,1.149960,1.150500
2017/07/20 11:00:00,1.150750,1.151450,1.149530,1.149730,1.150500,1.151210,1.149290,1.149500
2017/07/20 11:30:00,1.149730,1.150130,1.148100,1.148610,1.149500,1.149870,1.147890,1.148370
2017/07/20 12:00:00,1.148610,1.149610,1.148040,1.149430,1.148370,1.149200,1.147810,1.149130
2017/07/20 12:30:00,1.149430,1.157190,1.149240,1.156330,1.149130,1.156940,1.148970,1.156080
2017/07/20 13:00:00,1.156330,1.157250,1.154250,1.156170,1.156080,1.157000,1.154010,1.155920
2017/07/20 13:30:00,1.156170,1.157510,1.155820,1.156300,1.155920,1.157280,1.155580,1.156070
2017/07/20 14:00:00,1.156300,1.160810,1.156280,1.160450,1.156070,1.160580,1.156060,1.160220
2017/07/20 14:30:00,1.160450,1.166020,1.160450,1.163590,1.160220,1.165750,1.160200,1.163350
2017/07/20 15:00:00,1.163590,1.164760,1.162860,1.164630,1.163350,1.164530,1.162630,1.164400
2017/07/20 15:30:00,1.164630,1.164820,1.163240,1.163490,1.164400,1.164590,1.162990,1.163250
2017/07/20 16:00:00,1.163490,1.164110,1.163130,1.163590,1.163250,1.163870,1.162910,1.163360
2017/07/20 16:30:00,1.163590,1.163590,1.162830,1.163570,1.163360,1.163360,1.162600,1.163330
2017/07/20 17:00:00,1.163570,1.163890,1.161960,1.163300,1.163330,1.163650,1.161700,1.163060
2017/07/20 17:30:00,1.163300,1.163780,1.162980,1.163030,1.163060,1.163550,1.162740,1.162790
2017/07/20 18:00:00,1.163030,1.163080,1.162430,1.162800,1.162790,1.162860,1.162190,1.162560
2017/07/20 18:30:00,1.162800,1.162960,1.161900,1.162590,1.162560,1.162720,1.161650,1.162340
2017/07/20 19:00:00,1.162590,1.163190,1.162410,1.162960,1.162340,1.162970,1.162170,1.162710
2017/07/20 19:30:00,1.162960,1.163040,1.162220,1.162970,1.162710,1.162810,1.161980,1.162730
2017/07/20 20:00:00,1.162970,1.163460,1.162510,1.163360,1.162730,1.163210,1.162270,1.163110
2017/07/20 20:30:00,1.163360,1.163510,1.163110,1.163250,1.163110,1.163250,1.162860,1.162860
2017/07/20 21:00:00,1.163250,1.163540,1.163100,1.163340,1.162860,1.163180,1.162790,1.163050
2017/07/20 21:30:00,1.163340,1.163860,1.163290,1.163420,1.163050,1.163360,1.163020,1.163160
2017/07/20 22:00:00,1.163420,1.163720,1.162890,1.162960,1.163160,1.163470,1.162650,1.162700
2017/07/20 22:30:00,1.162960,1.163020,1.162610,1.162890,1.162700,1.162770,1.162360,1.162640
2017/07/20 23:00:00,1.162890,1.163000,1.162760,1.162980,1.162640,1.162770,1.162510,1.162740
2017/07/20 23:30:00,1.162980,1.163310,1.162910,1.162980,1.162740,1.163060,1.162670,1.162730
2017/07/21 00:00:00,1.162980,1.163120,1.162330,1.162450,1.162730,1.162880,1.162110,1.162210
2017/07/21 00:30:00,1.162450,1.162870,1.162050,1.162780,1.162210,1.162630,1.161810,1.162540
2017/07/21 01:00:00,1.162780,1.163140,1.162440,1.163070,1.162540,1.162900,1.162200,1.162830
2017/07/21 01:30:00,1.163070,1.163120,1.162540,1.163050,1.162830,1.162880,1.162290,1.162810
2017/07/21 02:00:00,1.163050,1.163780,1.163050,1.163530,1.162810,1.163530,1.162810,1.163280
2017/07/21 02:30:00,1.163530,1.163620,1.162540,1.162610,1.163280,1.163390,1.162310,1.162370
2017/07/21 03:00:00,1.162610,1.162930,1.162460,1.162590,1.162370,1.162680,1.162230,1.162360
2017/07/21 03:30:00,1.162590,1.163100,1.162550,1.162940,1.162360,1.162860,1.162320,1.162710
2017/07/21 04:00:00,1.162940,1.163160,1.162810,1.162980,1.162710,1.162930,1.162570,1.162740
2017/07/21 04:30:00,1.162980,1.163050,1.162650,1.162990,1.162740,1.162800,1.162410,1.162740
2017/07/21 05:00:00,1.162990,1.163470,1.162950,1.163370,1.162740,1.163240,1.162710,1.163120
2017/07/21 05:30:00,1.163370,1.164120,1.163090,1.164110,1.163120,1.163880,1.162850,1.163880
2017/07/21 06:00:00,1.164110,1.165710,1.163810,1.165510,1.163880,1.165460,1.163570,1.165280
2017/07/21 06:30:00,1.165510,1.167830,1.164600,1.166380,1.165280,1.167580,1.164360,1.166140
2017/07/21 07:00:00,1.166380,1.167500,1.164640,1.164940,1.166140,1.167260,1.164410,1.164710
2017/07/21 07:30:00,1.164940,1.165150,1.163890,1.164000,1.164710,1.164910,1.163660,1.163760
2017/07/21 08:00:00,1.164000,1.164960,1.163740,1.164140,1.163760,1.164730,1.163500,1.163900
2017/07/21 08:30:00,1.164140,1.165250,1.163980,1.165060,1.163900,1.165030,1.163730,1.164820
2017/07/21 09:00:00,1.165060,1.165980,1.164520,1.164570,1.164820,1.165750,1.164280,1.164320
2017/07/21 09:30:00,1.164570,1.165000,1.163980,1.164770,1.164320,1.164760,1.163740,1.164540
2017/07/21 10:00:00,1.164770,1.165330,1.163910,1.165100,1.164540,1.165090,1.163680,1.164860
2017/07/21 10:30:00,1.165100,1.165150,1.164220,1.164560,1.164860,1.164910,1.163970,1.164320
2017/07/21 11:00:00,1.164560,1.165250,1.164270,1.164830,1.164320,1.165020,1.164020,1.164590
2017/07/21 11:30:00,1.164830,1.164880,1.164140,1.164290,1.164590,1.164650,1.163900,1.164060
2017/07/21 12:00:00,1.164290,1.164580,1.163650,1.163810,1.164060,1.164350,1.163410,1.163560
2017/07/21 12:30:00,1.163810,1.164900,1.163690,1.164120,1.163560,1.164670,1.163450,1.163890
2017/07/21 13:00:00,1.164120,1.164510,1.163680,1.164470,1.163890,1.164270,1.163460,1.164220
2017/07/21 13:30:00,1.164470,1.165350,1.163940,1.164780,1.164220,1.165110,1.163710,1.164540
2017/07/21 14:00:00,1.164780,1.165900,1.164630,1.165600,1.164540,1.165660,1.164390,1.165350
2017/07/21 14:30:00,1.165600,1.166810,1.165540,1.165590,1.165350,1.166580,1.165300,1.165350
2017/07/21 15:00:00,1.165590,1.165920,1.165050,1.165150,1.165350,1.165680,1.164820,1.164900
2017/07/21 15:30:00,1.165150,1.165830,1.164940,1.165600,1.164900,1.165600,1.164720,1.165360
2017/07/21 16:00:00,1.165600,1.166290,1.165480,1.166160,1.165360,1.166050,1.165250,1.165930
2017/07/21 16:30:00,1.166160,1.167180,1.165950,1.166740,1.165930,1.166940,1.165700,1.166500
2017/07/21 17:00:00,1.166740,1.168430,1.166690,1.167890,1.166500,1.168170,1.166440,1.167650
2017/07/21 17:30:00,1.167890,1.168000,1.167190,1.167720,1.167650,1.167750,1.166950,1.167480
2017/07/21 18:00:00,1.167720,1.168210,1.167380,1.168070,1.167480,1.167990,1.167140,1.167830
2017/07/21 18:30:00,1.168070,1.168130,1.167480,1.167970,1.167830,1.167890,1.167240,1.167720
2017/07/21 19:00:00,1.167970,1.168020,1.167050,1.167100,1.167720,1.167790,1.166810,1.166880
2017/07/21 19:30:00,1.167100,1.167150,1.166570,1.167000,1.166880,1.166930,1.166340,1.166760
2017/07/21 20:00:00,1.167000,1.167180,1.166300,1.166560,1.166760,1.166950,1.166080,1.166320
2017/07/21 20:30:00,1.166560,1.166940,1.166370,1.166580,1.166320,1.166700,1.165910,1.166220
2017/07/23 19:00:00,1.166580,1.167040,1.166410,1.166940,1.166220,1.166570,1.165390,1.166510
2017/07/23 19:30:00,1.166940,1.167190,1.166940,1.166970,1.166510,1.166630,1.166210,1.166400
2017/07/23 20:00:00,1.166970,1.167380,1.166690,1.167380,1.166400,1.166540,1.166400,1.166470
2017/07/23 20:30:00,1.167380,1.167380,1.166610,1.166920,1.166470,1.166580,1.165880,1.165880
2017/07/23 21:00:00,1.166920,1.167150,1.166820,1.166920,1.165880,1.166490,1.165880,1.166470
2017/07/23 21:30:00,1.166920,1.167740,1.166920,1.167110,1.166470,1.166780,1.166260,1.166370
2017/07/23 22:00:00,1.167110,1.167240,1.166750,1.167220,1.166370,1.166970,1.166300,1.166940
2017/07/23 22:30:00,1.167220,1.167580,1.167030,1.167430,1.166940,1.167290,1.166780,1.167140
2017/07/23 23:00:00,1.167430,1.167910,1.167300,1.167860,1.167140,1.167690,1.167050,1.167630
2017/07/23 23:30:00,1.167860,1.168310,1.167760,1.168250,1.167630,1.168070,1.167510,1.168020
2017/07/24 00:00:00,1.168250,1.168550,1.167340,1.167440,1.168020,1.168310,1.167100,1.167220
2017/07/24 00:30:00,1.167440,1.167850,1.166880,1.167210,1.167220,1.167600,1.166640,1.166980
2017/07/24 01:00:00,1.167210,1.167230,1.166440,1.167040,1.166980,1.166990,1.166210,1.166790
2017/07/24 01:30:00,1.167040,1.167250,1.166930,1.167020,1.166790,1.167010,1.166690,1.166800
2017/07/24 02:00:00,1.167020,1.167140,1.166890,1.166910,1.166800,1.166910,1.166680,1.166690
2017/07/24 02:30:00,1.166910,1.167130,1.166890,1.166930,1.166690,1.166910,1.166680,1.166690
2017/07/24 03:00:00,1.166930,1.167440,1.166910,1.167410,1.166690,1.167190,1.166680,1.167170
2017/07/24 03:30:00,1.167410,1.167660,1.167250,1.167310,1.167170,1.167430,1.167020,1.167060
2017/07/24 04:00:00,1.167310,1.167540,1.167130,1.167390,1.167060,1.167300,1.166890,1.167150
2017/07/24 04:30:00,1.167390,1.167480,1.167080,1.167210,1.167150,1.167240,1.166830,1.166960
2017/07/24 05:00:00,1.167210,1.167490,1.166940,1.167150,1.166960,1.167250,1.166700,1.166910
2017/07/24 05:30:00,1.167150,1.167650,1.167070,1.167130,1.166910,1.167410,1.166820,1.166890
2017/07/24 06:00:00,1.167130,1.167330,1.165160,1.165610,1.166890,1.167090,1.164930,1.165360
2017/07/24 06:30:00,1.165610,1.166260,1.164350,1.164710,1.165360,1.166020,1.164110,1.164460
2017/07/24 07:00:00,1.164710,1.166270,1.164480,1.165360,1.164460,1.166030,1.164240,1.165100
2017/07/24 07:30:00,1.165360,1.165380,1.163150,1.164110,1.165100,1.165100,1.162900,1.163860
2017/07/24 08:00:00,1.164110,1.165280,1.164030,1.164620,1.163860,1.165040,1.163780,1.164380
2017/07/24 08:30:00,1.164620,1.165570,1.164210,1.165400,1.164380,1.165320,1.163990,1.165190
2017/07/24 09:00:00,1.165400,1.165720,1.165000,1.165260,1.165190,1.165480,1.164750,1.165020
2017/07/24 09:30:00,1.165260,1.165870,1.165230,1.165820,1.165020,1.165630,1.164980,1.165580
2017/07/24 10:00:00,1.165820,1.166110,1.165080,1.165160,1.165580,1.165880,1.164840,1.164930
2017/07/24 10:30:00,1.165160,1.165730,1.164690,1.165000,1.164930,1.165490,1.164470,1.164770
2017/07/24 11:00:00,1.165000,1.165370,1.164340,1.164430,1.164770,1.165130,1.164110,1.164190
2017/07/24 11:30:00,1.164430,1.165060,1.164420,1.164600,1.164190,1.164820,1.164180,1.164360
2017/07/24 12:00:00,1.164600,1.165500,1.164440,1.165120,1.164360,1.165270,1.164220,1.164890
2017/07/24 12:30:00,1.165120,1.165880,1.165090,1.165690,1.164890,1.165640,1.164860,1.165460
2017/07/24 13:00:00,1.165690,1.165730,1.164060,1.164160,1.165460,1.165490,1.163810,1.163920
2017/07/24 13:30:00,1.164160,1.164360,1.163470,1.163950,1.163920,1.164120,1.163220,1.163660
2017/07/24 14:00:00,1.163950,1.164270,1.163570,1.163690,1.163660,1.164030,1.163330,1.163450
2017/07/24 14:30:00,1.163690,1.165150,1.163550,1.164470,1.163450,1.164940,1.163320,1.164220
2017/07/24 15:00:00,1.164470,1.164870,1.163820,1.164590,1.164220,1.164640,1.163600,1.164350
2017/07/24 15:30:00,1.164590,1.164910,1.163880,1.164370,1.164350,1.164680,1.163640,1.164130
2017/07/24 16:00:00,1.164370,1.164530,1.162710,1.163550,1.164130,1.164290,1.162450,1.163320
2017/07/24 16:30:00,1.163550,1.164120,1.163470,1.163920,1.163320,1.163890,1.163240,1.163680
2017/07/24 17:00:00,1.163920,1.164080,1.163140,1.163360,1.163680,1.163850,1.162900,1.163110
2017/07/24 17:30:00,1.163360,1.164210,1.163340,1.164170,1.163110,1.163980,1.163100,1.163930
2017/07/24 18:00:00,1.164170,1.164440,1.163980,1.164220,1.163930,1.164200,1.163750,1.163990
2017/07/24 18:30:00,1.164220,1.164490,1.163830,1.164450,1.163990,1.164250,1.163600,1.164210
2017/07/24 19:00:00,1.164450,1.164860,1.164380,1.164600,1.164210,1.164610,1.164140,1.164360
2017/07/24 19:30:00,1.164600,1.164870,1.164460,1.164480,1.164360,1.164630,1.164220,1.164250
2017/07/24 20:00:00,1.164480,1.164490,1.164220,1.164350,1.164250,1.164260,1.163980,1.164120
2017/07/24 20:30:00,1.164350,1.164480,1.164130,1.164240,1.164120,1.164230,1.163670,1.163780
2017/07/24 21:00:00,1.164240,1.164730,1.164160,1.164470,1.163780,1.164350,1.163780,1.164100
2017/07/24 21:30:00,1.164470,1.164660,1.163510,1.163850,1.164100,1.164130,1.162930,1.163580
2017/07/24 22:00:00,1.163850,1.164070,1.163680,1.163840,1.163580,1.163830,1.163390,1.163600
2017/07/24 22:30:00,1.163840,1.164020,1.163740,1.163880,1.163600,1.163750,1.163510,1.163630
2017/07/24 23:00:00,1.163880,1.164180,1.163720,1.163870,1.163630,1.163930,1.163500,1.163630
2017/07/24 23:30:00,1.163870,1.164110,1.163730,1.163980,1.163630,1.163850,1.163500,1.163760
2017/07/25 00:00:00,1.163980,1.164010,1.163200,1.163490,1.163760,1.163770,1.162970,1.163250
2017/07/25 00:30:00,1.163490,1.164170,1.163460,1.163900,1.163250,1.163950,1.163220,1.163650
2017/07/25 01:00:00,1.163900,1.164230,1.163700,1.163750,1.163650,1.163980,1.163460,1.163510
2017/07/25 01:30:00,1.163750,1.164390,1.163620,1.164200,1.163510,1.164140,1.163370,1.163970
2017/07/25 02:00:00,1.164200,1.165560,1.164020,1.165360,1.163970,1.165320,1.163780,1.165130
2017/07/25 02:30:00,1.165360,1.165830,1.165150,1.165470,1.165130,1.165590,1.164930,1.165230
2017/07/25 03:00:00,1.165470,1.165580,1.165310,1.165470,1.165230,1.165340,1.165080,1.165230
2017/07/25 03:30:00,1.165470,1.165770,1.165340,1.165770,1.165230,1.165530,1.165090,1.165530
2017/07/25 04:00:00,1.165770,1.166480,1.165720,1.166170,1.165530,1.166230,1.165500,1.165940
2017/07/25 04:30:00,1.166170,1.166360,1.165820,1.166320,1.165940,1.166120,1.165570,1.166080
2017/07/25 05:00:00,1.166320,1.166370,1.165540,1.165790,1.166080,1.166130,1.165300,1.165550
2017/07/25 05:30:00,1.165790,1.166450,1.165350,1.166440,1.165550,1.166190,1.165090,1.166190
2017/07/25 06:00:00,1.166440,1.166960,1.165890,1.166250,1.166190,1.166690,1.165660,1.166010
2017/07/25 06:30:00,1.166250,1.167030,1.166100,1.166260,1.166010,1.166800,1.165870,1.166020
2017/07/25 07:00:00,1.166260,1.166330,1.164450,1.165010,1.166020,1.166090,1.164210,1.164760
2017/07/25 07:30:00,1.165010,1.165450,1.164650,1.165260,1.164760,1.165220,1.164410,1.165000
2017/07/25 08:00:00,1.165260,1.166910,1.165230,1.165860,1.165000,1.166680,1.164950,1.165620
2017/07/25 08:30:00,1.165860,1.165860,1.165030,1.165500,1.165620,1.165620,1.164800,1.165260
2017/07/25 09:00:00,1.165500,1.165760,1.165000,1.165440,1.165260,1.165520,1.164760,1.165190
2017/07/25 09:30:00,1.165440,1.165970,1.165090,1.165580,1.165190,1.165730,1.164850,1.165350
2017/07/25 10:00:00,1.165580,1.165750,1.164950,1.165340,1.165350,1.165520,1.164700,1.165100
2017/07/25 10:30:00,1.165340,1.165470,1.164830,1.165230,1.165100,1.165230,1.164610,1.165000
2017/07/25 11:00:00,1.165230,1.166280,1.165110,1.165840,1.165000,1.166040,1.164880,1.165600
2017/07/25 11:30:00,1.165840,1.166800,1.165530,1.166800,1.165600,1.166570,1.165310,1.166560
2017/07/25 12:00:00,1.166800,1.170050,1.166800,1.168930,1.166560,1.169800,1.166560,1.168710
2017/07/25 12:30:00,1.168930,1.169600,1.168680,1.168990,1.168710,1.169380,1.168440,1.168740
2017/07/25 13:00:00,1.168990,1.171360,1.168160,1.168410,1.168740,1.171110,1.167920,1.168170
2017/07/25 13:30:00,1.168410,1.170300,1.168350,1.169730,1.168170,1.170060,1.168110,1.169450
2017/07/25 14:00:00,1.169730,1.169820,1.168460,1.168850,1.169450,1.169580,1.168220,1.168610
2017/07/25 14:30:00,1.168850,1.169010,1.165820,1.166240,1.168610,1.168770,1.165600,1.166000
2017/07/25 15:00:00,1.166240,1.167210,1.165420,1.165860,1.166000,1.166980,1.165200,1.165620
2017/07/25 15:30:00,1.165860,1.165880,1.164700,1.165600,1.165620,1.165650,1.164450,1.165360
2017/07/25 16:00:00,1.165600,1.165970,1.165080,1.165470,1.165360,1.165740,1.164830,1.165240
2017/07/25 16:30:00,1.165470,1.165950,1.165270,1.165460,1.165240,1.165710,1.165030,1.165230
2017/07/25 17:00:00,1.165460,1.165870,1.165370,1.165570,1.165230,1.165640,1.165120,1.165320
2017/07/25 17:30:00,1.165570,1.166260,1.165330,1.165920,1.165320,1.166010,1.165100,1.165680
2017/07/25 18:00:00,1.165920,1.166020,1.164610,1.164640,1.165680,1.165790,1.164380,1.164410
2017/07/25 18:30:00,1.164640,1.165380,1.164640,1.165150,1.164410,1.165150,1.164410,1.164920
2017/07/25 19:00:00,1.165150,1.165460,1.164920,1.165010,1.164920,1.165220,1.164680,1.164770
2017/07/25 19:30:00,1.165010,1.165170,1.164520,1.164850,1.164770,1.164920,1.164290,1.164610
2017/07/25 20:00:00,1.164850,1.165020,1.164590,1.164590,1.164610,1.164800,1.164340,1.164340
2017/07/25 20:30:00,1.164590,1.165060,1.164350,1.164850,1.164340,1.164810,1.164110,1.164420
2017/07/25 21:00:00,1.164850,1.165230,1.164820,1.164980,1.164420,1.164770,1.164420,1.164710
2017/07/25 21:30:00,1.164980,1.165020,1.164740,1.164960,1.164710,1.164730,1.164410,1.164670
2017/07/25 22:00:00,1.164960,1.164990,1.164710,1.164810,1.164670,1.164740,1.164410,1.164560
2017/07/25 22:30:00,1.164810,1.164940,1.164730,1.164740,1.164560,1.164690,1.164470,1.164500
2017/07/25 23:00:00,1.164740,1.164810,1.164530,1.164650,1.164500,1.164580,1.164290,1.164410
2017/07/25 23:30:00,1.164650,1.164850,1.164460,1.164570,1.164410,1.164610,1.164210,1.164320
2017/07/26 00:00:00,1.164570,1.164650,1.163920,1.164260,1.164320,1.164410,1.163680,1.164010
2017/07/26 00:30:00,1.164260,1.164430,1.163930,1.164260,1.164010,1.164190,1.163690,1.164020
2017/07/26 01:00:00,1.164260,1.164440,1.164010,1.164230,1.164020,1.164200,1.163770,1.164000
2017/07/26 01:30:00,1.164230,1.164880,1.164100,1.164720,1.164000,1.164640,1.163860,1.164480
2017/07/26 02:00:00,1.164720,1.165310,1.164610,1.165250,1.164480,1.165070,1.164370,1.165020
2017/07/26 02:30:00,1.165250,1.165520,1.165010,1.165360,1.165020,1.165290,1.164760,1.165120
2017/07/26 03:00:00,1.165360,1.165480,1.164870,1.164930,1.165120,1.165240,1.164640,1.164690
2017/07/26 03:30:00,1.164930,1.164930,1.164310,1.164510,1.164690,1.164690,1.164070,1.164260
2017/07/26 04:00:00,1.164510,1.164930,1.164380,1.164810,1.164260,1.164680,1.164140,1.164580
2017/07/26 04:30:00,1.164810,1.165040,1.163950,1.163990,1.164580,1.164800,1.163710,1.163740
2017/07/26 05:00:00,1.163990,1.164270,1.163870,1.163970,1.163740,1.164030,1.163630,1.163730
2017/07/26 05:30:00,1.163970,1.164050,1.163470,1.164030,1.163730,1.163800,1.163230,1.163800
2017/07/26 06:00:00,1.164030,1.164500,1.163410,1.163730,1.163800,1.164280,1.163180,1.163490
2017/07/26 06:30:00,1.163730,1.164100,1.162190,1.163900,1.163490,1.163870,1.161940,1.163650
2017/07/26 07:00:00,1.163900,1.163920,1.162880,1.163790,1.163650,1.163690,1.162650,1.163540
2017/07/26 07:30:00,1.163790,1.164680,1.162660,1.163100,1.163540,1.164450,1.162420,1.162860
2017/07/26 08:00:00,1.163100,1.163500,1.162320,1.162800,1.162860,1.163260,1.162080,1.162560
2017/07/26 08:30:00,1.162800,1.162930,1.161390,1.162440,1.162560,1.162690,1.161150,1.162210
2017/07/26 09:00:00,1.162440,1.162810,1.162010,1.162690,1.162210,1.162580,1.161770,1.162450
2017/07/26 09:30:00,1.162690,1.163420,1.162170,1.163350,1.162450,1.163180,1.161940,1.163120
2017/07/26 10:00:00,1.163350,1.165160,1.163190,1.164780,1.163120,1.164930,1.162950,1.164530
2017/07/26 10:30:00,1.164780,1.165280,1.164120,1.164350,1.164530,1.165040,1.163880,1.164110
2017/07/26 11:00:00,1.164350,1.164870,1.163900,1.164750,1.164110,1.164630,1.163660,1.164520
2017/07/26 11:30:00,1.164750,1.165110,1.164290,1.164410,1.164520,1.164900,1.164050,1.164170
2017/07/26 12:00:00,1.164410,1.164960,1.163960,1.164480,1.164170,1.164720,1.163720,1.164250
2017/07/26 12:30:00,1.164480,1.164720,1.164030,1.164240,1.164250,1.164480,1.163790,1.164000
2017/07/26 13:00:00,1.164240,1.165690,1.163530,1.164310,1.164000,1.165450,1.163290,1.164070
2017/07/26 13:30:00,1.164310,1.164490,1.163290,1.163510,1.164070,1.164270,1.163050,1.163230
2017/07/26 14:00:00,1.163510,1.163620,1.162300,1.162580,1.163230,1.163350,1.162080,1.162340
2017/07/26 14:30:00,1.162580,1.164050,1.162470,1.163130,1.162340,1.163810,1.162240,1.162890
2017/07/26 15:00:00,1.163130,1.164100,1.162950,1.163650,1.162890,1.163860,1.162710,1.163420
2017/07/26 15:30:00,1.163650,1.163890,1.162750,1.163340,1.163420,1.163660,1.162500,1.163110
2017/07/26 16:00:00,1.163340,1.163890,1.162940,1.163190,1.163110,1.163650,1.162690,1.162940
2017/07/26 16:30:00,1.163190,1.163380,1.162660,1.162770,1.162940,1.163140,1.162430,1.162550
2017/07/26 17:00:00,1.162770,1.163590,1.162760,1.163550,1.162550,1.163360,1.162540,1.163300
2017/07/26 17:30:00,1.163550,1.165480,1.163480,1.165060,1.163300,1.165240,1.163250,1.164430
2017/07/26 18:00:00,1.165060,1.170950,1.163000,1.169960,1.164430,1.170670,1.162650,1.169710
2017/07/26 18:30:00,1.169960,1.170830,1.168700,1.170540,1.169710,1.170590,1.168470,1.170310
2017/07/26 19:00:00,1.170540,1.174130,1.170540,1.173120,1.170310,1.173880,1.170310,1.172880
2017/07/26 19:30:00,1.173120,1.173170,1.172120,1.172300,1.172880,1.172940,1.171880,1.172060
2017/07/26 20:00:00,1.172300,1.173070,1.172160,1.172470,1.172060,1.172830,1.171920,1.172220
2017/07/26 20:30:00,1.172470,1.174200,1.172400,1.173760,1.172220,1.173810,1.172170,1.173240
2017/07/26 21:00:00,1.173760,1.174490,1.173410,1.174430,1.173240,1.174180,1.173100,1.174130
2017/07/26 21:30:00,1.174430,1.174990,1.174260,1.174880,1.174130,1.174670,1.173900,1.174590
2017/07/26 22:00:00,1.174880,1.174980,1.174030,1.174060,1.174590,1.174660,1.173780,1.173790
2017/07/26 22:30:00,1.174060,1.174060,1.173390,1.173580,1.173790,1.173810,1.173150,1.173310
2017/07/26 23:00:00,1.173580,1.173600,1.172790,1.173030,1.173310,1.173320,1.172570,1.172790
2017/07/26 23:30:00,1.173030,1.173300,1.172870,1.173280,1.172790,1.173060,1.172620,1.173030
2017/07/27 00:00:00,1.173280,1.174060,1.172890,1.172940,1.173030,1.173810,1.172640,1.172700
2017/07/27 00:30:00,1.172940,1.173410,1.172650,1.173080,1.172700,1.173180,1.172400,1.172830
2017/07/27 01:00:00,1.173080,1.173180,1.172260,1.172770,1.172830,1.172950,1.172030,1.172540
2017/07/27 01:30:00,1.172770,1.174380,1.172620,1.174140,1.172540,1.174140,1.172390,1.173890
2017/07/27 02:00:00,1.174140,1.174470,1.173840,1.173980,1.173890,1.174240,1.173600,1.173740
2017/07/27 02:30:00,1.173980,1.174760,1.173850,1.174740,1.173740,1.174510,1.173610,1.174490
2017/07/27 03:00:00,1.174740,1.174900,1.174360,1.174430,1.174490,1.174660,1.174110,1.174190
2017/07/27 03:30:00,1.174430,1.177820,1.174380,1.175740,1.174190,1.177570,1.174150,1.175510
2017/07/27 04:00:00,1.175740,1.176280,1.175450,1.176110,1.175510,1.176040,1.175200,1.175860
2017/07/27 04:30:00,1.176110,1.176350,1.174710,1.175030,1.175860,1.176120,1.174460,1.174800
2017/07/27 05:00:00,1.175030,1.175260,1.174410,1.174770,1.174800,1.175030,1.174190,1.174520
2017/07/27 05:30:00,1.174770,1.174930,1.173620,1.174070,1.174520,1.174700,1.173380,1.173810
2017/07/27 06:00:00,1.174070,1.174890,1.172890,1.174100,1.173810,1.174650,1.172650,1.173850
2017/07/27 06:30:00,1.174100,1.174150,1.172840,1.173060,1.173850,1.173910,1.172610,1.172820
2017/07/27 07:00:00,1.173060,1.173500,1.171590,1.171850,1.172820,1.173260,1.171350,1.171610
2017/07/27 07:30:00,1.171850,1.172820,1.171630,1.172480,1.171610,1.172590,1.171400,1.172250
2017/07/27 08:00:00,1.172480,1.172760,1.171330,1.172250,1.172250,1.172520,1.171100,1.172030
2017/07/27 08:30:00,1.172250,1.173200,1.172110,1.172960,1.172030,1.172970,1.171870,1.172720
2017/07/27 09:00:00,1.172960,1.173480,1.172120,1.172320,1.172720,1.173240,1.171900,1.172080
2017/07/27 09:30:00,1.172320,1.173120,1.171870,1.172140,1.172080,1.172880,1.171640,1.171900
2017/07/27 10:00:00,1.172140,1.172260,1.170690,1.171870,1.171900,1.172020,1.170430,1.171640
2017/07/27 10:30:00,1.171870,1.171870,1.170440,1.170610,1.171640,1.171640,1.170200,1.170370
2017/07/27 11:00:00,1.170610,1.171440,1.170340,1.170620,1.170370,1.171190,1.170100,1.170390
2017/07/27 11:30:00,1.170620,1.171120,1.168850,1.169440,1.170390,1.170910,1.168610,1.169190
2017/07/27 12:00:00,1.169440,1.170050,1.169110,1.170000,1.169190,1.169810,1.168890,1.169740
2017/07/27 12:30:00,1.170000,1.170660,1.169090,1.169810,1.169740,1.170430,1.168840,1.169560
2017/07/27 13:00:00,1.169810,1.170390,1.169140,1.169710,1.169560,1.170160,1.168900,1.169470
2017/07/27 13:30:00,1.169710,1.170630,1.169480,1.170610,1.169470,1.170390,1.169250,1.170370
2017/07/27 14:00:00,1.170610,1.170740,1.168560,1.168580,1.170370,1.170500,1.168320,1.168330
2017/07/27 14:30:00,1.168580,1.169070,1.166370,1.166680,1.168330,1.168840,1.166150,1.166440
2017/07/27 15:00:00,1.166680,1.167970,1.166640,1.166670,1.166440,1.167750,1.166400,1.166430
2017/07/27 15:30:00,1.166670,1.166730,1.165540,1.165630,1.166430,1.166490,1.165300,1.165390
2017/07/27 16:00:00,1.165630,1.166320,1.165140,1.165610,1.165390,1.166090,1.164900,1.165360
2017/07/27 16:30:00,1.165610,1.167010,1.165510,1.166570,1.165360,1.166780,1.165270,1.166330
2017/07/27 17:00:00,1.166570,1.167110,1.166080,1.167020,1.166330,1.166880,1.165850,1.166780
2017/07/27 17:30:00,1.167020,1.168100,1.166440,1.167590,1.166780,1.167870,1.166200,1.167350
2017/07/27 18:00:00,1.167590,1.168790,1.166650,1.168770,1.167350,1.168560,1.166390,1.168510
2017/07/27 18:30:00,1.168770,1.169000,1.168240,1.168450,1.168510,1.168770,1.168000,1.168200
2017/07/27 19:00:00,1.168450,1.168520,1.167320,1.167490,1.168200,1.168280,1.167090,1.167240
2017/07/27 19:30:00,1.167490,1.168060,1.167440,1.167720,1.167240,1.167820,1.167210,1.167500
2017/07/27 20:00:00,1.167720,1.168060,1.167220,1.167800,1.167500,1.167810,1.166970,1.167550
2017/07/27 20:30:00,1.167800,1.167970,1.167450,1.167970,1.167550,1.167700,1.167200,1.167400
2017/07/27 21:00:00,1.167970,1.168100,1.167830,1.168030,1.167400,1.167770,1.167360,1.167560
2017/07/27 21:30:00,1.168030,1.168130,1.167560,1.167670,1.167560,1.167710,1.167000,1.167390
2017/07/27 22:00:00,1.167670,1.168390,1.167650,1.168320,1.167390,1.168130,1.167380,1.168070
2017/07/27 22:30:00,1.168320,1.168990,1.168240,1.168550,1.168070,1.168730,1.167980,1.168290
2017/07/27 23:00:00,1.168550,1.168680,1.168250,1.168350,1.168290,1.168440,1.168010,1.168110
2017/07/27 23:30:00,1.168350,1.169280,1.168280,1.169100,1.168110,1.169030,1.168050,1.168850
2017/07/28 00:00:00,1.169100,1.169360,1.168700,1.168940,1.168850,1.169130,1.168460,1.168690
2017/07/28 00:30:00,1.168940,1.168970,1.167240,1.167740,1.168690,1.168720,1.167000,1.167480
2017/07/28 01:00:00,1.167740,1.168310,1.167250,1.167840,1.167480,1.168060,1.167000,1.167600
2017/07/28 01:30:00,1.167840,1.168580,1.167830,1.168510,1.167600,1.168330,1.167590,1.168260
2017/07/28 02:00:00,1.168510,1.168780,1.168170,1.168670,1.168260,1.168540,1.167930,1.168430
2017/07/28 02:30:00,1.168670,1.169420,1.168570,1.169420,1.168430,1.169180,1.168350,1.169180
2017/07/28 03:00:00,1.169420,1.169520,1.168550,1.168790,1.169180,1.169280,1.168320,1.168550
2017/07/28 03:30:00,1.168790,1.168870,1.168440,1.168470,1.168550,1.168630,1.168200,1.168230
2017/07/28 04:00:00,1.168470,1.168950,1.168300,1.168850,1.168230,1.168700,1.168070,1.168610
2017/07/28 04:30:00,1.168850,1.168960,1.168500,1.168640,1.168610,1.168720,1.168270,1.168410
2017/07/28 05:00:00,1.168640,1.169490,1.168640,1.169240,1.168410,1.169260,1.168410,1.169000
2017/07/28 05:30:00,1.169240,1.169740,1.169200,1.169520,1.169000,1.169490,1.168960,1.169280
2017/07/28 06:00:00,1.169520,1.170260,1.169270,1.169390,1.169280,1.170010,1.169030,1.169150
2017/07/28 06:30:00,1.169390,1.170000,1.168880,1.169850,1.169150,1.169770,1.168640,1.169600
2017/07/28 07:00:00,1.169850,1.171670,1.169800,1.169860,1.169600,1.171440,1.169550,1.169610
2017/07/28 07:30:00,1.169860,1.170360,1.169250,1.169780,1.169610,1.170120,1.169030,1.169550
2017/07/28 08:00:00,1.169780,1.170890,1.169770,1.170320,1.169550,1.170650,1.169530,1.170080
2017/07/28 08:30:00,1.170320,1.170880,1.170000,1.170720,1.170080,1.170640,1.169770,1.170480
2017/07/28 09:00:00,1.170720,1.171800,1.170660,1.171080,1.170480,1.171570,1.170420,1.170840
2017/07/28 09:30:00,1.171080,1.171930,1.170700,1.171740,1.170840,1.171680,1.170470,1.171500
2017/07/28 10:00:00,1.171740,1.172310,1.170960,1.170980,1.171500,1.172080,1.170720,1.170730
2017/07/28 10:30:00,1.170980,1.171150,1.170560,1.170820,1.170730,1.170910,1.170330,1.170580
2017/07/28 11:00:00,1.170820,1.171870,1.170570,1.171580,1.170580,1.171640,1.170330,1.171340
2017/07/28 11:30:00,1.171580,1.172510,1.171210,1.172000,1.171340,1.172270,1.170980,1.171740
2017/07/28 12:00:00,1.172000,1.173300,1.171960,1.172500,1.171740,1.173060,1.171720,1.172110
2017/07/28 12:30:00,1.172500,1.175470,1.171610,1.171760,1.172110,1.175200,1.171360,1.171510
2017/07/28 13:00:00,1.171760,1.173370,1.171630,1.172750,1.171510,1.173130,1.171380,1.172520
2017/07/28 13:30:00,1.172750,1.173410,1.172210,1.172970,1.172520,1.173170,1.171980,1.172670
2017/07/28 14:00:00,1.172970,1.174380,1.172820,1.173900,1.172670,1.174130,1.172570,1.173650
2017/07/28 14:30:00,1.173900,1.175530,1.173700,1.174860,1.173650,1.175280,1.173460,1.174620
2017/07/28 15:00:00,1.174860,1.176510,1.174260,1.175680,1.174620,1.176290,1.174030,1.175440
2017/07/28 15:30:00,1.175680,1.176530,1.175190,1.175630,1.175440,1.176300,1.174950,1.175400
2017/07/28 16:00:00,1.175630,1.175760,1.174600,1.174930,1.175400,1.175520,1.174370,1.174700
2017/07/28 16:30:00,1.174930,1.175000,1.173930,1.174180,1.174700,1.174760,1.173680,1.173950
2017/07/28 17:00:00,1.174180,1.175150,1.174180,1.174760,1.173950,1.174930,1.173940,1.174520
2017/07/28 17:30:00,1.174760,1.174970,1.174550,1.174820,1.174520,1.174740,1.174310,1.174590
2017/07/28 18:00:00,1.174820,1.175550,1.174450,1.175540,1.174590,1.175320,1.174210,1.175310
2017/07/28 18:30:00,1.175540,1.176370,1.175160,1.176270,1.175310,1.176120,1.174910,1.176020
2017/07/28 19:00:00,1.176270,1.176370,1.175410,1.175540,1.176020,1.176120,1.175170,1.175290
2017/07/28 19:30:00,1.175540,1.176040,1.175410,1.176000,1.175290,1.175810,1.175160,1.175750
2017/07/28 20:00:00,1.176000,1.176090,1.175220,1.175500,1.175750,1.175840,1.174990,1.175270
2017/07/28 20:30:00,1.175500,1.175930,1.175110,1.175130,1.175270,1.175660,1.174620,1.174810
2017/07/30 19:00:00,1.175130,1.175830,1.174090,1.175270,1.174810,1.175040,1.173430,1.174640
2017/07/30 19:30:00,1.175270,1.175490,1.175270,1.175490,1.174640,1.174640,1.174430,1.174430
2017/07/30 20:00:00,1.175490,1.175490,1.174900,1.175290,1.174430,1.174450,1.174200,1.174280
2017/07/30 20:30:00,1.175290,1.175290,1.175210,1.175230,1.174280,1.174470,1.174280,1.174470
2017/07/30 21:00:00,1.175230,1.176100,1.175230,1.175470,1.174470,1.175540,1.174470,1.175050
2017/07/30 21:30:00,1.175470,1.175800,1.175170,1.175720,1.175050,1.175220,1.174470,1.175160
2017/07/30 22:00:00,1.175720,1.175950,1.175170,1.175350,1.175160,1.175500,1.174570,1.174890
2017/07/30 22:30:00,1.175350,1.176360,1.175210,1.176110,1.174890,1.176030,1.174850,1.175830
2017/07/30 23:00:00,1.176110,1.176140,1.175260,1.175360,1.175830,1.175880,1.175040,1.175120
2017/07/30 23:30:00,1.175360,1.175460,1.174670,1.174820,1.175120,1.175200,1.174420,1.174580
2017/07/31 00:00:00,1.174820,1.174870,1.173580,1.174070,1.174580,1.174640,1.173330,1.173820
2017/07/31 00:30:00,1.174070,1.175810,1.173960,1.174420,1.173820,1.174900,1.173720,1.174170
2017/07/31 01:00:00,1.174420,1.174680,1.173900,1.174670,1.174170,1.174430,1.173660,1.174430
2017/07/31 01:30:00,1.174670,1.174730,1.174010,1.174090,1.174430,1.174490,1.173770,1.173860
2017/07/31 02:00:00,1.174090,1.174500,1.174000,1.174040,1.173860,1.174270,1.173750,1.173810
2017/07/31 02:30:00,1.174040,1.174220,1.173650,1.173670,1.173810,1.173980,1.173410,1.173420
2017/07/31 03:00:00,1.173670,1.173740,1.173300,1.173530,1.173420,1.173510,1.173070,1.173290
2017/07/31 03:30:00,1.173530,1.173890,1.173270,1.173370,1.173290,1.173650,1.173040,1.173120
2017/07/31 04:00:00,1.173370,1.173630,1.173260,1.173600,1.173120,1.173390,1.173020,1.173360
2017/07/31 04:30:00,1.173600,1.173800,1.173400,1.173770,1.173360,1.173560,1.173170,1.173540
2017/07/31 05:00:00,1.173770,1.174040,1.173700,1.173780,1.173540,1.173810,1.173450,1.173540
2017/07/31 05:30:00,1.173780,1.174890,1.173270,1.174700,1.173540,1.174640,1.173040,1.174460
2017/07/31 06:00:00,1.174700,1.174830,1.172650,1.173110,1.174460,1.174570,1.172400,1.172880
2017/07/31 06:30:00,1.173110,1.173990,1.172560,1.173880,1.172880,1.173750,1.172330,1.173630
2017/07/31 07:00:00,1.173880,1.173950,1.173210,1.173410,1.173630,1.173730,1.172970,1.173160
2017/07/31 07:30:00,1.173410,1.173860,1.172440,1.172600,1.173160,1.173630,1.172210,1.172370
2017/07/31 08:00:00,1.172600,1.173020,1.172500,1.172580,1.172370,1.172770,1.172260,1.172330
2017/07/31 08:30:00,1.172580,1.173550,1.172460,1.173380,1.172330,1.173320,1.172230,1.173130
2017/07/31 09:00:00,1.173380,1.174580,1.173330,1.173710,1.173130,1.174350,1.173050,1.173480
2017/07/31 09:30:00,1.173710,1.173930,1.172890,1.173530,1.173480,1.173690,1.172650,1.173290
2017/07/31 10:00:00,1.173530,1.173880,1.173120,1.173470,1.173290,1.173650,1.172880,1.173230
2017/07/31 10:30:00,1.173470,1.173600,1.173110,1.173280,1.173230,1.173370,1.172890,1.173030
2017/07/31 11:00:00,1.173280,1.173610,1.173150,1.173340,1.173030,1.173390,1.172940,1.173100
2017/07/31 11:30:00,1.173340,1.173590,1.172670,1.172890,1.173100,1.173350,1.172440,1.172660
2017/07/31 12:00:00,1.172890,1.173470,1.172460,1.172860,1.172660,1.173250,1.172210,1.172630
2017/07/31 12:30:00,1.172860,1.173650,1.172750,1.173490,1.172630,1.173420,1.172520,1.173260
2017/07/31 13:00:00,1.173490,1.174900,1.173280,1.174530,1.173260,1.174650,1.173040,1.174280
2017/07/31 13:30:00,1.174530,1.175270,1.173930,1.175010,1.174280,1.175040,1.173690,1.174720
2017/07/31 14:00:00,1.175010,1.176080,1.174740,1.175740,1.174720,1.175840,1.174500,1.175490
2017/07/31 14:30:00,1.175740,1.179210,1.175000,1.179050,1.175490,1.178960,1.174760,1.178820
2017/07/31 15:00:00,1.179050,1.179890,1.178510,1.178610,1.178820,1.179650,1.178260,1.178360
2017/07/31 15:30:00,1.178610,1.183180,1.178550,1.182730,1.178360,1.182930,1.178310,1.182470
2017/07/31 16:00:00,1.182730,1.183350,1.181280,1.181460,1.182470,1.183120,1.181050,1.181250
2017/07/31 16:30:00,1.181460,1.182030,1.180680,1.181200,1.181250,1.181790,1.180440,1.180970
2017/07/31 17:00:00,1.181200,1.182160,1.180940,1.181640,1.180970,1.181910,1.180700,1.181410
2017/07/31 17:30:00,1.181640,1.182870,1.181540,1.181540,1.181410,1.182630,1.181290,1.181290
2017/07/31 18:00:00,1.181540,1.183170,1.181440,1.182640,1.181290,1.182950,1.181190,1.182390
2017/07/31 18:30:00,1.182640,1.183670,1.182640,1.183180,1.182390,1.183480,1.182390,1.182950
2017/07/31 19:00:00,1.183180,1.184620,1.182990,1.183030,1.182950,1.184390,1.182780,1.182800
2017/07/31 19:30:00,1.183030,1.183970,1.183010,1.183770,1.182800,1.183740,1.182770,1.183540
2017/07/31 20:00:00,1.183770,1.184540,1.183200,1.183610,1.183540,1.184290,1.182960,1.183370
2017/07/31 20:30:00,1.183610,1.184730,1.183610,1.184280,1.183370,1.184440,1.183370,1.184030
2017/07/31 21:00:00,1.184280,1.184640,1.184140,1.184160,1.184030,1.184330,1.183900,1.183900
2017/07/31 21:30:00,1.184160,1.184400,1.183690,1.183710,1.183900,1.184020,1.183420,1.183450
2017/07/31 22:00:00,1.183710,1.183800,1.183130,1.183240,1.183450,1.183550,1.182880,1.182980
2017/07/31 22:30:00,1.183240,1.183320,1.183070,1.183220,1.182980,1.183090,1.182810,1.182970
2017/07/31 23:00:00,1.183220,1.183280,1.182170,1.182180,1.182970,1.183030,1.181930,1.181950
2017/07/31 23:30:00,1.182180,1.183360,1.182180,1.182220,1.181950,1.183130,1.181940,1.181970
