StartDate,AskOpen,AskHigh,AskLow,AskClose,BidOpen,BidHigh,BidLow,BidClose
2017/04/02 19:00:00,1.066120,1.066610,1.066120,1.066380,1.065570,1.066070,1.065300,1.065820
2017/04/02 19:30:00,1.066380,1.066940,1.066380,1.066680,1.065820,1.066320,1.065700,1.066120
2017/04/02 20:00:00,1.066680,1.066910,1.066610,1.066810,1.066120,1.066220,1.065900,1.065900
2017/04/02 20:30:00,1.066810,1.066850,1.066310,1.066710,1.065900,1.066100,1.065450,1.065800
2017/04/02 21:00:00,1.066710,1.066820,1.066480,1.066630,1.065800,1.066100,1.065730,1.065970
2017/04/02 21:30:00,1.066630,1.066920,1.066260,1.066310,1.065970,1.066270,1.065640,1.065690
2017/04/02 22:00:00,1.066310,1.066880,1.066250,1.066770,1.065690,1.066470,1.065610,1.066400
2017/04/02 22:30:00,1.066770,1.067330,1.066730,1.067280,1.066400,1.067050,1.066330,1.067000
2017/04/02 23:00:00,1.067280,1.067490,1.067160,1.067220,1.067000,1.067250,1.066930,1.066980
2017/04/02 23:30:00,1.067220,1.067270,1.066890,1.067060,1.066980,1.067010,1.066640,1.066810
2017/04/03 00:00:00,1.067060,1.068020,1.066850,1.067700,1.066810,1.067770,1.066610,1.067450
2017/04/03 00:30:00,1.067700,1.067900,1.067260,1.067420,1.067450,1.067670,1.067010,1.067180
2017/04/03 01:00:00,1.067420,1.067810,1.067380,1.067620,1.067180,1.067570,1.067140,1.067380
2017/04/03 01:30:00,1.067620,1.067980,1.067550,1.067780,1.067380,1.067740,1.067260,1.067530
2017/04/03 02:00:00,1.067780,1.068020,1.067720,1.067970,1.067530,1.067780,1.067480,1.067730
2017/04/03 02:30:00,1.067970,1.068210,1.067910,1.068000,1.067730,1.067970,1.067680,1.067770
2017/04/03 03:00:00,1.068000,1.068120,1.067910,1.067950,1.067770,1.067870,1.067670,1.067710
2017/04/03 03:30:00,1.067950,1.068170,1.067930,1.068010,1.067710,1.067940,1.067700,1.067780
2017/04/03 04:00:00,1.068010,1.068040,1.067790,1.067920,1.067780,1.067820,1.067550,1.067680
2017/04/03 04:30:00,1.067920,1.068180,1.067910,1.068080,1.067680,1.067930,1.067670,1.067830
2017/04/03 05:00:00,1.068080,1.068250,1.067900,1.068050,1.067830,1.068000,1.067660,1.067810
2017/04/03 05:30:00,1.068050,1.068190,1.067830,1.067970,1.067810,1.067940,1.067600,1.067730
2017/04/03 06:00:00,1.067970,1.067970,1.066900,1.067160,1.067730,1.067730,1.066640,1.066910
2017/04/03 06:30:00,1.067160,1.067490,1.066490,1.067160,1.066910,1.067250,1.066240,1.066910
2017/04/03 07:00:00,1.067160,1.067640,1.066540,1.066700,1.066910,1.067410,1.066290,1.066460
2017/04/03 07:30:00,1.066700,1.067100,1.066010,1.066810,1.066460,1.066860,1.065780,1.066560
2017/04/03 08:00:00,1.066810,1.067510,1.066700,1.067290,1.066560,1.067280,1.066450,1.067050
2017/04/03 08:30:00,1.067290,1.067550,1.066910,1.067330,1.067050,1.067290,1.066640,1.067060
2017/04/03 09:00:00,1.067330,1.067450,1.066560,1.066710,1.067060,1.067190,1.066320,1.066460
2017/04/03 09:30:00,1.066710,1.066810,1.066100,1.066400,1.066460,1.066570,1.065860,1.066160
2017/04/03 10:00:00,1.066400,1.066580,1.065430,1.065640,1.066160,1.066330,1.065190,1.065400
2017/04/03 10:30:00,1.065640,1.065970,1.065560,1.065610,1.065400,1.065720,1.065320,1.065380
2017/04/03 11:00:00,1.065610,1.065660,1.065130,1.065440,1.065380,1.065440,1.064900,1.065190
2017/04/03 11:30:00,1.065440,1.066080,1.065080,1.065680,1.065190,1.065840,1.064850,1.065440
2017/04/03 12:00:00,1.065680,1.066630,1.065490,1.066610,1.065440,1.066400,1.065260,1.066370
2017/04/03 12:30:00,1.066610,1.067070,1.066350,1.066370,1.066370,1.066810,1.066110,1.066130
2017/04/03 13:00:00,1.066370,1.066600,1.065860,1.066500,1.066130,1.066360,1.065620,1.066260
2017/04/03 13:30:00,1.066500,1.066810,1.066300,1.066470,1.066260,1.066570,1.065950,1.066210
2017/04/03 14:00:00,1.066470,1.068110,1.066140,1.067330,1.066210,1.067860,1.065860,1.067090
2017/04/03 14:30:00,1.067330,1.067440,1.065230,1.065510,1.067090,1.067200,1.064990,1.065260
2017/04/03 15:00:00,1.065510,1.065640,1.064370,1.065490,1.065260,1.065410,1.064120,1.065240
2017/04/03 15:30:00,1.065490,1.065850,1.065130,1.065610,1.065240,1.065600,1.064890,1.065370
2017/04/03 16:00:00,1.065610,1.066530,1.065560,1.065800,1.065370,1.066290,1.065310,1.065550
2017/04/03 16:30:00,1.065800,1.066640,1.065720,1.066240,1.065550,1.066400,1.065480,1.066000
2017/04/03 17:00:00,1.066240,1.067300,1.066090,1.066950,1.066000,1.066980,1.065860,1.066710
2017/04/03 17:30:00,1.066950,1.067220,1.066790,1.066920,1.066710,1.066980,1.066550,1.066680
2017/04/03 18:00:00,1.066920,1.067420,1.066740,1.066840,1.066680,1.067160,1.066520,1.066590
2017/04/03 18:30:00,1.066840,1.066970,1.066430,1.066770,1.066590,1.066730,1.066200,1.066520
2017/04/03 19:00:00,1.066770,1.066840,1.066380,1.066620,1.066520,1.066610,1.066140,1.066380
2017/04/03 19:30:00,1.066620,1.067400,1.066620,1.067360,1.066380,1.067170,1.066380,1.067130
2017/04/03 20:00:00,1.067360,1.067750,1.067080,1.067290,1.067130,1.067510,1.066820,1.067060
2017/04/03 20:30:00,1.067290,1.067600,1.067090,1.067090,1.067060,1.067370,1.066810,1.066810
2017/04/03 21:00:00,1.067090,1.067140,1.066880,1.067000,1.066810,1.066930,1.066570,1.066720
2017/04/03 21:30:00,1.067000,1.067120,1.066900,1.066930,1.066720,1.066820,1.066630,1.066670
2017/04/03 22:00:00,1.066930,1.067180,1.066790,1.066810,1.066670,1.066920,1.066440,1.066540
2017/04/03 22:30:00,1.066810,1.066990,1.066760,1.066820,1.066540,1.066740,1.066500,1.066570
2017/04/03 23:00:00,1.066820,1.067150,1.066790,1.066900,1.066570,1.066880,1.066550,1.066650
2017/04/03 23:30:00,1.066900,1.067150,1.066680,1.067090,1.066650,1.066920,1.066430,1.066860
2017/04/04 00:00:00,1.067090,1.067490,1.066950,1.067370,1.066860,1.067250,1.066710,1.067130
2017/04/04 00:30:00,1.067370,1.067450,1.066860,1.067050,1.067130,1.067220,1.066610,1.066810
2017/04/04 01:00:00,1.067050,1.067070,1.066550,1.066720,1.066810,1.066820,1.066320,1.066480
2017/04/04 01:30:00,1.066720,1.067300,1.066720,1.067060,1.066480,1.067090,1.066470,1.066820
2017/04/04 02:00:00,1.067060,1.067320,1.067000,1.067060,1.066820,1.067070,1.066770,1.066820
2017/04/04 02:30:00,1.067060,1.067110,1.066520,1.066540,1.066820,1.066870,1.066270,1.066300
2017/04/04 03:00:00,1.066540,1.066780,1.066440,1.066770,1.066300,1.066530,1.066200,1.066520
2017/04/04 03:30:00,1.066770,1.067070,1.066750,1.066940,1.066520,1.066840,1.066500,1.066710
2017/04/04 04:00:00,1.066940,1.067220,1.066720,1.067130,1.066710,1.066990,1.066480,1.066880
2017/04/04 04:30:00,1.067130,1.067250,1.066860,1.067220,1.066880,1.067010,1.066600,1.066970
2017/04/04 05:00:00,1.067220,1.067600,1.066750,1.066860,1.066970,1.067340,1.066500,1.066620
2017/04/04 05:30:00,1.066860,1.067370,1.066540,1.066600,1.066620,1.067130,1.066300,1.066360
2017/04/04 06:00:00,1.066600,1.066630,1.065750,1.066020,1.066360,1.066380,1.065500,1.065780
2017/04/04 06:30:00,1.066020,1.066220,1.065350,1.065930,1.065780,1.065970,1.065100,1.065700
2017/04/04 07:00:00,1.065930,1.066110,1.065220,1.065920,1.065700,1.065860,1.064950,1.065680
2017/04/04 07:30:00,1.065920,1.065980,1.064570,1.065200,1.065680,1.065730,1.064320,1.064970
2017/04/04 08:00:00,1.065200,1.066120,1.065150,1.066000,1.064970,1.065880,1.064890,1.065770
2017/04/04 08:30:00,1.066000,1.066320,1.065590,1.066220,1.065770,1.066080,1.065350,1.065980
2017/04/04 09:00:00,1.066220,1.066420,1.065330,1.065450,1.065980,1.066190,1.065100,1.065210
2017/04/04 09:30:00,1.065450,1.066240,1.065120,1.065720,1.065210,1.065970,1.064890,1.065470
2017/04/04 10:00:00,1.065720,1.066110,1.065410,1.065570,1.065470,1.065870,1.065170,1.065330
2017/04/04 10:30:00,1.065570,1.065600,1.063700,1.064330,1.065330,1.065360,1.063350,1.064090
2017/04/04 11:00:00,1.064330,1.065040,1.064290,1.064750,1.064090,1.064800,1.064070,1.064510
2017/04/04 11:30:00,1.064750,1.065490,1.064600,1.064860,1.064510,1.065250,1.064370,1.064620
2017/04/04 12:00:00,1.064860,1.065750,1.064840,1.065430,1.064620,1.065510,1.064600,1.065060
2017/04/04 12:30:00,1.065430,1.065990,1.065270,1.065650,1.065060,1.065750,1.064980,1.065400
2017/04/04 13:00:00,1.065650,1.066120,1.065230,1.066050,1.065400,1.065870,1.064990,1.065800
2017/04/04 13:30:00,1.066050,1.066100,1.064800,1.065360,1.065800,1.065860,1.064580,1.065070
2017/04/04 14:00:00,1.065360,1.065750,1.064930,1.065290,1.065070,1.065490,1.064690,1.065050
2017/04/04 14:30:00,1.065290,1.066600,1.065150,1.066520,1.065050,1.066330,1.064910,1.066270
2017/04/04 15:00:00,1.066520,1.066890,1.066020,1.066760,1.066270,1.066630,1.065780,1.066510
2017/04/04 15:30:00,1.066760,1.066870,1.066240,1.066410,1.066510,1.066630,1.066000,1.066170
2017/04/04 16:00:00,1.066410,1.066640,1.066140,1.066550,1.066170,1.066400,1.065890,1.066320
2017/04/04 16:30:00,1.066550,1.066960,1.065940,1.066170,1.066320,1.066710,1.065700,1.065930
2017/04/04 17:00:00,1.066170,1.066470,1.065040,1.065050,1.065930,1.066230,1.064810,1.064830
2017/04/04 17:30:00,1.065050,1.066190,1.064950,1.066180,1.064830,1.065950,1.064710,1.065930
2017/04/04 18:00:00,1.066180,1.066410,1.065840,1.066350,1.065930,1.066170,1.065610,1.066120
2017/04/04 18:30:00,1.066350,1.067030,1.066350,1.066940,1.066120,1.066780,1.066110,1.066700
2017/04/04 19:00:00,1.066940,1.067440,1.066900,1.067160,1.066700,1.067200,1.066650,1.066910
2017/04/04 19:30:00,1.067160,1.067280,1.066770,1.066860,1.066910,1.067030,1.066530,1.066610
2017/04/04 20:00:00,1.066860,1.067370,1.066710,1.067370,1.066610,1.067130,1.066470,1.067120
2017/04/04 20:30:00,1.067370,1.067880,1.067300,1.067470,1.067120,1.067610,1.067020,1.067020
2017/04/04 21:00:00,1.067470,1.067910,1.067210,1.067680,1.067020,1.067610,1.066710,1.067430
2017/04/04 21:30:00,1.067680,1.068440,1.067530,1.068040,1.067430,1.068170,1.067240,1.067750
2017/04/04 22:00:00,1.068040,1.068700,1.068010,1.068340,1.067750,1.068400,1.067690,1.068080
2017/04/04 22:30:00,1.068340,1.068390,1.067830,1.068070,1.068080,1.068130,1.067550,1.067810
2017/04/04 23:00:00,1.068070,1.068070,1.067760,1.067860,1.067810,1.067810,1.067510,1.067620
2017/04/04 23:30:00,1.067860,1.068280,1.067790,1.067930,1.067620,1.068030,1.067550,1.067690
2017/04/05 00:00:00,1.067930,1.068460,1.067910,1.068200,1.067690,1.068210,1.067670,1.067950
2017/04/05 00:30:00,1.068200,1.068200,1.067940,1.068090,1.067950,1.067960,1.067710,1.067860
2017/04/05 01:00:00,1.068090,1.068310,1.067990,1.068210,1.067860,1.068070,1.067750,1.067960
2017/04/05 01:30:00,1.068210,1.068320,1.067950,1.068100,1.067960,1.068070,1.067710,1.067850
2017/04/05 02:00:00,1.068100,1.068170,1.067970,1.068010,1.067850,1.067930,1.067730,1.067770
2017/04/05 02:30:00,1.068010,1.068070,1.067830,1.067880,1.067770,1.067840,1.067590,1.067630
2017/04/05 03:00:00,1.067880,1.067920,1.067650,1.067870,1.067630,1.067680,1.067400,1.067620
2017/04/05 03:30:00,1.067870,1.067980,1.067790,1.067880,1.067620,1.067740,1.067560,1.067630
2017/04/05 04:00:00,1.067880,1.067930,1.067520,1.067630,1.067630,1.067690,1.067270,1.067390
2017/04/05 04:30:00,1.067630,1.067650,1.067300,1.067530,1.067390,1.067390,1.067050,1.067290
2017/04/05 05:00:00,1.067530,1.067780,1.067380,1.067570,1.067290,1.067520,1.067120,1.067330
2017/04/05 05:30:00,1.067570,1.067630,1.067350,1.067490,1.067330,1.067390,1.067100,1.067230
2017/04/05 06:00:00,1.067490,1.067520,1.066940,1.067200,1.067230,1.067270,1.066690,1.066960
2017/04/05 06:30:00,1.067200,1.068000,1.066960,1.067990,1.066960,1.067760,1.066710,1.067730
2017/04/05 07:00:00,1.067990,1.069030,1.067720,1.068890,1.067730,1.068800,1.067490,1.068660
2017/04/05 07:30:00,1.068890,1.068940,1.067560,1.067680,1.068660,1.068700,1.067310,1.067430
2017/04/05 08:00:00,1.067680,1.067990,1.067100,1.067680,1.067430,1.067760,1.066860,1.067440
2017/04/05 08:30:00,1.067680,1.068120,1.067300,1.067530,1.067440,1.067890,1.067060,1.067290
2017/04/05 09:00:00,1.067530,1.067550,1.066350,1.066620,1.067290,1.067320,1.066110,1.066390
2017/04/05 09:30:00,1.066620,1.067050,1.066370,1.066990,1.066390,1.066810,1.066130,1.066740
2017/04/05 10:00:00,1.066990,1.067110,1.066630,1.066970,1.066740,1.066880,1.066390,1.066740
2017/04/05 10:30:00,1.066970,1.067260,1.066720,1.067140,1.066740,1.067030,1.066480,1.066890
2017/04/05 11:00:00,1.067140,1.067240,1.066560,1.067130,1.066890,1.067000,1.066330,1.066890
2017/04/05 11:30:00,1.067130,1.068770,1.067050,1.068180,1.066890,1.068490,1.066800,1.067930
2017/04/05 12:00:00,1.068180,1.068580,1.065560,1.066730,1.067930,1.068070,1.065300,1.066490
2017/04/05 12:30:00,1.066730,1.067470,1.066210,1.066740,1.066490,1.067220,1.065960,1.066500
2017/04/05 13:00:00,1.066740,1.067060,1.066070,1.066160,1.066500,1.066810,1.065830,1.065910
2017/04/05 13:30:00,1.066160,1.066770,1.065900,1.066580,1.065910,1.066440,1.065660,1.066250
2017/04/05 14:00:00,1.066580,1.067570,1.065790,1.066510,1.066250,1.067260,1.065540,1.066270
2017/04/05 14:30:00,1.066510,1.066970,1.066010,1.066290,1.066270,1.066730,1.065770,1.066060
2017/04/05 15:00:00,1.066290,1.067090,1.066240,1.066450,1.066060,1.066840,1.066020,1.066210
2017/04/05 15:30:00,1.066450,1.066510,1.065330,1.066130,1.066210,1.066270,1.065030,1.065890
2017/04/05 16:00:00,1.066130,1.066180,1.065430,1.065500,1.065890,1.065930,1.065200,1.065260
2017/04/05 16:30:00,1.065500,1.065620,1.064630,1.064800,1.065260,1.065370,1.064380,1.064570
2017/04/05 17:00:00,1.064800,1.065210,1.064680,1.064770,1.064570,1.064970,1.064450,1.064530
2017/04/05 17:30:00,1.064770,1.065350,1.064690,1.065100,1.064530,1.065090,1.064460,1.064780
2017/04/05 18:00:00,1.065100,1.066470,1.063720,1.065820,1.064780,1.066150,1.063140,1.065580
2017/04/05 18:30:00,1.065820,1.067110,1.065790,1.066860,1.065580,1.066830,1.065540,1.066610
2017/04/05 19:00:00,1.066860,1.067790,1.066720,1.067720,1.066610,1.067550,1.066470,1.067490
2017/04/05 19:30:00,1.067720,1.068060,1.067300,1.067930,1.067490,1.067830,1.067060,1.067710
2017/04/05 20:00:00,1.067930,1.068310,1.067250,1.067290,1.067710,1.068050,1.067000,1.067060
2017/04/05 20:30:00,1.067290,1.067400,1.066330,1.066470,1.067060,1.067160,1.066040,1.066050
2017/04/05 21:00:00,1.066470,1.066650,1.066360,1.066550,1.066050,1.066360,1.066050,1.066290
2017/04/05 21:30:00,1.066550,1.067360,1.066340,1.066750,1.066290,1.066950,1.066150,1.066520
2017/04/05 22:00:00,1.066750,1.067140,1.066410,1.067110,1.066520,1.066880,1.066070,1.066850
2017/04/05 22:30:00,1.067110,1.067410,1.066950,1.067020,1.066850,1.067150,1.066670,1.066790
2017/04/05 23:00:00,1.067020,1.067560,1.066830,1.067180,1.066790,1.067310,1.066570,1.066930
2017/04/05 23:30:00,1.067180,1.067540,1.067110,1.067310,1.066930,1.067280,1.066860,1.067070
2017/04/06 00:00:00,1.067310,1.068460,1.067260,1.068290,1.067070,1.068210,1.066990,1.068060
2017/04/06 00:30:00,1.068290,1.068550,1.067750,1.067800,1.068060,1.068300,1.067500,1.067550
2017/04/06 01:00:00,1.067800,1.068160,1.067520,1.068150,1.067550,1.067930,1.067290,1.067920
2017/04/06 01:30:00,1.068150,1.068170,1.067680,1.067880,1.067920,1.067930,1.067440,1.067610
2017/04/06 02:00:00,1.067880,1.068170,1.067580,1.067930,1.067610,1.067930,1.067340,1.067690
2017/04/06 02:30:00,1.067930,1.068140,1.067490,1.067560,1.067690,1.067900,1.067240,1.067330
2017/04/06 03:00:00,1.067560,1.067610,1.067170,1.067490,1.067330,1.067370,1.066950,1.067250
2017/04/06 03:30:00,1.067490,1.067720,1.067480,1.067670,1.067250,1.067470,1.067240,1.067430
2017/04/06 04:00:00,1.067670,1.067670,1.067260,1.067380,1.067430,1.067430,1.067010,1.067160
2017/04/06 04:30:00,1.067380,1.067630,1.067340,1.067590,1.067160,1.067380,1.067110,1.067360
2017/04/06 05:00:00,1.067590,1.067690,1.067270,1.067400,1.067360,1.067460,1.067040,1.067160
2017/04/06 05:30:00,1.067400,1.067650,1.067340,1.067460,1.067160,1.067410,1.067090,1.067190
2017/04/06 06:00:00,1.067460,1.067970,1.067120,1.067550,1.067190,1.067730,1.066870,1.067310
2017/04/06 06:30:00,1.067550,1.068180,1.067290,1.067800,1.067310,1.067930,1.067040,1.067550
2017/04/06 07:00:00,1.067800,1.068010,1.063020,1.064270,1.067550,1.067770,1.062780,1.064030
2017/04/06 07:30:00,1.064270,1.064880,1.063850,1.064740,1.064030,1.064600,1.063600,1.064510
2017/04/06 08:00:00,1.064740,1.065710,1.064480,1.065400,1.064510,1.065440,1.064230,1.065160
2017/04/06 08:30:00,1.065400,1.066070,1.065220,1.065930,1.065160,1.065830,1.064990,1.065690
2017/04/06 09:00:00,1.065930,1.066840,1.065820,1.066770,1.065690,1.066610,1.065560,1.066530
2017/04/06 09:30:00,1.066770,1.067210,1.066620,1.066850,1.066530,1.066960,1.066380,1.066610
2017/04/06 10:00:00,1.066850,1.066870,1.066270,1.066540,1.066610,1.066620,1.066030,1.066290
2017/04/06 10:30:00,1.066540,1.067040,1.066210,1.066510,1.066290,1.066790,1.065980,1.066260
2017/04/06 11:00:00,1.066510,1.066960,1.066430,1.066860,1.066260,1.066720,1.066180,1.066610
2017/04/06 11:30:00,1.066860,1.067690,1.065490,1.066090,1.066610,1.067440,1.065210,1.065860
2017/04/06 12:00:00,1.066090,1.067000,1.065950,1.066030,1.065860,1.066760,1.065620,1.065730
2017/04/06 12:30:00,1.066030,1.066400,1.065700,1.066180,1.065730,1.066160,1.065420,1.065940
2017/04/06 13:00:00,1.066180,1.066390,1.065810,1.066190,1.065940,1.066150,1.065570,1.065940
2017/04/06 13:30:00,1.066190,1.066240,1.065440,1.065600,1.065940,1.065990,1.065200,1.065360
2017/04/06 14:00:00,1.065600,1.066430,1.065560,1.066290,1.065360,1.066200,1.065330,1.066040
2017/04/06 14:30:00,1.066290,1.066650,1.065630,1.065950,1.066040,1.066400,1.065380,1.065700
2017/04/06 15:00:00,1.065950,1.066010,1.065000,1.065500,1.065700,1.065770,1.064730,1.065250
2017/04/06 15:30:00,1.065500,1.065500,1.064670,1.065160,1.065250,1.065250,1.064440,1.064920
2017/04/06 16:00:00,1.065160,1.065780,1.064900,1.065430,1.064920,1.065530,1.064650,1.065180
2017/04/06 16:30:00,1.065430,1.065550,1.064830,1.065070,1.065180,1.065300,1.064590,1.064840
2017/04/06 17:00:00,1.065070,1.065990,1.063940,1.063980,1.064840,1.065560,1.063690,1.063750
2017/04/06 17:30:00,1.063980,1.064690,1.063960,1.064690,1.063750,1.064460,1.063720,1.064460
2017/04/06 18:00:00,1.064690,1.064750,1.064290,1.064400,1.064460,1.064510,1.064040,1.064160
2017/04/06 18:30:00,1.064400,1.065100,1.064360,1.064820,1.064160,1.064870,1.064120,1.064590
2017/04/06 19:00:00,1.064820,1.064950,1.064510,1.064750,1.064590,1.064700,1.064270,1.064510
2017/04/06 19:30:00,1.064750,1.064770,1.064280,1.064290,1.064510,1.064530,1.064060,1.064060
2017/04/06 20:00:00,1.064290,1.064440,1.064130,1.064400,1.064060,1.064200,1.063890,1.064160
2017/04/06 20:30:00,1.064400,1.064650,1.064300,1.064620,1.064160,1.064270,1.064070,1.064200
2017/04/06 21:00:00,1.064620,1.064880,1.064340,1.064540,1.064200,1.064590,1.064030,1.064220
2017/04/06 21:30:00,1.064540,1.064540,1.064330,1.064360,1.064220,1.064290,1.064050,1.064110
2017/04/06 22:00:00,1.064360,1.064490,1.064300,1.064400,1.064110,1.064240,1.064040,1.064180
2017/04/06 22:30:00,1.064400,1.064490,1.064210,1.064440,1.064180,1.064230,1.063950,1.064170
2017/04/06 23:00:00,1.064440,1.064650,1.064300,1.064540,1.064170,1.064400,1.064040,1.064340
2017/04/06 23:30:00,1.064540,1.064690,1.064440,1.064530,1.064340,1.064450,1.064200,1.064290
2017/04/07 00:00:00,1.064530,1.064900,1.064280,1.064860,1.064290,1.064660,1.064040,1.064610
2017/04/07 00:30:00,1.064860,1.064910,1.064470,1.064540,1.064610,1.064670,1.064230,1.064300
2017/04/07 01:00:00,1.064540,1.065230,1.063950,1.065090,1.064300,1.064980,1.063660,1.064850
2017/04/07 01:30:00,1.065090,1.065650,1.064780,1.065460,1.064850,1.065410,1.064540,1.065200
2017/04/07 02:00:00,1.065460,1.066170,1.064730,1.064950,1.065200,1.065930,1.064490,1.064700
2017/04/07 02:30:00,1.064950,1.065060,1.064380,1.064560,1.064700,1.064810,1.064150,1.064320
2017/04/07 03:00:00,1.064560,1.064740,1.064330,1.064650,1.064320,1.064500,1.064090,1.064400
2017/04/07 03:30:00,1.064650,1.064760,1.064350,1.064430,1.064400,1.064510,1.064110,1.064180
2017/04/07 04:00:00,1.064430,1.064960,1.064340,1.064860,1.064180,1.064730,1.064100,1.064610
2017/04/07 04:30:00,1.064860,1.064930,1.064600,1.064890,1.064610,1.064690,1.064370,1.064650
2017/04/07 05:00:00,1.064890,1.065150,1.064530,1.064550,1.064650,1.064910,1.064280,1.064330
2017/04/07 05:30:00,1.064550,1.065450,1.064460,1.065430,1.064330,1.065210,1.064230,1.065170
2017/04/07 06:00:00,1.065430,1.065550,1.064720,1.064970,1.065170,1.065300,1.064470,1.064720
2017/04/07 06:30:00,1.064970,1.065080,1.064730,1.064850,1.064720,1.064840,1.064490,1.064600
2017/04/07 07:00:00,1.064850,1.065040,1.063640,1.063910,1.064600,1.064800,1.063400,1.063670
2017/04/07 07:30:00,1.063910,1.064250,1.063340,1.063770,1.063670,1.064010,1.063070,1.063520
2017/04/07 08:00:00,1.063770,1.064270,1.063680,1.063710,1.063520,1.064040,1.063430,1.063460
2017/04/07 08:30:00,1.063710,1.063980,1.063090,1.063350,1.063460,1.063740,1.062770,1.063110
2017/04/07 09:00:00,1.063350,1.063790,1.063150,1.063690,1.063110,1.063540,1.062910,1.063440
2017/04/07 09:30:00,1.063690,1.064170,1.063430,1.063920,1.063440,1.063930,1.063200,1.063670
2017/04/07 10:00:00,1.063920,1.064030,1.063420,1.063610,1.063670,1.063780,1.063190,1.063370
2017/04/07 10:30:00,1.063610,1.063720,1.063100,1.063110,1.063370,1.063470,1.062870,1.062880
2017/04/07 11:00:00,1.063110,1.063190,1.062690,1.063150,1.062880,1.062950,1.062430,1.062900
2017/04/07 11:30:00,1.063150,1.063400,1.062440,1.062460,1.062900,1.063160,1.062180,1.062210
2017/04/07 12:00:00,1.062460,1.064250,1.062380,1.064150,1.062210,1.063640,1.062140,1.062780
2017/04/07 12:30:00,1.064150,1.067140,1.061170,1.062140,1.062780,1.066590,1.060930,1.061890
2017/04/07 13:00:00,1.062140,1.062590,1.061500,1.062020,1.061890,1.062340,1.061230,1.061780
2017/04/07 13:30:00,1.062020,1.063530,1.061950,1.063150,1.061780,1.063270,1.061710,1.062910
2017/04/07 14:00:00,1.063150,1.063450,1.062210,1.062860,1.062910,1.063200,1.061970,1.062620
2017/04/07 14:30:00,1.062860,1.063050,1.061400,1.061860,1.062620,1.062800,1.061140,1.061620
2017/04/07 15:00:00,1.061860,1.062240,1.061270,1.061780,1.061620,1.062010,1.060990,1.061540
2017/04/07 15:30:00,1.061780,1.061920,1.061380,1.061600,1.061540,1.061680,1.061140,1.061350
2017/04/07 16:00:00,1.061600,1.061950,1.061100,1.061220,1.061350,1.061710,1.060850,1.060990
2017/04/07 16:30:00,1.061220,1.061270,1.059590,1.059990,1.060990,1.061050,1.059340,1.059750
2017/04/07 17:00:00,1.059990,1.060130,1.059110,1.059510,1.059750,1.059880,1.058840,1.059270
2017/04/07 17:30:00,1.059510,1.059770,1.058270,1.058640,1.059270,1.059520,1.058030,1.058380
2017/04/07 18:00:00,1.058640,1.058970,1.058180,1.058970,1.058380,1.058730,1.057930,1.058720
2017/04/07 18:30:00,1.058970,1.059100,1.058620,1.059010,1.058720,1.058850,1.058390,1.058770
2017/04/07 19:00:00,1.059010,1.059400,1.058820,1.059350,1.058770,1.059170,1.058560,1.059110
2017/04/07 19:30:00,1.059350,1.059790,1.059140,1.059520,1.059110,1.059530,1.058890,1.059270
2017/04/07 20:00:00,1.059520,1.060410,1.059510,1.059800,1.059270,1.060150,1.059270,1.059550
2017/04/07 20:30:00,1.059800,1.060000,1.059050,1.059320,1.059550,1.059720,1.058810,1.058810
2017/04/09 19:00:00,1.059320,1.059550,1.058940,1.059280,1.058810,1.058810,1.058060,1.058360
2017/04/09 19:30:00,1.059280,1.059300,1.058520,1.058620,1.058360,1.058560,1.057880,1.058110
2017/04/09 20:00:00,1.058620,1.058680,1.058590,1.058620,1.058110,1.058210,1.058110,1.058210
2017/04/09 20:30:00,1.058620,1.059090,1.058620,1.059080,1.058210,1.058470,1.058210,1.058420
2017/04/09 21:00:00,1.059080,1.059220,1.058690,1.058960,1.058420,1.058710,1.058070,1.058510
2017/04/09 21:30:00,1.058960,1.058980,1.058570,1.058620,1.058510,1.058510,1.058080,1.058110
2017/04/09 22:00:00,1.058620,1.058700,1.058330,1.058380,1.058110,1.058440,1.058010,1.058080
2017/04/09 22:30:00,1.058380,1.058470,1.057970,1.058010,1.058080,1.058180,1.057650,1.057740
2017/04/09 23:00:00,1.058010,1.058240,1.057480,1.058070,1.057740,1.057970,1.057150,1.057820
2017/04/09 23:30:00,1.058070,1.058400,1.058020,1.058200,1.057820,1.058150,1.057770,1.057950
2017/04/10 00:00:00,1.058200,1.058470,1.057790,1.058150,1.057950,1.058220,1.057550,1.057920
2017/04/10 00:30:00,1.058150,1.058390,1.057770,1.057820,1.057920,1.058140,1.057530,1.057600
2017/04/10 01:00:00,1.057820,1.058350,1.057740,1.058030,1.057600,1.058100,1.057500,1.057780
2017/04/10 01:30:00,1.058030,1.058680,1.057930,1.057980,1.057780,1.058440,1.057700,1.057730
2017/04/10 02:00:00,1.057980,1.058030,1.057170,1.057690,1.057730,1.057800,1.056910,1.057450
2017/04/10 02:30:00,1.057690,1.057900,1.057610,1.057710,1.057450,1.057650,1.057360,1.057480
2017/04/10 03:00:00,1.057710,1.058120,1.057670,1.058040,1.057480,1.057870,1.057430,1.057790
2017/04/10 03:30:00,1.058040,1.058450,1.057890,1.058340,1.057790,1.058210,1.057630,1.058110
2017/04/10 04:00:00,1.058340,1.058490,1.058070,1.058480,1.058110,1.058240,1.057830,1.058240
2017/04/10 04:30:00,1.058480,1.058830,1.058420,1.058680,1.058240,1.058590,1.058180,1.058440
2017/04/10 05:00:00,1.058680,1.059010,1.058480,1.058910,1.058440,1.058750,1.058240,1.058700
2017/04/10 05:30:00,1.058910,1.059490,1.058890,1.059440,1.058700,1.059250,1.058650,1.059210
2017/04/10 06:00:00,1.059440,1.059530,1.058750,1.058760,1.059210,1.059280,1.058500,1.058510
2017/04/10 06:30:00,1.058760,1.058790,1.058230,1.058390,1.058510,1.058540,1.058000,1.058150
2017/04/10 07:00:00,1.058390,1.058860,1.058240,1.058310,1.058150,1.058610,1.058000,1.058070
2017/04/10 07:30:00,1.058310,1.058870,1.058260,1.058820,1.058070,1.058620,1.058010,1.058570
2017/04/10 08:00:00,1.058820,1.059070,1.058030,1.058180,1.058570,1.058830,1.057790,1.057940
2017/04/10 08:30:00,1.058180,1.058790,1.057870,1.058770,1.057940,1.058550,1.057610,1.058530
2017/04/10 09:00:00,1.058770,1.059000,1.058440,1.058590,1.058530,1.058770,1.058180,1.058350
2017/04/10 09:30:00,1.058590,1.058620,1.057890,1.058040,1.058350,1.058390,1.057650,1.057810
2017/04/10 10:00:00,1.058040,1.058150,1.057650,1.058020,1.057810,1.057920,1.057400,1.057770
2017/04/10 10:30:00,1.058020,1.058180,1.057820,1.057970,1.057770,1.057940,1.057590,1.057720
2017/04/10 11:00:00,1.057970,1.058070,1.057300,1.057300,1.057720,1.057830,1.057070,1.057070
2017/04/10 11:30:00,1.057300,1.058520,1.057110,1.057690,1.057070,1.058290,1.056830,1.057450
2017/04/10 12:00:00,1.057690,1.058060,1.057420,1.057440,1.057450,1.057820,1.057180,1.057200
2017/04/10 12:30:00,1.057440,1.058290,1.057430,1.057670,1.057200,1.058070,1.057190,1.057430
2017/04/10 13:00:00,1.057670,1.059150,1.057670,1.058830,1.057430,1.058900,1.057430,1.058580
2017/04/10 13:30:00,1.058830,1.059860,1.058680,1.059840,1.058580,1.059610,1.058440,1.059590
2017/04/10 14:00:00,1.059840,1.060180,1.059180,1.059440,1.059590,1.059940,1.058930,1.059200
2017/04/10 14:30:00,1.059440,1.060540,1.059140,1.060000,1.059200,1.060250,1.058900,1.059760
2017/04/10 15:00:00,1.060000,1.060540,1.059760,1.060430,1.059760,1.060290,1.059530,1.060180
2017/04/10 15:30:00,1.060430,1.060800,1.060250,1.060620,1.060180,1.060560,1.060010,1.060380
2017/04/10 16:00:00,1.060620,1.060750,1.060200,1.060310,1.060380,1.060510,1.059950,1.060060
2017/04/10 16:30:00,1.060310,1.060420,1.059940,1.060140,1.060060,1.060190,1.059710,1.059920
2017/04/10 17:00:00,1.060140,1.060290,1.059790,1.060010,1.059920,1.060060,1.059540,1.059770
2017/04/10 17:30:00,1.060010,1.060150,1.059800,1.060050,1.059770,1.059910,1.059560,1.059810
2017/04/10 18:00:00,1.060050,1.060690,1.059950,1.060470,1.059810,1.060440,1.059710,1.060230
2017/04/10 18:30:00,1.060470,1.060570,1.059540,1.059570,1.060230,1.060330,1.059300,1.059320
2017/04/10 19:00:00,1.059570,1.059690,1.059260,1.059370,1.059320,1.059430,1.059020,1.059110
2017/04/10 19:30:00,1.059370,1.059740,1.059310,1.059410,1.059110,1.059490,1.059060,1.059180
2017/04/10 20:00:00,1.059410,1.059460,1.058800,1.059390,1.059180,1.059200,1.058540,1.059150
2017/04/10 20:30:00,1.059390,1.059850,1.059370,1.059810,1.059150,1.059550,1.059110,1.059400
2017/04/10 21:00:00,1.059810,1.059900,1.059480,1.059770,1.059400,1.059640,1.059210,1.059470
2017/04/10 21:30:00,1.059770,1.060010,1.059540,1.059540,1.059470,1.059660,1.059260,1.059260
2017/04/10 22:00:00,1.059540,1.059870,1.059400,1.059510,1.059260,1.059570,1.059030,1.059230
2017/04/10 22:30:00,1.059510,1.060030,1.059330,1.059940,1.059230,1.059730,1.059020,1.059650
2017/04/10 23:00:00,1.059940,1.060080,1.059720,1.059790,1.059650,1.059820,1.059460,1.059550
2017/04/10 23:30:00,1.059790,1.060170,1.059790,1.059870,1.059550,1.059920,1.059550,1.059620
2017/04/11 00:00:00,1.059870,1.060310,1.059790,1.059800,1.059620,1.060070,1.059550,1.059570
2017/04/11 00:30:00,1.059800,1.059890,1.059150,1.059290,1.059570,1.059650,1.058910,1.059040
2017/04/11 01:00:00,1.059290,1.059350,1.058970,1.059260,1.059040,1.059120,1.058740,1.059020
2017/04/11 01:30:00,1.059260,1.059310,1.058670,1.058800,1.059020,1.059070,1.058410,1.058550
2017/04/11 02:00:00,1.058800,1.058960,1.058500,1.058530,1.058550,1.058680,1.058250,1.058280
2017/04/11 02:30:00,1.058530,1.058790,1.058210,1.058660,1.058280,1.058540,1.057950,1.058420
2017/04/11 03:00:00,1.058660,1.059030,1.058640,1.059010,1.058420,1.058790,1.058400,1.058770
2017/04/11 03:30:00,1.059010,1.059070,1.058550,1.058550,1.058770,1.058830,1.058300,1.058320
2017/04/11 04:00:00,1.058550,1.058820,1.058430,1.058680,1.058320,1.058580,1.058200,1.058440
2017/04/11 04:30:00,1.058680,1.059140,1.058610,1.058970,1.058440,1.058890,1.058370,1.058730
2017/04/11 05:00:00,1.058970,1.059080,1.058560,1.058600,1.058730,1.058840,1.058320,1.058360
2017/04/11 05:30:00,1.058600,1.058970,1.058560,1.058740,1.058360,1.058730,1.058320,1.058480
2017/04/11 06:00:00,1.058740,1.059250,1.058270,1.058760,1.058480,1.058980,1.058040,1.058520
2017/04/11 06:30:00,1.058760,1.059160,1.058310,1.059120,1.058520,1.058910,1.058070,1.058880
2017/04/11 07:00:00,1.059120,1.059250,1.057990,1.058780,1.058880,1.058980,1.057740,1.058540
2017/04/11 07:30:00,1.058780,1.059660,1.058630,1.059140,1.058540,1.059410,1.058380,1.058900
2017/04/11 08:00:00,1.059140,1.060030,1.059120,1.059950,1.058900,1.059780,1.058880,1.059710
2017/04/11 08:30:00,1.059950,1.060660,1.059800,1.060260,1.059710,1.060390,1.059560,1.059950
2017/04/11 09:00:00,1.060260,1.061130,1.060050,1.060940,1.059950,1.060850,1.059670,1.060700
2017/04/11 09:30:00,1.060940,1.061050,1.060580,1.060830,1.060700,1.060800,1.060350,1.060580
2017/04/11 10:00:00,1.060830,1.062150,1.060710,1.061740,1.060580,1.061900,1.060470,1.061490
2017/04/11 10:30:00,1.061740,1.061930,1.061280,1.061310,1.061490,1.061690,1.061030,1.061070
2017/04/11 11:00:00,1.061310,1.061510,1.061090,1.061200,1.061070,1.061270,1.060850,1.060950
2017/04/11 11:30:00,1.061200,1.061820,1.060990,1.061820,1.060950,1.061600,1.060740,1.061570
2017/04/11 12:00:00,1.061820,1.061950,1.061520,1.061760,1.061570,1.061710,1.061300,1.061520
2017/04/11 12:30:00,1.061760,1.061870,1.060920,1.061340,1.061520,1.061630,1.060670,1.061110
2017/04/11 13:00:00,1.061340,1.061610,1.061090,1.061360,1.061110,1.061370,1.060850,1.061120
2017/04/11 13:30:00,1.061360,1.061540,1.060970,1.061250,1.061120,1.061310,1.060740,1.061010
2017/04/11 14:00:00,1.061250,1.061920,1.061180,1.061610,1.061010,1.061680,1.060930,1.061370
2017/04/11 14:30:00,1.061610,1.063130,1.061480,1.062970,1.061370,1.062890,1.061210,1.062730
2017/04/11 15:00:00,1.062970,1.063130,1.062090,1.062310,1.062730,1.062880,1.061830,1.062060
2017/04/11 15:30:00,1.062310,1.062530,1.061400,1.061480,1.062060,1.062290,1.061150,1.061240
2017/04/11 16:00:00,1.061480,1.061590,1.060990,1.061200,1.061240,1.061350,1.060750,1.060980
2017/04/11 16:30:00,1.061200,1.061400,1.060650,1.061090,1.060980,1.061170,1.060410,1.060850
2017/04/11 17:00:00,1.061090,1.061210,1.060320,1.060420,1.060850,1.060970,1.060070,1.060170
2017/04/11 17:30:00,1.060420,1.060940,1.060150,1.060500,1.060170,1.060700,1.059910,1.060260
2017/04/11 18:00:00,1.060500,1.060960,1.060380,1.060840,1.060260,1.060720,1.060140,1.060600
2017/04/11 18:30:00,1.060840,1.060940,1.060650,1.060910,1.060600,1.060700,1.060400,1.060670
2017/04/11 19:00:00,1.060910,1.060930,1.060610,1.060650,1.060670,1.060680,1.060360,1.060410
2017/04/11 19:30:00,1.060650,1.060770,1.060600,1.060630,1.060410,1.060540,1.060370,1.060400
2017/04/11 20:00:00,1.060630,1.060810,1.060510,1.060720,1.060400,1.060570,1.060270,1.060470
2017/04/11 20:30:00,1.060720,1.060830,1.060510,1.060570,1.060470,1.060600,1.060270,1.060290
2017/04/11 21:00:00,1.060570,1.060960,1.060520,1.060810,1.060290,1.060650,1.060220,1.060520
2017/04/11 21:30:00,1.060810,1.060830,1.060650,1.060690,1.060520,1.060610,1.060370,1.060420
2017/04/11 22:00:00,1.060690,1.060770,1.060480,1.060690,1.060420,1.060500,1.060150,1.060460
2017/04/11 22:30:00,1.060690,1.060920,1.060520,1.060590,1.060460,1.060650,1.060280,1.060360
2017/04/11 23:00:00,1.060590,1.060890,1.060480,1.060750,1.060360,1.060640,1.060230,1.060520
2017/04/11 23:30:00,1.060750,1.061240,1.060680,1.061160,1.060520,1.061000,1.060430,1.060920
2017/04/12 00:00:00,1.061160,1.061270,1.060670,1.060800,1.060920,1.061020,1.060430,1.060570
2017/04/12 00:30:00,1.060800,1.061300,1.060590,1.060970,1.060570,1.061050,1.060350,1.060720
2017/04/12 01:00:00,1.060970,1.061670,1.060630,1.061530,1.060720,1.061410,1.060400,1.061270
2017/04/12 01:30:00,1.061530,1.061570,1.060960,1.061140,1.061270,1.061310,1.060710,1.060920
2017/04/12 02:00:00,1.061140,1.061200,1.060620,1.060630,1.060920,1.060960,1.060360,1.060400
2017/04/12 02:30:00,1.060630,1.060720,1.059780,1.060190,1.060400,1.060490,1.059550,1.059940
2017/04/12 03:00:00,1.060190,1.060230,1.059640,1.060050,1.059940,1.059980,1.059360,1.059800
2017/04/12 03:30:00,1.060050,1.060340,1.060010,1.060310,1.059800,1.060090,1.059770,1.060070
2017/04/12 04:00:00,1.060310,1.060490,1.060200,1.060360,1.060070,1.060250,1.059950,1.060120
2017/04/12 04:30:00,1.060360,1.060600,1.060300,1.060530,1.060120,1.060360,1.060050,1.060290
2017/04/12 05:00:00,1.060530,1.060700,1.060380,1.060640,1.060290,1.060460,1.060150,1.060400
2017/04/12 05:30:00,1.060640,1.061320,1.060600,1.061220,1.060400,1.061070,1.060350,1.061000
2017/04/12 06:00:00,1.061220,1.061770,1.060910,1.061700,1.061000,1.061530,1.060670,1.061480
2017/04/12 06:30:00,1.061700,1.062010,1.061570,1.061650,1.061480,1.061780,1.061330,1.061400
2017/04/12 07:00:00,1.061650,1.062290,1.061530,1.062000,1.061400,1.062040,1.061300,1.061760
2017/04/12 07:30:00,1.062000,1.062340,1.061910,1.062070,1.061760,1.062100,1.061660,1.061840
2017/04/12 08:00:00,1.062070,1.062120,1.061560,1.061710,1.061840,1.061880,1.061310,1.061480
2017/04/12 08:30:00,1.061710,1.062200,1.061630,1.062020,1.061480,1.061960,1.061410,1.061780
2017/04/12 09:00:00,1.062020,1.062530,1.061300,1.061340,1.061780,1.062280,1.061050,1.061100
2017/04/12 09:30:00,1.061340,1.061470,1.060600,1.060650,1.061100,1.061220,1.060360,1.060410
2017/04/12 10:00:00,1.060650,1.060890,1.060280,1.060490,1.060410,1.060630,1.060040,1.060240
2017/04/12 10:30:00,1.060490,1.060520,1.060090,1.060320,1.060240,1.060280,1.059840,1.060080
2017/04/12 11:00:00,1.060320,1.060550,1.059900,1.060120,1.060080,1.060310,1.059660,1.059880
2017/04/12 11:30:00,1.060120,1.060390,1.059840,1.060290,1.059880,1.060160,1.059610,1.060050
2017/04/12 12:00:00,1.060290,1.060720,1.059860,1.060020,1.060050,1.060480,1.059610,1.059780
2017/04/12 12:30:00,1.060020,1.060350,1.059880,1.060170,1.059780,1.060110,1.059640,1.059930
2017/04/12 13:00:00,1.060170,1.060630,1.060120,1.060580,1.059930,1.060400,1.059880,1.060340
2017/04/12 13:30:00,1.060580,1.061490,1.060570,1.061100,1.060340,1.061240,1.060330,1.060850
2017/04/12 14:00:00,1.061100,1.061550,1.060770,1.061370,1.060850,1.061310,1.060540,1.061130
2017/04/12 14:30:00,1.061370,1.062240,1.061330,1.061990,1.061130,1.062000,1.061090,1.061760
2017/04/12 15:00:00,1.061990,1.062200,1.061530,1.061770,1.061760,1.061950,1.061280,1.061530
2017/04/12 15:30:00,1.061770,1.062330,1.061170,1.061180,1.061530,1.062080,1.060930,1.060950
2017/04/12 16:00:00,1.061180,1.061260,1.060360,1.060540,1.060950,1.061030,1.060120,1.060300
2017/04/12 16:30:00,1.060540,1.060900,1.060290,1.060370,1.060300,1.060660,1.060040,1.060120
2017/04/12 17:00:00,1.060370,1.060750,1.060110,1.060290,1.060120,1.060510,1.059880,1.060050
2017/04/12 17:30:00,1.060290,1.060310,1.059010,1.059470,1.060050,1.060080,1.058750,1.059220
2017/04/12 18:00:00,1.059470,1.060240,1.059430,1.060050,1.059220,1.060000,1.059180,1.059820
2017/04/12 18:30:00,1.060050,1.060250,1.059590,1.059710,1.059820,1.060010,1.059340,1.059460
2017/04/12 19:00:00,1.059710,1.066030,1.059700,1.064790,1.059460,1.065750,1.059450,1.064520
2017/04/12 19:30:00,1.064790,1.067380,1.063940,1.066020,1.064520,1.067100,1.063700,1.065780
2017/04/12 20:00:00,1.066020,1.067210,1.065900,1.066950,1.065780,1.066970,1.065650,1.066700
2017/04/12 20:30:00,1.066950,1.067640,1.066350,1.066760,1.066700,1.067390,1.066080,1.066340
2017/04/12 21:00:00,1.066760,1.067610,1.066600,1.067210,1.066340,1.067230,1.066090,1.066910
2017/04/12 21:30:00,1.067210,1.067450,1.066700,1.067020,1.066910,1.067160,1.066420,1.066720
2017/04/12 22:00:00,1.067020,1.067090,1.066170,1.066380,1.066720,1.066720,1.065900,1.066120
2017/04/12 22:30:00,1.066380,1.066890,1.066370,1.066800,1.066120,1.066640,1.066120,1.066540
2017/04/12 23:00:00,1.066800,1.067100,1.066470,1.067080,1.066540,1.066880,1.066220,1.066840
2017/04/12 23:30:00,1.067080,1.067310,1.066910,1.067130,1.066840,1.067070,1.066670,1.066900
2017/04/13 00:00:00,1.067130,1.067220,1.066340,1.066570,1.066900,1.067000,1.066110,1.066320
2017/04/13 00:30:00,1.066570,1.067020,1.066200,1.066700,1.066320,1.066760,1.065960,1.066460
2017/04/13 01:00:00,1.066700,1.067120,1.066390,1.066640,1.066460,1.066870,1.066150,1.066400
2017/04/13 01:30:00,1.066640,1.067060,1.066100,1.067000,1.066400,1.066830,1.065870,1.066760
2017/04/13 02:00:00,1.067000,1.067350,1.066750,1.067350,1.066760,1.067110,1.066510,1.067110
2017/04/13 02:30:00,1.067350,1.067880,1.067270,1.067440,1.067110,1.067600,1.067030,1.067200
2017/04/13 03:00:00,1.067440,1.067550,1.067050,1.067150,1.067200,1.067300,1.066830,1.066910
2017/04/13 03:30:00,1.067150,1.067430,1.067070,1.067320,1.066910,1.067190,1.066840,1.067080
2017/04/13 04:00:00,1.067320,1.067390,1.067060,1.067210,1.067080,1.067160,1.066810,1.066960
2017/04/13 04:30:00,1.067210,1.067490,1.067120,1.067410,1.066960,1.067270,1.066880,1.067200
2017/04/13 05:00:00,1.067410,1.067430,1.067050,1.067090,1.067200,1.067200,1.066820,1.066850
2017/04/13 05:30:00,1.067090,1.067140,1.066490,1.067080,1.066850,1.066880,1.066250,1.066840
2017/04/13 06:00:00,1.067080,1.067890,1.066800,1.066850,1.066840,1.067660,1.066560,1.066610
2017/04/13 06:30:00,1.066850,1.067070,1.065290,1.065340,1.066610,1.066810,1.065050,1.065100
2017/04/13 07:00:00,1.065340,1.065960,1.065090,1.065500,1.065100,1.065740,1.064850,1.065250
2017/04/13 07:30:00,1.065500,1.065570,1.064350,1.064570,1.065250,1.065320,1.064120,1.064320
2017/04/13 08:00:00,1.064570,1.065200,1.064450,1.064850,1.064320,1.064960,1.064220,1.064620
2017/04/13 08:30:00,1.064850,1.064860,1.063950,1.064370,1.064620,1.064620,1.063700,1.064120
2017/04/13 09:00:00,1.064370,1.064870,1.064350,1.064400,1.064120,1.064640,1.064110,1.064160
2017/04/13 09:30:00,1.064400,1.064530,1.063980,1.064350,1.064160,1.064320,1.063740,1.064120
2017/04/13 10:00:00,1.064350,1.064570,1.064090,1.064260,1.064120,1.064330,1.063850,1.064030
2017/04/13 10:30:00,1.064260,1.064460,1.063550,1.063950,1.064030,1.064230,1.063300,1.063700
2017/04/13 11:00:00,1.063950,1.064260,1.063680,1.064010,1.063700,1.064020,1.063440,1.063760
2017/04/13 11:30:00,1.064010,1.064050,1.062440,1.062540,1.063760,1.063800,1.062200,1.062300
2017/04/13 12:00:00,1.062540,1.063190,1.062530,1.063110,1.062300,1.062910,1.062290,1.062770
2017/04/13 12:30:00,1.063110,1.063540,1.062380,1.062930,1.062770,1.062970,1.062150,1.062690
2017/04/13 13:00:00,1.062930,1.063700,1.062780,1.063200,1.062690,1.063460,1.062520,1.062950
2017/04/13 13:30:00,1.063200,1.063330,1.061190,1.062000,1.062950,1.063090,1.060940,1.061710
2017/04/13 14:00:00,1.062000,1.062290,1.061050,1.062180,1.061710,1.062040,1.060790,1.061930
2017/04/13 14:30:00,1.062180,1.063120,1.062180,1.062550,1.061930,1.062880,1.061930,1.062290
2017/04/13 15:00:00,1.062550,1.063330,1.062280,1.063220,1.062290,1.063090,1.062030,1.062980
2017/04/13 15:30:00,1.063220,1.063560,1.062770,1.063120,1.062980,1.063320,1.062540,1.062870
2017/04/13 16:00:00,1.063120,1.063230,1.062770,1.062810,1.062870,1.062990,1.062530,1.062570
2017/04/13 16:30:00,1.062810,1.063060,1.062280,1.062290,1.062570,1.062810,1.062030,1.062050
2017/04/13 17:00:00,1.062290,1.062790,1.061670,1.061760,1.062050,1.062530,1.061420,1.061520
2017/04/13 17:30:00,1.061760,1.062060,1.061650,1.061870,1.061520,1.061810,1.061400,1.061630
2017/04/13 18:00:00,1.061870,1.061900,1.061590,1.061800,1.061630,1.061670,1.061350,1.061550
2017/04/13 18:30:00,1.061800,1.061960,1.061550,1.061560,1.061550,1.061710,1.061320,1.061320
2017/04/13 19:00:00,1.061560,1.061910,1.061320,1.061720,1.061320,1.061660,1.061070,1.061480
2017/04/13 19:30:00,1.061720,1.062180,1.061680,1.061950,1.061480,1.061940,1.061440,1.061710
2017/04/13 20:00:00,1.061950,1.062050,1.061550,1.061570,1.061710,1.061800,1.061300,1.061340
2017/04/13 20:30:00,1.061570,1.061570,1.061280,1.061500,1.061340,1.061340,1.060870,1.061040
2017/04/13 21:00:00,1.061500,1.062630,1.061380,1.061670,1.061040,1.061620,1.061030,1.061250
2017/04/13 21:30:00,1.061670,1.062280,1.061460,1.061890,1.061250,1.061590,1.061180,1.061370
2017/04/13 22:00:00,1.061890,1.061950,1.061500,1.061500,1.061370,1.061370,1.061130,1.061230
2017/04/13 22:30:00,1.061500,1.061930,1.061490,1.061910,1.061230,1.061570,1.061190,1.061520
2017/04/13 23:00:00,1.061910,1.061950,1.061520,1.061650,1.061520,1.061530,1.061170,1.061240
2017/04/13 23:30:00,1.061650,1.061960,1.061530,1.061740,1.061240,1.061550,1.061180,1.061360
2017/04/14 00:00:00,1.061740,1.061950,1.061650,1.061910,1.061360,1.061640,1.061270,1.061460
2017/04/14 00:30:00,1.061910,1.062070,1.061160,1.061510,1.061460,1.061690,1.060780,1.061180
2017/04/14 01:00:00,1.061510,1.061970,1.061380,1.061830,1.061180,1.061600,1.060940,1.061560
2017/04/14 01:30:00,1.061830,1.062310,1.061760,1.062310,1.061560,1.062050,1.061510,1.061910
2017/04/14 02:00:00,1.062310,1.062620,1.061980,1.062000,1.061910,1.062320,1.061620,1.061710
2017/04/14 02:30:00,1.062000,1.062310,1.061520,1.061590,1.061710,1.061900,1.061180,1.061300
2017/04/14 03:00:00,1.061590,1.062080,1.061580,1.062030,1.061300,1.061690,1.061300,1.061560
2017/04/14 03:30:00,1.062030,1.062060,1.061130,1.061560,1.061560,1.061630,1.060760,1.061170
2017/04/14 04:00:00,1.061560,1.061670,1.061120,1.061470,1.061170,1.061290,1.060730,1.061120
2017/04/14 04:30:00,1.061470,1.061910,1.061320,1.061790,1.061120,1.061610,1.060950,1.061400
2017/04/14 05:00:00,1.061790,1.062070,1.061590,1.061700,1.061400,1.061720,1.061220,1.061410
2017/04/14 05:30:00,1.061700,1.061990,1.060730,1.061490,1.061410,1.061730,1.060380,1.061010
2017/04/14 06:00:00,1.061490,1.061730,1.060850,1.061730,1.061010,1.061360,1.060500,1.061350
2017/04/14 06:30:00,1.061730,1.061910,1.060890,1.061820,1.061350,1.061630,1.060600,1.061530
2017/04/14 07:00:00,1.061820,1.061900,1.061510,1.061780,1.061530,1.061570,1.061180,1.061440
2017/04/14 07:30:00,1.061780,1.062330,1.061700,1.062160,1.061440,1.062010,1.061430,1.061870
2017/04/14 08:00:00,1.062160,1.062620,1.062140,1.062500,1.061870,1.062340,1.061840,1.062220
2017/04/14 08:30:00,1.062500,1.062890,1.062380,1.062470,1.062220,1.062570,1.062110,1.062150
2017/04/14 09:00:00,1.062470,1.062740,1.062210,1.062530,1.062150,1.062320,1.061770,1.062150
2017/04/14 09:30:00,1.062530,1.062570,1.062190,1.062430,1.062150,1.062260,1.061890,1.062060
2017/04/14 10:00:00,1.062430,1.062640,1.062250,1.062480,1.062060,1.062240,1.061900,1.062210
2017/04/14 10:30:00,1.062480,1.062490,1.062250,1.062400,1.062210,1.062220,1.061950,1.062050
2017/04/14 11:00:00,1.062400,1.062660,1.062010,1.062180,1.062050,1.062380,1.061610,1.061780
2017/04/14 11:30:00,1.062180,1.062220,1.061800,1.061850,1.061780,1.061850,1.061510,1.061530
2017/04/14 12:00:00,1.061850,1.062280,1.061050,1.061910,1.061530,1.061830,1.060570,1.060970
2017/04/14 12:30:00,1.061910,1.063170,1.061840,1.063160,1.060970,1.062850,1.060590,1.062800
2017/04/14 13:00:00,1.063160,1.063170,1.062790,1.063090,1.062800,1.062850,1.062400,1.062740
2017/04/14 13:30:00,1.063090,1.063120,1.062000,1.062400,1.062740,1.062800,1.061660,1.061960
2017/04/14 14:00:00,1.062400,1.062520,1.062290,1.062370,1.061960,1.062220,1.061960,1.062080
2017/04/14 14:30:00,1.062370,1.062700,1.062300,1.062690,1.062080,1.062420,1.062030,1.062410
2017/04/14 15:00:00,1.062690,1.063100,1.062460,1.062840,1.062410,1.062730,1.062070,1.062480
2017/04/14 15:30:00,1.062840,1.062940,1.062400,1.062470,1.062480,1.062570,1.062010,1.062050
2017/04/14 16:00:00,1.062470,1.062970,1.062430,1.062760,1.062050,1.062620,1.062020,1.062280
2017/04/14 16:30:00,1.062760,1.063140,1.061730,1.061930,1.062280,1.062510,1.061270,1.061650
2017/04/14 17:00:00,1.061930,1.062400,1.061710,1.062070,1.061650,1.061970,1.061270,1.061620
2017/04/14 17:30:00,1.062070,1.062280,1.061800,1.062000,1.061620,1.061790,1.061410,1.061650
2017/04/14 18:00:00,1.062000,1.062040,1.061570,1.061650,1.061650,1.061650,1.061210,1.061230
2017/04/14 18:30:00,1.061650,1.061710,1.061470,1.061500,1.061230,1.061420,1.061190,1.061240
2017/04/14 19:00:00,1.061500,1.061500,1.061340,1.061410,1.061240,1.061250,1.060930,1.061060
2017/04/14 19:30:00,1.061410,1.061450,1.061300,1.061360,1.061060,1.061110,1.060940,1.060970
2017/04/14 20:00:00,1.061360,1.061510,1.061220,1.061350,1.060970,1.061100,1.060810,1.060980
2017/04/14 20:30:00,1.061350,1.061730,1.061280,1.061560,1.060980,1.061130,1.060130,1.060130
2017/04/16 19:00:00,1.061560,1.062130,1.061560,1.062120,1.060130,1.061590,1.060130,1.061110
2017/04/16 19:30:00,1.062120,1.062660,1.061560,1.062660,1.061110,1.061800,1.060950,1.061540
2017/04/16 20:00:00,1.062660,1.062660,1.062560,1.062560,1.061540,1.061540,1.061130,1.061150
2017/04/16 21:00:00,1.062560,1.062560,1.061470,1.061670,1.061150,1.061300,1.060830,1.061110
2017/04/16 21:30:00,1.061670,1.061760,1.061070,1.061250,1.061110,1.061200,1.060330,1.060640
2017/04/16 22:00:00,1.061250,1.061550,1.060800,1.061200,1.060640,1.061010,1.060280,1.060720
2017/04/16 22:30:00,1.061200,1.061270,1.060460,1.060660,1.060720,1.060890,1.060150,1.060330
2017/04/16 23:00:00,1.060660,1.060890,1.060580,1.060890,1.060330,1.060630,1.060320,1.060620
2017/04/16 23:30:00,1.060890,1.061330,1.060820,1.061090,1.060620,1.061090,1.060580,1.060860
2017/04/17 00:00:00,1.061090,1.061790,1.061000,1.061700,1.060860,1.061550,1.060760,1.061450
2017/04/17 00:30:00,1.061700,1.062390,1.061690,1.062160,1.061450,1.062110,1.061450,1.061920
2017/04/17 01:00:00,1.062160,1.062410,1.061880,1.061970,1.061920,1.062180,1.061640,1.061720
2017/04/17 01:30:00,1.061970,1.062370,1.061760,1.062210,1.061720,1.062140,1.061510,1.061940
2017/04/17 02:00:00,1.062210,1.062730,1.062210,1.062370,1.061940,1.062480,1.061940,1.062130
2017/04/17 02:30:00,1.062370,1.062420,1.062170,1.062390,1.062130,1.062180,1.061920,1.062170
2017/04/17 03:00:00,1.062390,1.062420,1.062140,1.062140,1.062170,1.062180,1.061930,1.061930
2017/04/17 03:30:00,1.062140,1.062150,1.061840,1.061910,1.061930,1.061930,1.061600,1.061670
2017/04/17 04:00:00,1.061910,1.062070,1.061860,1.061980,1.061670,1.061820,1.061630,1.061740
2017/04/17 04:30:00,1.061980,1.062030,1.061920,1.062020,1.061740,1.061810,1.061670,1.061780
2017/04/17 05:00:00,1.062020,1.062060,1.061940,1.061950,1.061780,1.061810,1.061720,1.061720
2017/04/17 05:30:00,1.061950,1.062070,1.061670,1.061840,1.061720,1.061830,1.061420,1.061590
2017/04/17 06:00:00,1.061840,1.062470,1.061630,1.062250,1.061590,1.062240,1.061390,1.062000
2017/04/17 06:30:00,1.062250,1.062860,1.062230,1.062590,1.062000,1.062620,1.061980,1.062350
2017/04/17 07:00:00,1.062590,1.065300,1.062500,1.064320,1.062350,1.065010,1.062260,1.064080
2017/04/17 07:30:00,1.064320,1.064350,1.063800,1.063940,1.064080,1.064100,1.063560,1.063690
2017/04/17 08:00:00,1.063940,1.064340,1.062830,1.063320,1.063690,1.064100,1.062520,1.063080
2017/04/17 08:30:00,1.063320,1.063680,1.062620,1.062680,1.063080,1.063450,1.062380,1.062440
2017/04/17 09:00:00,1.062680,1.062950,1.062020,1.062080,1.062440,1.062710,1.061750,1.061840
2017/04/17 09:30:00,1.062080,1.062730,1.062020,1.062630,1.061840,1.062490,1.061790,1.062390
2017/04/17 10:00:00,1.062630,1.062900,1.062630,1.062720,1.062390,1.062650,1.062380,1.062480
2017/04/17 10:30:00,1.062720,1.063390,1.062720,1.063180,1.062480,1.063140,1.062480,1.062940
2017/04/17 11:00:00,1.063180,1.063970,1.063170,1.063770,1.062940,1.063730,1.062940,1.063540
2017/04/17 11:30:00,1.063770,1.064440,1.063450,1.064250,1.063540,1.064190,1.063190,1.064020
2017/04/17 12:00:00,1.064250,1.065010,1.064210,1.064550,1.064020,1.064760,1.063960,1.064280
2017/04/17 12:30:00,1.064550,1.064980,1.064450,1.064670,1.064280,1.064740,1.064200,1.064430
2017/04/17 13:00:00,1.064670,1.064850,1.064410,1.064710,1.064430,1.064610,1.064170,1.064460
2017/04/17 13:30:00,1.064710,1.065940,1.064660,1.065630,1.064460,1.065660,1.064420,1.065390
2017/04/17 14:00:00,1.065630,1.066450,1.065620,1.065950,1.065390,1.066190,1.065350,1.065710
2017/04/17 14:30:00,1.065950,1.066760,1.065810,1.066440,1.065710,1.066520,1.065570,1.066210
2017/04/17 15:00:00,1.066440,1.067190,1.065930,1.065940,1.066210,1.066920,1.065680,1.065690
2017/04/17 15:30:00,1.065940,1.066250,1.065710,1.066140,1.065690,1.066000,1.065470,1.065910
2017/04/17 16:00:00,1.066140,1.066140,1.065370,1.065650,1.065910,1.065920,1.065140,1.065410
2017/04/17 16:30:00,1.065650,1.065730,1.065310,1.065520,1.065410,1.065490,1.065080,1.065270
2017/04/17 17:00:00,1.065520,1.065640,1.065250,1.065300,1.065270,1.065400,1.065000,1.065050
2017/04/17 17:30:00,1.065300,1.065660,1.065240,1.065560,1.065050,1.065410,1.065000,1.065330
2017/04/17 18:00:00,1.065560,1.065850,1.065310,1.065340,1.065330,1.065610,1.065080,1.065100
2017/04/17 18:30:00,1.065340,1.065340,1.064250,1.064340,1.065100,1.065100,1.064040,1.064100
2017/04/17 19:00:00,1.064340,1.064490,1.063660,1.064040,1.064100,1.064250,1.063400,1.063800
2017/04/17 19:30:00,1.064040,1.064500,1.063950,1.064100,1.063800,1.064260,1.063710,1.063860
2017/04/17 20:00:00,1.064100,1.064670,1.064010,1.064640,1.063860,1.064420,1.063790,1.064410
2017/04/17 20:30:00,1.064640,1.064680,1.064360,1.064630,1.064410,1.064430,1.064110,1.064150
2017/04/17 21:00:00,1.064630,1.065390,1.064110,1.064490,1.064150,1.064860,1.063810,1.064230
2017/04/17 21:30:00,1.064490,1.065070,1.064390,1.064720,1.064230,1.064820,1.064090,1.064410
2017/04/17 22:00:00,1.064720,1.065010,1.064390,1.064520,1.064410,1.064480,1.063920,1.064160
2017/04/17 22:30:00,1.064520,1.064570,1.064260,1.064300,1.064160,1.064270,1.063970,1.064000
2017/04/17 23:00:00,1.064300,1.064310,1.063980,1.064080,1.064000,1.064030,1.063750,1.063830
2017/04/17 23:30:00,1.064080,1.064640,1.063960,1.064470,1.063830,1.064390,1.063720,1.064230
2017/04/18 00:00:00,1.064470,1.064510,1.063840,1.064080,1.064230,1.064270,1.063610,1.063830
2017/04/18 00:30:00,1.064080,1.064490,1.063930,1.064480,1.063830,1.064260,1.063680,1.064260
2017/04/18 01:00:00,1.064480,1.064930,1.064280,1.064520,1.064260,1.064690,1.064030,1.064310
2017/04/18 01:30:00,1.064520,1.065370,1.064330,1.065360,1.064310,1.065130,1.064070,1.065110
2017/04/18 02:00:00,1.065360,1.065410,1.064880,1.065250,1.065110,1.065160,1.064640,1.065000
2017/04/18 02:30:00,1.065250,1.065410,1.065000,1.065250,1.065000,1.065180,1.064760,1.065010
2017/04/18 03:00:00,1.065250,1.065390,1.064940,1.065000,1.065010,1.065160,1.064700,1.064760
2017/04/18 03:30:00,1.065000,1.065210,1.064820,1.064860,1.064760,1.064980,1.064570,1.064620
2017/04/18 04:00:00,1.064860,1.065020,1.064750,1.065000,1.064620,1.064770,1.064500,1.064760
2017/04/18 04:30:00,1.065000,1.065030,1.064480,1.064490,1.064760,1.064810,1.064230,1.064250
2017/04/18 05:00:00,1.064490,1.064660,1.064340,1.064400,1.064250,1.064420,1.064090,1.064170
2017/04/18 05:30:00,1.064400,1.065120,1.064320,1.064910,1.064170,1.064870,1.064080,1.064660
2017/04/18 06:00:00,1.064910,1.065260,1.064480,1.064900,1.064660,1.065010,1.064230,1.064650
2017/04/18 06:30:00,1.064900,1.065310,1.064400,1.065110,1.064650,1.065060,1.064160,1.064870
2017/04/18 07:00:00,1.065110,1.065370,1.064250,1.064830,1.064870,1.065120,1.064000,1.064590
2017/04/18 07:30:00,1.064830,1.065740,1.064780,1.065160,1.064590,1.065470,1.064540,1.064910
2017/04/18 08:00:00,1.065160,1.065210,1.064690,1.064820,1.064910,1.064970,1.064440,1.064580
2017/04/18 08:30:00,1.064820,1.065480,1.064820,1.065160,1.064580,1.065240,1.064580,1.064910
2017/04/18 09:00:00,1.065160,1.065950,1.064920,1.065840,1.064910,1.065700,1.064680,1.065600
2017/04/18 09:30:00,1.065840,1.066110,1.065490,1.065790,1.065600,1.065880,1.065230,1.065550
2017/04/18 10:00:00,1.065790,1.066100,1.065050,1.065300,1.065550,1.065860,1.064800,1.065050
2017/04/18 10:30:00,1.065300,1.066760,1.065000,1.066540,1.065050,1.066500,1.064760,1.066310
2017/04/18 11:00:00,1.066540,1.067890,1.066540,1.067860,1.066310,1.067610,1.066280,1.067580
2017/04/18 11:30:00,1.067860,1.068600,1.067520,1.067950,1.067580,1.068360,1.067290,1.067710
2017/04/18 12:00:00,1.067950,1.069230,1.067820,1.069130,1.067710,1.068960,1.067580,1.068780
2017/04/18 12:30:00,1.069130,1.070150,1.068540,1.069790,1.068780,1.069870,1.068300,1.069550
2017/04/18 13:00:00,1.069790,1.069790,1.069000,1.069390,1.069550,1.069550,1.068760,1.069150
2017/04/18 13:30:00,1.069390,1.069450,1.068440,1.068610,1.069150,1.069210,1.068200,1.068360
2017/04/18 14:00:00,1.068610,1.069820,1.068500,1.069790,1.068360,1.069570,1.068260,1.069570
2017/04/18 14:30:00,1.069790,1.070090,1.069300,1.070000,1.069570,1.069850,1.069050,1.069750
2017/04/18 15:00:00,1.070000,1.070710,1.069730,1.069950,1.069750,1.070450,1.069490,1.069710
2017/04/18 15:30:00,1.069950,1.070990,1.069930,1.070690,1.069710,1.070750,1.069700,1.070450
2017/04/18 16:00:00,1.070690,1.070730,1.069760,1.069980,1.070450,1.070500,1.069500,1.069750
2017/04/18 16:30:00,1.069980,1.070940,1.069870,1.070880,1.069750,1.070700,1.069640,1.070640
2017/04/18 17:00:00,1.070880,1.071340,1.070340,1.070610,1.070640,1.070990,1.070110,1.070370
2017/04/18 17:30:00,1.070610,1.073460,1.070570,1.072380,1.070370,1.073160,1.070330,1.072140
2017/04/18 18:00:00,1.072380,1.073050,1.071790,1.072940,1.072140,1.072800,1.071570,1.072710
2017/04/18 18:30:00,1.072940,1.073370,1.072920,1.073220,1.072710,1.073130,1.072680,1.072950
2017/04/18 19:00:00,1.073220,1.073740,1.073000,1.073110,1.072950,1.073470,1.072760,1.072870
2017/04/18 19:30:00,1.073110,1.073730,1.073000,1.073550,1.072870,1.073490,1.072760,1.073310
2017/04/18 20:00:00,1.073550,1.073610,1.073140,1.073430,1.073310,1.073360,1.072870,1.073190
2017/04/18 20:30:00,1.073430,1.073430,1.073100,1.073210,1.073190,1.073190,1.072710,1.072830
2017/04/18 21:00:00,1.073210,1.073320,1.072930,1.073000,1.072830,1.073040,1.072630,1.072710
2017/04/18 21:30:00,1.073000,1.073260,1.072940,1.073150,1.072710,1.072980,1.072640,1.072890
2017/04/18 22:00:00,1.073150,1.073330,1.073000,1.073070,1.072890,1.073060,1.072760,1.072830
2017/04/18 22:30:00,1.073070,1.073180,1.072990,1.073100,1.072830,1.072920,1.072720,1.072850
2017/04/18 23:00:00,1.073100,1.073690,1.073100,1.073610,1.072850,1.073430,1.072850,1.073370
2017/04/18 23:30:00,1.073610,1.073660,1.072860,1.072870,1.073370,1.073410,1.072620,1.072630
2017/04/19 00:00:00,1.072870,1.073370,1.072850,1.073310,1.072630,1.073130,1.072600,1.073060
2017/04/19 00:30:00,1.073310,1.073320,1.072680,1.072710,1.073060,1.073070,1.072410,1.072470
2017/04/19 01:00:00,1.072710,1.072950,1.072660,1.072720,1.072470,1.072700,1.072410,1.072480
2017/04/19 01:30:00,1.072720,1.072880,1.072360,1.072470,1.072480,1.072640,1.072130,1.072230
2017/04/19 02:00:00,1.072470,1.072640,1.072110,1.072110,1.072230,1.072400,1.071860,1.071870
2017/04/19 02:30:00,1.072110,1.072350,1.071900,1.072190,1.071870,1.072120,1.071650,1.071940
2017/04/19 03:00:00,1.072190,1.072280,1.071900,1.071990,1.071940,1.072050,1.071660,1.071750
2017/04/19 03:30:00,1.071990,1.072260,1.071970,1.072110,1.071750,1.072030,1.071730,1.071870
2017/04/19 04:00:00,1.072110,1.072170,1.072000,1.072000,1.071870,1.071930,1.071750,1.071760
2017/04/19 04:30:00,1.072000,1.072030,1.071820,1.072020,1.071760,1.071780,1.071580,1.071770
2017/04/19 05:00:00,1.072020,1.072480,1.071990,1.072410,1.071770,1.072240,1.071760,1.072170
2017/04/19 05:30:00,1.072410,1.072480,1.071740,1.072030,1.072170,1.072240,1.071490,1.071780
2017/04/19 06:00:00,1.072030,1.072190,1.071400,1.072100,1.071780,1.071950,1.071150,1.071860
2017/04/19 06:30:00,1.072100,1.072780,1.072050,1.072500,1.071860,1.072540,1.071820,1.072250
2017/04/19 07:00:00,1.072500,1.073550,1.072030,1.072710,1.072250,1.073310,1.071790,1.072470
2017/04/19 07:30:00,1.072710,1.073900,1.072480,1.073240,1.072470,1.073570,1.072240,1.072990
2017/04/19 08:00:00,1.073240,1.073260,1.071690,1.071780,1.072990,1.073010,1.071440,1.071560
2017/04/19 08:30:00,1.071780,1.072160,1.071540,1.071710,1.071560,1.071920,1.071300,1.071440
2017/04/19 09:00:00,1.071710,1.071890,1.070960,1.071380,1.071440,1.071640,1.070710,1.071160
2017/04/19 09:30:00,1.071380,1.072320,1.071310,1.072300,1.071160,1.072090,1.071070,1.072060
2017/04/19 10:00:00,1.072300,1.072950,1.072270,1.072490,1.072060,1.072700,1.072030,1.072250
2017/04/19 10:30:00,1.072490,1.073050,1.072400,1.072730,1.072250,1.072810,1.072150,1.072490
2017/04/19 11:00:00,1.072730,1.073110,1.072420,1.072580,1.072490,1.072870,1.072190,1.072340
2017/04/19 11:30:00,1.072580,1.072880,1.071830,1.072040,1.072340,1.072650,1.071580,1.071800
2017/04/19 12:00:00,1.072040,1.072900,1.072040,1.072420,1.071800,1.072670,1.071790,1.072170
2017/04/19 12:30:00,1.072420,1.072950,1.072070,1.072120,1.072170,1.072700,1.071830,1.071880
2017/04/19 13:00:00,1.072120,1.072430,1.071860,1.072160,1.071880,1.072200,1.071620,1.071910
2017/04/19 13:30:00,1.072160,1.072190,1.070580,1.070640,1.071910,1.071950,1.070300,1.070400
2017/04/19 14:00:00,1.070640,1.071300,1.070560,1.071200,1.070400,1.071060,1.070310,1.070950
2017/04/19 14:30:00,1.071200,1.072150,1.071030,1.071380,1.070950,1.071910,1.070790,1.071160
2017/04/19 15:00:00,1.071380,1.072010,1.070860,1.071190,1.071160,1.071770,1.070610,1.070970
2017/04/19 15:30:00,1.071190,1.071470,1.070110,1.070760,1.070970,1.071230,1.069890,1.070530
2017/04/19 16:00:00,1.070760,1.071640,1.070630,1.071390,1.070530,1.071400,1.070390,1.071160
2017/04/19 16:30:00,1.071390,1.071660,1.071050,1.071160,1.071160,1.071410,1.070800,1.070940
2017/04/19 17:00:00,1.071160,1.071530,1.071060,1.071150,1.070940,1.071290,1.070820,1.070910
2017/04/19 17:30:00,1.071150,1.071540,1.071110,1.071340,1.070910,1.071290,1.070870,1.071090
2017/04/19 18:00:00,1.071340,1.072300,1.071310,1.072090,1.071090,1.072070,1.071060,1.071870
2017/04/19 18:30:00,1.072090,1.072420,1.071750,1.072130,1.071870,1.072180,1.071520,1.071900
2017/04/19 19:00:00,1.072130,1.072250,1.071260,1.071350,1.071900,1.072020,1.071010,1.071100
2017/04/19 19:30:00,1.071350,1.071750,1.071110,1.071740,1.071100,1.071500,1.070860,1.071500
2017/04/19 20:00:00,1.071740,1.071770,1.071340,1.071640,1.071500,1.071530,1.071090,1.071400
2017/04/19 20:30:00,1.071640,1.071680,1.070900,1.071360,1.071400,1.071440,1.070660,1.070960
2017/04/19 21:00:00,1.071360,1.071510,1.071170,1.071270,1.070960,1.071240,1.070880,1.070990
2017/04/19 21:30:00,1.071270,1.071340,1.071060,1.071210,1.070990,1.071070,1.070770,1.070960
2017/04/19 22:00:00,1.071210,1.071580,1.071090,1.071360,1.070960,1.071290,1.070790,1.071110
2017/04/19 22:30:00,1.071360,1.071840,1.071320,1.071670,1.071110,1.071590,1.071070,1.071440
2017/04/19 23:00:00,1.071670,1.071790,1.071410,1.071480,1.071440,1.071560,1.071160,1.071240
2017/04/19 23:30:00,1.071480,1.071660,1.071300,1.071600,1.071240,1.071410,1.071070,1.071380
2017/04/20 00:00:00,1.071600,1.071920,1.071480,1.071790,1.071380,1.071670,1.071240,1.071550
2017/04/20 00:30:00,1.071790,1.072020,1.071630,1.071770,1.071550,1.071780,1.071400,1.071530
2017/04/20 01:00:00,1.071770,1.071890,1.071480,1.071630,1.071530,1.071650,1.071230,1.071390
2017/04/20 01:30:00,1.071630,1.071680,1.071090,1.071150,1.071390,1.071440,1.070850,1.070920
2017/04/20 02:00:00,1.071150,1.071500,1.071120,1.071380,1.070920,1.071260,1.070900,1.071130
2017/04/20 02:30:00,1.071380,1.071810,1.071370,1.071660,1.071130,1.071570,1.071130,1.071420
2017/04/20 03:00:00,1.071660,1.071680,1.071470,1.071600,1.071420,1.071450,1.071230,1.071360
2017/04/20 03:30:00,1.071600,1.072330,1.071600,1.072160,1.071360,1.072090,1.071360,1.071920
2017/04/20 04:00:00,1.072160,1.072180,1.071940,1.072180,1.071920,1.071950,1.071690,1.071940
2017/04/20 04:30:00,1.072180,1.072900,1.072080,1.072870,1.071940,1.072660,1.071850,1.072620
2017/04/20 05:00:00,1.072870,1.072890,1.072620,1.072750,1.072620,1.072650,1.072380,1.072510
2017/04/20 05:30:00,1.072750,1.072910,1.072600,1.072790,1.072510,1.072660,1.072360,1.072570
2017/04/20 06:00:00,1.072790,1.073060,1.072630,1.072640,1.072570,1.072800,1.072390,1.072410
2017/04/20 06:30:00,1.072640,1.074930,1.072230,1.074260,1.072410,1.074650,1.071990,1.074020
2017/04/20 07:00:00,1.074260,1.074660,1.073820,1.073920,1.074020,1.074410,1.073590,1.073680
2017/04/20 07:30:00,1.073920,1.075130,1.073820,1.074970,1.073680,1.074860,1.073590,1.074730
2017/04/20 08:00:00,1.074970,1.076390,1.074930,1.076080,1.074730,1.076120,1.074700,1.075840
2017/04/20 08:30:00,1.076080,1.077720,1.076040,1.077130,1.075840,1.077470,1.075790,1.076870
2017/04/20 09:00:00,1.077130,1.077520,1.076530,1.077240,1.076870,1.077270,1.076290,1.076990
2017/04/20 09:30:00,1.077240,1.077880,1.076340,1.076460,1.076990,1.077640,1.076100,1.076220
2017/04/20 10:00:00,1.076460,1.076610,1.075500,1.075900,1.076220,1.076370,1.075270,1.075670
2017/04/20 10:30:00,1.075900,1.075990,1.075520,1.075660,1.075670,1.075740,1.075280,1.075420
2017/04/20 11:00:00,1.075660,1.075660,1.074360,1.074370,1.075420,1.075430,1.074110,1.074110
2017/04/20 11:30:00,1.074370,1.074880,1.074340,1.074770,1.074110,1.074640,1.074100,1.074560
2017/04/20 12:00:00,1.074770,1.074980,1.074200,1.074930,1.074560,1.074650,1.073960,1.074590
2017/04/20 12:30:00,1.074930,1.075320,1.074490,1.075170,1.074590,1.075080,1.074250,1.074910
2017/04/20 13:00:00,1.075170,1.076720,1.074880,1.076650,1.074910,1.076480,1.074650,1.076400
2017/04/20 13:30:00,1.076650,1.077070,1.076360,1.076700,1.076400,1.076840,1.076130,1.076450
2017/04/20 14:00:00,1.076700,1.077180,1.075340,1.075860,1.076450,1.076930,1.075090,1.075610
2017/04/20 14:30:00,1.075860,1.076990,1.075690,1.076700,1.075610,1.076750,1.075450,1.076450
2017/04/20 15:00:00,1.076700,1.077270,1.076320,1.077170,1.076450,1.077040,1.076090,1.076920
2017/04/20 15:30:00,1.077170,1.077820,1.075590,1.075850,1.076920,1.077570,1.075340,1.075610
2017/04/20 16:00:00,1.075850,1.076140,1.074380,1.075100,1.075610,1.075910,1.074130,1.074880
2017/04/20 16:30:00,1.075100,1.075410,1.074640,1.074670,1.074880,1.075170,1.074400,1.074420
2017/04/20 17:00:00,1.074670,1.074890,1.073610,1.074040,1.074420,1.074650,1.073370,1.073800
2017/04/20 17:30:00,1.074040,1.074090,1.071650,1.071950,1.073800,1.073860,1.071400,1.071710
2017/04/20 18:00:00,1.071950,1.072460,1.071840,1.072000,1.071710,1.072210,1.071600,1.071760
2017/04/20 18:30:00,1.072000,1.072260,1.071740,1.072220,1.071760,1.072020,1.071500,1.071980
2017/04/20 19:00:00,1.072220,1.072870,1.071670,1.071900,1.071980,1.072620,1.071430,1.071660
2017/04/20 19:30:00,1.071900,1.072230,1.071600,1.071940,1.071660,1.071970,1.071390,1.071690
2017/04/20 20:00:00,1.071940,1.072200,1.071740,1.071800,1.071690,1.071970,1.071510,1.071560
2017/04/20 20:30:00,1.071800,1.072010,1.071600,1.071840,1.071560,1.071780,1.071360,1.071430
2017/04/20 21:00:00,1.071840,1.072230,1.071820,1.071920,1.071430,1.071810,1.071430,1.071650
2017/04/20 21:30:00,1.071920,1.071960,1.071600,1.071690,1.071650,1.071730,1.071350,1.071450
2017/04/20 22:00:00,1.071690,1.071690,1.070850,1.071050,1.071450,1.071450,1.070550,1.070790
2017/04/20 22:30:00,1.071050,1.071770,1.071050,1.071630,1.070790,1.071520,1.070790,1.071350
2017/04/20 23:00:00,1.071630,1.071740,1.071310,1.071620,1.071350,1.071500,1.071060,1.071370
2017/04/20 23:30:00,1.071620,1.071690,1.071450,1.071530,1.071370,1.071430,1.071200,1.071290
2017/04/21 00:00:00,1.071530,1.072060,1.071360,1.072000,1.071290,1.071820,1.071120,1.071760
2017/04/21 00:30:00,1.072000,1.072230,1.071670,1.071900,1.071760,1.071970,1.071430,1.071660
2017/04/21 01:00:00,1.071900,1.072100,1.071780,1.071940,1.071660,1.071870,1.071540,1.071700
2017/04/21 01:30:00,1.071940,1.072090,1.071840,1.071880,1.071700,1.071840,1.071600,1.071630
2017/04/21 02:00:00,1.071880,1.071890,1.071630,1.071660,1.071630,1.071650,1.071400,1.071420
2017/04/21 02:30:00,1.071660,1.071660,1.071440,1.071550,1.071420,1.071420,1.071210,1.071310
2017/04/21 03:00:00,1.071550,1.072070,1.071540,1.072040,1.071310,1.071830,1.071310,1.071800
2017/04/21 03:30:00,1.072040,1.072110,1.071750,1.071810,1.071800,1.071870,1.071510,1.071570
2017/04/21 04:00:00,1.071810,1.071950,1.071800,1.071830,1.071570,1.071710,1.071560,1.071590
2017/04/21 04:30:00,1.071830,1.072080,1.071760,1.071770,1.071590,1.071840,1.071520,1.071530
2017/04/21 05:00:00,1.071770,1.071920,1.071610,1.071710,1.071530,1.071670,1.071370,1.071480
2017/04/21 05:30:00,1.071710,1.071980,1.071610,1.071620,1.071480,1.071740,1.071360,1.071380
2017/04/21 06:00:00,1.071620,1.071900,1.071130,1.071180,1.071380,1.071650,1.070900,1.070950
2017/04/21 06:30:00,1.071180,1.072960,1.071180,1.072850,1.070950,1.072710,1.070940,1.072600
2017/04/21 07:00:00,1.072850,1.073950,1.072460,1.073600,1.072600,1.073700,1.072210,1.073230
2017/04/21 07:30:00,1.073600,1.073630,1.071860,1.072300,1.073230,1.073370,1.071610,1.072060
2017/04/21 08:00:00,1.072300,1.072760,1.072080,1.072390,1.072060,1.072520,1.071840,1.072140
2017/04/21 08:30:00,1.072390,1.072540,1.071790,1.071990,1.072140,1.072310,1.071550,1.071730
2017/04/21 09:00:00,1.071990,1.072110,1.069780,1.070460,1.071730,1.071870,1.069430,1.070220
2017/04/21 09:30:00,1.070460,1.070810,1.070270,1.070660,1.070220,1.070570,1.070020,1.070410
2017/04/21 10:00:00,1.070660,1.070790,1.069070,1.069150,1.070410,1.070550,1.068790,1.068910
2017/04/21 10:30:00,1.069150,1.070220,1.068920,1.070200,1.068910,1.069980,1.068690,1.069960
2017/04/21 11:00:00,1.070200,1.070480,1.069310,1.070480,1.069960,1.070250,1.069070,1.070250
2017/04/21 11:30:00,1.070480,1.070600,1.069230,1.069240,1.070250,1.070350,1.068980,1.068990
2017/04/21 12:00:00,1.069240,1.070230,1.069100,1.070100,1.068990,1.070000,1.068860,1.069860
2017/04/21 12:30:00,1.070100,1.070530,1.069780,1.070230,1.069860,1.070290,1.069540,1.069990
2017/04/21 13:00:00,1.070230,1.071240,1.069930,1.070370,1.069990,1.070960,1.069690,1.070120
2017/04/21 13:30:00,1.070370,1.070750,1.069740,1.069990,1.070120,1.070500,1.069510,1.069680
2017/04/21 14:00:00,1.069990,1.070660,1.068790,1.070500,1.069680,1.070400,1.068550,1.070280
2017/04/21 14:30:00,1.070500,1.070610,1.068720,1.068880,1.070280,1.070380,1.068480,1.068640
2017/04/21 15:00:00,1.068880,1.070120,1.068790,1.069870,1.068640,1.069890,1.068560,1.069630
2017/04/21 15:30:00,1.069870,1.070190,1.069060,1.069490,1.069630,1.069990,1.068850,1.069250
2017/04/21 16:00:00,1.069490,1.069680,1.068940,1.069060,1.069250,1.069430,1.068700,1.068820
2017/04/21 16:30:00,1.069060,1.069580,1.068340,1.069370,1.068820,1.069340,1.068110,1.069130
2017/04/21 17:00:00,1.069370,1.070440,1.069320,1.070410,1.069130,1.070200,1.069080,1.070200
2017/04/21 17:30:00,1.070410,1.071130,1.069760,1.070020,1.070200,1.070880,1.069510,1.069790
2017/04/21 18:00:00,1.070020,1.070150,1.068850,1.069430,1.069790,1.069920,1.068610,1.069200
2017/04/21 18:30:00,1.069430,1.070090,1.069320,1.069600,1.069200,1.069840,1.069080,1.069360
2017/04/21 19:00:00,1.069600,1.070000,1.069320,1.069510,1.069360,1.069760,1.069080,1.069260
2017/04/21 19:30:00,1.069510,1.070660,1.069320,1.070440,1.069260,1.070410,1.069090,1.070200
2017/04/21 20:00:00,1.070440,1.071010,1.070010,1.070900,1.070200,1.070750,1.069760,1.070650
2017/04/21 20:30:00,1.070900,1.073500,1.070570,1.072750,1.070650,1.072970,1.070280,1.072350
2017/04/23 19:00:00,1.072750,1.094240,1.072750,1.091040,1.072350,1.093080,1.072350,1.089870
2017/04/23 19:30:00,1.091040,1.091250,1.088080,1.091040,1.089870,1.090560,1.087080,1.090230
2017/04/23 20:00:00,1.091040,1.092840,1.091040,1.092570,1.090230,1.092150,1.090230,1.091760
2017/04/23 20:30:00,1.092570,1.094090,1.092400,1.092470,1.091760,1.093280,1.091660,1.091740
2017/04/23 21:00:00,1.092470,1.092470,1.088620,1.088710,1.091740,1.091740,1.086630,1.087890
2017/04/23 21:30:00,1.088710,1.090130,1.088300,1.090060,1.087890,1.089660,1.087750,1.089500
2017/04/23 22:00:00,1.090060,1.090690,1.087770,1.088810,1.089500,1.089810,1.086850,1.088510
2017/04/23 22:30:00,1.088810,1.088820,1.087140,1.088560,1.088510,1.088520,1.086840,1.088290
2017/04/23 23:00:00,1.088560,1.089160,1.087340,1.087460,1.088290,1.088870,1.087070,1.087220
2017/04/23 23:30:00,1.087460,1.087570,1.086610,1.087480,1.087220,1.087340,1.086350,1.087220
2017/04/24 00:00:00,1.087480,1.087790,1.084150,1.084420,1.087220,1.087580,1.083800,1.084160
2017/04/24 00:30:00,1.084420,1.085310,1.083900,1.085160,1.084160,1.085080,1.083630,1.084920
2017/04/24 01:00:00,1.085160,1.085690,1.084480,1.084900,1.084920,1.085450,1.084230,1.084640
2017/04/24 01:30:00,1.084900,1.084910,1.083790,1.084160,1.084640,1.084660,1.083520,1.083930
2017/04/24 02:00:00,1.084160,1.084170,1.082200,1.082780,1.083930,1.083960,1.081970,1.082540
2017/04/24 02:30:00,1.082780,1.084010,1.082520,1.083940,1.082540,1.083760,1.082280,1.083700
2017/04/24 03:00:00,1.083940,1.085280,1.083570,1.085000,1.083700,1.085030,1.083330,1.084760
2017/04/24 03:30:00,1.085000,1.085160,1.084410,1.084540,1.084760,1.084920,1.084170,1.084300
2017/04/24 04:00:00,1.084540,1.084980,1.084290,1.084610,1.084300,1.084730,1.084040,1.084370
2017/04/24 04:30:00,1.084610,1.086260,1.084530,1.085970,1.084370,1.085900,1.084300,1.085760
2017/04/24 05:00:00,1.085970,1.086450,1.085120,1.085290,1.085760,1.086200,1.084870,1.085040
2017/04/24 05:30:00,1.085290,1.087880,1.084700,1.086940,1.085040,1.087640,1.084450,1.086700
2017/04/24 06:00:00,1.086940,1.087090,1.085400,1.085470,1.086700,1.086850,1.085160,1.085220
2017/04/24 06:30:00,1.085470,1.085480,1.083290,1.084510,1.085220,1.085250,1.083070,1.084130
2017/04/24 07:00:00,1.084510,1.085170,1.083430,1.084520,1.084130,1.084940,1.083180,1.084280
2017/04/24 07:30:00,1.084520,1.086780,1.084170,1.085730,1.084280,1.086540,1.083940,1.085440
2017/04/24 08:00:00,1.085730,1.087680,1.085610,1.086660,1.085440,1.087430,1.085370,1.086410
2017/04/24 08:30:00,1.086660,1.086910,1.085040,1.085960,1.086410,1.086670,1.084790,1.085720
2017/04/24 09:00:00,1.085960,1.087830,1.085630,1.087520,1.085720,1.087560,1.085390,1.087290
2017/04/24 09:30:00,1.087520,1.087870,1.086800,1.087200,1.087290,1.087650,1.086560,1.086960
2017/04/24 10:00:00,1.087200,1.087380,1.086280,1.086490,1.086960,1.087140,1.086040,1.086250
2017/04/24 10:30:00,1.086490,1.086700,1.085270,1.085940,1.086250,1.086460,1.085030,1.085710
2017/04/24 11:00:00,1.085940,1.086440,1.085350,1.085400,1.085710,1.086200,1.085100,1.085180
2017/04/24 11:30:00,1.085400,1.085690,1.084240,1.084310,1.085180,1.085450,1.084000,1.084070
2017/04/24 12:00:00,1.084310,1.085480,1.084270,1.085470,1.084070,1.085230,1.084030,1.085220
2017/04/24 12:30:00,1.085470,1.086670,1.085400,1.085860,1.085220,1.086420,1.085150,1.085620
2017/04/24 13:00:00,1.085860,1.087370,1.085810,1.087070,1.085620,1.087130,1.085560,1.086820
2017/04/24 13:30:00,1.087070,1.087490,1.086470,1.086670,1.086820,1.087250,1.086220,1.086430
2017/04/24 14:00:00,1.086670,1.087170,1.086130,1.086290,1.086430,1.086930,1.085870,1.086060
2017/04/24 14:30:00,1.086290,1.086540,1.085640,1.086130,1.086060,1.086310,1.085400,1.085910
2017/04/24 15:00:00,1.086130,1.086960,1.086060,1.086100,1.085910,1.086700,1.085810,1.085860
2017/04/24 15:30:00,1.086100,1.086300,1.084870,1.084940,1.085860,1.086070,1.084630,1.084690
2017/04/24 16:00:00,1.084940,1.085490,1.084430,1.085290,1.084690,1.085240,1.084190,1.085070
2017/04/24 16:30:00,1.085290,1.085510,1.083640,1.084250,1.085070,1.085290,1.083400,1.084020
2017/04/24 17:00:00,1.084250,1.085080,1.084240,1.084850,1.084020,1.084840,1.083970,1.084630
2017/04/24 17:30:00,1.084850,1.085130,1.084460,1.084970,1.084630,1.084880,1.084210,1.084730
2017/04/24 18:00:00,1.084970,1.085350,1.084740,1.085080,1.084730,1.085100,1.084490,1.084860
2017/04/24 18:30:00,1.085080,1.086020,1.084920,1.085960,1.084860,1.085790,1.084670,1.085710
2017/04/24 19:00:00,1.085960,1.086220,1.085630,1.086100,1.085710,1.085990,1.085400,1.085860
2017/04/24 19:30:00,1.086100,1.087120,1.086070,1.086940,1.085860,1.086870,1.085820,1.086690
2017/04/24 20:00:00,1.086940,1.087130,1.086630,1.086630,1.086690,1.086890,1.086380,1.086390
2017/04/24 20:30:00,1.086630,1.086930,1.086600,1.086800,1.086390,1.086610,1.086350,1.086400
2017/04/24 21:00:00,1.086800,1.087050,1.086760,1.086820,1.086400,1.086810,1.086400,1.086530
2017/04/24 21:30:00,1.086820,1.086960,1.086530,1.086660,1.086530,1.086700,1.086260,1.086360
2017/04/24 22:00:00,1.086660,1.086980,1.086650,1.086970,1.086360,1.086740,1.086350,1.086730
2017/04/24 22:30:00,1.086970,1.087050,1.086690,1.086890,1.086730,1.086800,1.086440,1.086640
2017/04/24 23:00:00,1.086890,1.086900,1.086650,1.086660,1.086640,1.086640,1.086410,1.086410
2017/04/24 23:30:00,1.086660,1.086740,1.086450,1.086640,1.086410,1.086500,1.086220,1.086390
2017/04/25 00:00:00,1.086640,1.087200,1.086640,1.086790,1.086390,1.086940,1.086390,1.086550
2017/04/25 00:30:00,1.086790,1.086850,1.086360,1.086380,1.086550,1.086600,1.086110,1.086140
2017/04/25 01:00:00,1.086380,1.086430,1.085820,1.086060,1.086140,1.086190,1.085570,1.085810
2017/04/25 01:30:00,1.086060,1.086630,1.085550,1.085630,1.085810,1.086380,1.085270,1.085360
2017/04/25 02:00:00,1.085630,1.086000,1.085260,1.085750,1.085360,1.085750,1.085020,1.085500
2017/04/25 02:30:00,1.085750,1.086310,1.085700,1.086310,1.085500,1.086070,1.085460,1.086070
2017/04/25 03:00:00,1.086310,1.086490,1.086180,1.086340,1.086070,1.086240,1.085940,1.086100
2017/04/25 03:30:00,1.086340,1.086420,1.086120,1.086130,1.086100,1.086170,1.085890,1.085900
2017/04/25 04:00:00,1.086130,1.086440,1.085820,1.086310,1.085900,1.086190,1.085580,1.086060
2017/04/25 04:30:00,1.086310,1.086720,1.086290,1.086460,1.086060,1.086470,1.086040,1.086220
2017/04/25 05:00:00,1.086460,1.086870,1.086440,1.086850,1.086220,1.086630,1.086190,1.086610
2017/04/25 05:30:00,1.086850,1.087340,1.086450,1.086650,1.086610,1.087090,1.086210,1.086400
2017/04/25 06:00:00,1.086650,1.087300,1.086440,1.086550,1.086400,1.087040,1.086220,1.086300
2017/04/25 06:30:00,1.086550,1.089020,1.086520,1.088400,1.086300,1.088720,1.086290,1.088150
2017/04/25 07:00:00,1.088400,1.089080,1.087610,1.088890,1.088150,1.088850,1.087360,1.088650
2017/04/25 07:30:00,1.088890,1.089490,1.088600,1.088690,1.088650,1.089250,1.088360,1.088450
2017/04/25 08:00:00,1.088690,1.089180,1.088500,1.088710,1.088450,1.088950,1.088260,1.088470
2017/04/25 08:30:00,1.088710,1.089580,1.088580,1.089360,1.088470,1.089320,1.088350,1.089120
2017/04/25 09:00:00,1.089360,1.089950,1.089220,1.089870,1.089120,1.089690,1.088990,1.089620
2017/04/25 09:30:00,1.089870,1.090020,1.088330,1.088440,1.089620,1.089760,1.088080,1.088200
2017/04/25 10:00:00,1.088440,1.088590,1.087850,1.087950,1.088200,1.088350,1.087600,1.087710
2017/04/25 10:30:00,1.087950,1.088160,1.087200,1.088010,1.087710,1.087910,1.086950,1.087760
2017/04/25 11:00:00,1.088010,1.088360,1.087840,1.088000,1.087760,1.088120,1.087600,1.087760
2017/04/25 11:30:00,1.088000,1.088920,1.087780,1.088910,1.087760,1.088680,1.087530,1.088670
2017/04/25 12:00:00,1.088910,1.089710,1.088730,1.089610,1.088670,1.089460,1.088500,1.089360
2017/04/25 12:30:00,1.089610,1.089750,1.089000,1.089020,1.089360,1.089520,1.088760,1.088780
2017/04/25 13:00:00,1.089020,1.089410,1.088090,1.088660,1.088780,1.089160,1.087860,1.088430
2017/04/25 13:30:00,1.088660,1.090450,1.088660,1.090260,1.088430,1.090020,1.088430,1.089770
2017/04/25 14:00:00,1.090260,1.093400,1.089160,1.092770,1.089770,1.093140,1.088880,1.092510
2017/04/25 14:30:00,1.092770,1.093160,1.092310,1.092930,1.092510,1.092930,1.092070,1.092680
2017/04/25 15:00:00,1.092930,1.093660,1.092080,1.093400,1.092680,1.093390,1.091840,1.093150
2017/04/25 15:30:00,1.093400,1.094300,1.093200,1.094210,1.093150,1.094030,1.092960,1.093960
2017/04/25 16:00:00,1.094210,1.095020,1.093960,1.094500,1.093960,1.094770,1.093720,1.094260
2017/04/25 16:30:00,1.094500,1.095150,1.094300,1.095060,1.094260,1.094890,1.094050,1.094810
2017/04/25 17:00:00,1.095060,1.095120,1.094110,1.094140,1.094810,1.094890,1.093850,1.093890
2017/04/25 17:30:00,1.094140,1.094400,1.093440,1.093650,1.093890,1.094140,1.093200,1.093420
2017/04/25 18:00:00,1.093650,1.093870,1.093190,1.093590,1.093420,1.093620,1.092950,1.093370
2017/04/25 18:30:00,1.093590,1.094250,1.093560,1.093900,1.093370,1.094000,1.093330,1.093650
2017/04/25 19:00:00,1.093900,1.093950,1.092850,1.092960,1.093650,1.093700,1.092610,1.092710
2017/04/25 19:30:00,1.092960,1.093910,1.092650,1.093880,1.092710,1.093670,1.092430,1.093640
2017/04/25 20:00:00,1.093880,1.093890,1.093470,1.093600,1.093640,1.093650,1.093250,1.093370
2017/04/25 20:30:00,1.093600,1.093640,1.092700,1.092790,1.093370,1.093410,1.092400,1.092490
2017/04/25 21:00:00,1.092790,1.093430,1.092710,1.092850,1.092490,1.093110,1.092120,1.092550
2017/04/25 21:30:00,1.092850,1.093250,1.092670,1.092940,1.092550,1.092900,1.092420,1.092720
2017/04/25 22:00:00,1.092940,1.093250,1.092860,1.093090,1.092720,1.093010,1.092580,1.092830
2017/04/25 22:30:00,1.093090,1.093200,1.092900,1.093100,1.092830,1.092970,1.092650,1.092860
2017/04/25 23:00:00,1.093100,1.093190,1.092490,1.092670,1.092860,1.092940,1.092230,1.092420
2017/04/25 23:30:00,1.092670,1.093080,1.092540,1.092910,1.092420,1.092840,1.092290,1.092660
2017/04/26 00:00:00,1.092910,1.094020,1.092860,1.093950,1.092660,1.093780,1.092620,1.093700
2017/04/26 00:30:00,1.093950,1.094660,1.093840,1.093910,1.093700,1.094380,1.093600,1.093660
2017/04/26 01:00:00,1.093910,1.094190,1.093210,1.093510,1.093660,1.093950,1.092960,1.093260
2017/04/26 01:30:00,1.093510,1.094110,1.093210,1.093880,1.093260,1.093880,1.092960,1.093640
2017/04/26 02:00:00,1.093880,1.094190,1.093600,1.093680,1.093640,1.093930,1.093350,1.093420
2017/04/26 02:30:00,1.093680,1.094100,1.093470,1.094030,1.093420,1.093850,1.093220,1.093780
2017/04/26 03:00:00,1.094030,1.094120,1.093820,1.093870,1.093780,1.093880,1.093570,1.093630
2017/04/26 03:30:00,1.093870,1.093900,1.093670,1.093780,1.093630,1.093660,1.093420,1.093540
2017/04/26 04:00:00,1.093780,1.094540,1.093740,1.094410,1.093540,1.094300,1.093520,1.094160
2017/04/26 04:30:00,1.094410,1.094890,1.094160,1.094170,1.094160,1.094670,1.093910,1.093930
2017/04/26 05:00:00,1.094170,1.095170,1.094170,1.094610,1.093930,1.094870,1.093920,1.094370
2017/04/26 05:30:00,1.094610,1.094840,1.094430,1.094740,1.094370,1.094580,1.094180,1.094480
2017/04/26 06:00:00,1.094740,1.095210,1.093630,1.093780,1.094480,1.094980,1.093370,1.093540
2017/04/26 06:30:00,1.093780,1.093850,1.092330,1.092620,1.093540,1.093600,1.092090,1.092370
2017/04/26 07:00:00,1.092620,1.093380,1.091890,1.092300,1.092370,1.093150,1.091630,1.092050
2017/04/26 07:30:00,1.092300,1.092400,1.090590,1.091500,1.092050,1.092170,1.090340,1.091260
2017/04/26 08:00:00,1.091500,1.091970,1.090350,1.090560,1.091260,1.091720,1.090100,1.090320
2017/04/26 08:30:00,1.090560,1.091270,1.089700,1.090400,1.090320,1.091020,1.089430,1.090150
2017/04/26 09:00:00,1.090400,1.090870,1.090100,1.090570,1.090150,1.090620,1.089860,1.090330
2017/04/26 09:30:00,1.090570,1.090850,1.089350,1.090200,1.090330,1.090610,1.089110,1.089960
2017/04/26 10:00:00,1.090200,1.090200,1.088670,1.088940,1.089960,1.089960,1.088430,1.088710
2017/04/26 10:30:00,1.088940,1.089380,1.088330,1.089360,1.088710,1.089130,1.088080,1.089110
2017/04/26 11:00:00,1.089360,1.089940,1.089290,1.089550,1.089110,1.089690,1.089060,1.089320
2017/04/26 11:30:00,1.089550,1.089760,1.089280,1.089470,1.089320,1.089520,1.089030,1.089220
2017/04/26 12:00:00,1.089470,1.089860,1.089070,1.089650,1.089220,1.089620,1.088830,1.089410
2017/04/26 12:30:00,1.089650,1.089680,1.088240,1.088840,1.089410,1.089430,1.087990,1.088610
2017/04/26 13:00:00,1.088840,1.089190,1.087560,1.087750,1.088610,1.088930,1.087300,1.087510
2017/04/26 13:30:00,1.087750,1.089210,1.087490,1.089110,1.087510,1.088970,1.087230,1.088860
2017/04/26 14:00:00,1.089110,1.089600,1.088680,1.089480,1.088860,1.089370,1.088430,1.089230
2017/04/26 14:30:00,1.089480,1.089640,1.087720,1.087740,1.089230,1.089400,1.087480,1.087500
2017/04/26 15:00:00,1.087740,1.088570,1.087410,1.087590,1.087500,1.088320,1.087180,1.087380
2017/04/26 15:30:00,1.087590,1.087670,1.085690,1.087360,1.087380,1.087420,1.085420,1.087100
2017/04/26 16:00:00,1.087360,1.087850,1.086800,1.087700,1.087100,1.087600,1.086550,1.087470
2017/04/26 16:30:00,1.087700,1.088030,1.087040,1.087660,1.087470,1.087790,1.086800,1.087430
2017/04/26 17:00:00,1.087660,1.087910,1.087400,1.087850,1.087430,1.087670,1.087150,1.087600
2017/04/26 17:30:00,1.087850,1.089970,1.086270,1.089970,1.087600,1.089720,1.086020,1.089720
2017/04/26 18:00:00,1.089970,1.091390,1.089530,1.090200,1.089720,1.091200,1.089290,1.089950
2017/04/26 18:30:00,1.090200,1.090330,1.088970,1.089880,1.089950,1.090080,1.088730,1.089650
2017/04/26 19:00:00,1.089880,1.090150,1.089390,1.089810,1.089650,1.089910,1.089150,1.089560
2017/04/26 19:30:00,1.089810,1.091180,1.089620,1.090830,1.089560,1.090930,1.089370,1.090570
2017/04/26 20:00:00,1.090830,1.091080,1.090730,1.090740,1.090570,1.090850,1.090490,1.090520
2017/04/26 20:30:00,1.090740,1.090860,1.090450,1.090680,1.090520,1.090600,1.090150,1.090280
2017/04/26 21:00:00,1.090680,1.090840,1.090490,1.090640,1.090280,1.090450,1.090170,1.090330
2017/04/26 21:30:00,1.090640,1.090810,1.090410,1.090740,1.090330,1.090400,1.089920,1.090350
2017/04/26 22:00:00,1.090740,1.090790,1.090340,1.090710,1.090350,1.090490,1.089940,1.090460
2017/04/26 22:30:00,1.090710,1.091020,1.090630,1.090990,1.090460,1.090760,1.090370,1.090720
2017/04/26 23:00:00,1.090990,1.091140,1.090780,1.090990,1.090720,1.090900,1.090540,1.090740
2017/04/26 23:30:00,1.090990,1.091090,1.090870,1.090980,1.090740,1.090850,1.090620,1.090720
2017/04/27 00:00:00,1.090980,1.091730,1.090920,1.091470,1.090720,1.091460,1.090690,1.091230
2017/04/27 00:30:00,1.091470,1.091500,1.090770,1.090800,1.091230,1.091260,1.090510,1.090550
2017/04/27 01:00:00,1.090800,1.091150,1.090530,1.090900,1.090550,1.090920,1.090290,1.090670
2017/04/27 01:30:00,1.090900,1.091190,1.090770,1.091140,1.090670,1.090960,1.090510,1.090900
2017/04/27 02:00:00,1.091140,1.091760,1.091110,1.091690,1.090900,1.091520,1.090860,1.091450
2017/04/27 02:30:00,1.091690,1.092240,1.091130,1.091160,1.091450,1.092000,1.090890,1.090910
2017/04/27 03:00:00,1.091160,1.091720,1.091150,1.091510,1.090910,1.091490,1.090900,1.091260
2017/04/27 03:30:00,1.091510,1.091550,1.090980,1.091000,1.091260,1.091320,1.090730,1.090750
2017/04/27 04:00:00,1.091000,1.091110,1.090650,1.090890,1.090750,1.090870,1.090410,1.090650
2017/04/27 04:30:00,1.090890,1.090890,1.090460,1.090640,1.090650,1.090670,1.090210,1.090400
2017/04/27 05:00:00,1.090640,1.090890,1.090490,1.090640,1.090400,1.090660,1.090240,1.090400
2017/04/27 05:30:00,1.090640,1.090780,1.090090,1.090140,1.090400,1.090550,1.089840,1.089900
2017/04/27 06:00:00,1.090140,1.090460,1.089730,1.089920,1.089900,1.090220,1.089490,1.089680
2017/04/27 06:30:00,1.089920,1.090850,1.089890,1.090780,1.089680,1.090600,1.089650,1.090520
2017/04/27 07:00:00,1.090780,1.091980,1.090780,1.091470,1.090520,1.091720,1.090520,1.091230
2017/04/27 07:30:00,1.091470,1.091620,1.090370,1.090660,1.091230,1.091380,1.090120,1.090410
2017/04/27 08:00:00,1.090660,1.091810,1.090550,1.091570,1.090410,1.091560,1.090310,1.091330
2017/04/27 08:30:00,1.091570,1.092150,1.090470,1.090890,1.091330,1.091910,1.090220,1.090640
2017/04/27 09:00:00,1.090890,1.091110,1.089330,1.089450,1.090640,1.090870,1.089080,1.089200
2017/04/27 09:30:00,1.089450,1.089940,1.089310,1.089770,1.089200,1.089700,1.089070,1.089520
2017/04/27 10:00:00,1.089770,1.090780,1.089750,1.090740,1.089520,1.090540,1.089510,1.090480
2017/04/27 10:30:00,1.090740,1.090890,1.089640,1.089960,1.090480,1.090650,1.089400,1.089710
2017/04/27 11:00:00,1.089960,1.090260,1.089680,1.090100,1.089710,1.090020,1.089440,1.089860
2017/04/27 11:30:00,1.090100,1.090310,1.088120,1.088800,1.089860,1.090060,1.087870,1.088560
2017/04/27 12:00:00,1.088800,1.089480,1.088140,1.089320,1.088560,1.089190,1.087890,1.088590
2017/04/27 12:30:00,1.089320,1.093450,1.088820,1.089660,1.088590,1.093170,1.088480,1.089410
2017/04/27 13:00:00,1.089660,1.089800,1.085840,1.088280,1.089410,1.089540,1.085570,1.088030
2017/04/27 13:30:00,1.088280,1.088280,1.085380,1.086370,1.088030,1.088040,1.085140,1.086110
2017/04/27 14:00:00,1.086370,1.086800,1.085290,1.086750,1.086110,1.086550,1.085050,1.086500
2017/04/27 14:30:00,1.086750,1.087350,1.086390,1.086600,1.086500,1.087120,1.086150,1.086360
2017/04/27 15:00:00,1.086600,1.087050,1.086410,1.086540,1.086360,1.086800,1.086160,1.086300
2017/04/27 15:30:00,1.086540,1.087340,1.086200,1.086480,1.086300,1.087100,1.085970,1.086240
2017/04/27 16:00:00,1.086480,1.088110,1.085930,1.087170,1.086240,1.087880,1.085690,1.086930
2017/04/27 16:30:00,1.087170,1.087980,1.086990,1.087700,1.086930,1.087740,1.086770,1.087450
2017/04/27 17:00:00,1.087700,1.088910,1.087580,1.087760,1.087450,1.088610,1.087350,1.087520
2017/04/27 17:30:00,1.087760,1.088300,1.087520,1.088250,1.087520,1.088050,1.087300,1.088000
2017/04/27 18:00:00,1.088250,1.088660,1.087930,1.088580,1.088000,1.088420,1.087690,1.088330
2017/04/27 18:30:00,1.088580,1.088590,1.087860,1.088270,1.088330,1.088340,1.087620,1.088020
2017/04/27 19:00:00,1.088270,1.088560,1.087750,1.088440,1.088020,1.088330,1.087510,1.088210
2017/04/27 19:30:00,1.088440,1.088580,1.087360,1.087590,1.088210,1.088340,1.087100,1.087350
2017/04/27 20:00:00,1.087590,1.088110,1.087550,1.087590,1.087350,1.087890,1.087300,1.087380
2017/04/27 20:30:00,1.087590,1.087730,1.087140,1.087320,1.087380,1.087470,1.086860,1.086900
2017/04/27 21:00:00,1.087320,1.087650,1.087320,1.087520,1.086900,1.087360,1.086750,1.087230
2017/04/27 21:30:00,1.087520,1.087660,1.087330,1.087600,1.087230,1.087350,1.086970,1.087230
2017/04/27 22:00:00,1.087600,1.087740,1.087110,1.087360,1.087230,1.087450,1.086810,1.087040
2017/04/27 22:30:00,1.087360,1.087560,1.087150,1.087160,1.087040,1.087280,1.086850,1.086890
2017/04/27 23:00:00,1.087160,1.087330,1.086320,1.086320,1.086890,1.087080,1.086060,1.086080
2017/04/27 23:30:00,1.086320,1.086670,1.086180,1.086660,1.086080,1.086410,1.085940,1.086410
2017/04/28 00:00:00,1.086660,1.086970,1.086280,1.086700,1.086410,1.086730,1.086040,1.086460
2017/04/28 00:30:00,1.086700,1.086790,1.086170,1.086190,1.086460,1.086560,1.085920,1.085980
2017/04/28 01:00:00,1.086190,1.087220,1.085860,1.087140,1.085980,1.086980,1.085590,1.086890
2017/04/28 01:30:00,1.087140,1.087150,1.086590,1.086890,1.086890,1.086920,1.086340,1.086660
2017/04/28 02:00:00,1.086890,1.087350,1.086840,1.087190,1.086660,1.087120,1.086600,1.086950
2017/04/28 02:30:00,1.087190,1.087200,1.086830,1.086960,1.086950,1.086950,1.086590,1.086720
2017/04/28 03:00:00,1.086960,1.086990,1.086760,1.086870,1.086720,1.086750,1.086530,1.086650
2017/04/28 03:30:00,1.086870,1.086940,1.086770,1.086800,1.086650,1.086730,1.086520,1.086570
2017/04/28 04:00:00,1.086800,1.086950,1.086740,1.086770,1.086570,1.086710,1.086480,1.086520
2017/04/28 04:30:00,1.086770,1.086900,1.086440,1.086560,1.086520,1.086660,1.086210,1.086340
2017/04/28 05:00:00,1.086560,1.086720,1.086260,1.086410,1.086340,1.086480,1.086030,1.086170
2017/04/28 05:30:00,1.086410,1.086520,1.085850,1.086390,1.086170,1.086300,1.085590,1.086140
2017/04/28 06:00:00,1.086390,1.087600,1.086380,1.087300,1.086140,1.087300,1.086140,1.087050
2017/04/28 06:30:00,1.087300,1.088640,1.087080,1.088120,1.087050,1.088400,1.086850,1.087880
2017/04/28 07:00:00,1.088120,1.089130,1.088120,1.088650,1.087880,1.088870,1.087860,1.088400
2017/04/28 07:30:00,1.088650,1.089110,1.088540,1.088670,1.088400,1.088870,1.088290,1.088430
2017/04/28 08:00:00,1.088670,1.089850,1.088450,1.089530,1.088430,1.089570,1.088220,1.089290
2017/04/28 08:30:00,1.089530,1.090370,1.089340,1.090340,1.089290,1.090070,1.089100,1.090070
2017/04/28 09:00:00,1.090340,1.094880,1.090340,1.093650,1.090070,1.094620,1.089980,1.093400
2017/04/28 09:30:00,1.093650,1.094190,1.093300,1.093890,1.093400,1.093940,1.093050,1.093650
2017/04/28 10:00:00,1.093890,1.094300,1.093570,1.093590,1.093650,1.094070,1.093330,1.093350
2017/04/28 10:30:00,1.093590,1.094640,1.093550,1.093970,1.093350,1.094400,1.093320,1.093720
2017/04/28 11:00:00,1.093970,1.094100,1.092760,1.093520,1.093720,1.093860,1.092530,1.093280
2017/04/28 11:30:00,1.093520,1.093790,1.093180,1.093570,1.093280,1.093540,1.092940,1.093330
2017/04/28 12:00:00,1.093570,1.093600,1.092290,1.092940,1.093330,1.093360,1.092030,1.092610
2017/04/28 12:30:00,1.092940,1.093160,1.090860,1.091330,1.092610,1.092930,1.090560,1.091090
2017/04/28 13:00:00,1.091330,1.091460,1.090190,1.091190,1.091090,1.091220,1.089940,1.090960
2017/04/28 13:30:00,1.091190,1.092120,1.091100,1.091900,1.090960,1.091880,1.090860,1.091650
2017/04/28 14:00:00,1.091900,1.092280,1.089560,1.090630,1.091650,1.092040,1.089320,1.090390
2017/04/28 14:30:00,1.090630,1.091550,1.088470,1.089280,1.090390,1.091300,1.088210,1.089020
2017/04/28 15:00:00,1.089280,1.090080,1.088930,1.089640,1.089020,1.089840,1.088690,1.089400
2017/04/28 15:30:00,1.089640,1.090320,1.089530,1.089560,1.089400,1.090090,1.089280,1.089320
2017/04/28 16:00:00,1.089560,1.089750,1.088630,1.089650,1.089320,1.089500,1.088390,1.089410
2017/04/28 16:30:00,1.089650,1.090250,1.089620,1.090210,1.089410,1.090010,1.089380,1.089980
2017/04/28 17:00:00,1.090210,1.090710,1.090010,1.090540,1.089980,1.090480,1.089770,1.090310
2017/04/28 17:30:00,1.090540,1.090730,1.090190,1.090270,1.090310,1.090490,1.089960,1.090030
2017/04/28 18:00:00,1.090270,1.090470,1.089450,1.089470,1.090030,1.090240,1.089210,1.089230
2017/04/28 18:30:00,1.089470,1.090030,1.089470,1.089600,1.089230,1.089790,1.089230,1.089370
2017/04/28 19:00:00,1.089600,1.090130,1.089550,1.089920,1.089370,1.089890,1.089300,1.089680
2017/04/28 19:30:00,1.089920,1.089920,1.089300,1.089450,1.089680,1.089680,1.089060,1.089200
2017/04/28 20:00:00,1.089450,1.089950,1.089070,1.089900,1.089200,1.089690,1.088830,1.089640
2017/04/28 20:30:00,1.089900,1.090490,1.089670,1.090080,1.089640,1.089890,1.089420,1.089660
2017/04/30 19:00:00,1.090080,1.091790,1.090080,1.091790,1.089660,1.090610,1.089660,1.090610
2017/04/30 19:30:00,1.091790,1.092190,1.091090,1.091670,1.090610,1.091710,1.090610,1.090890
2017/04/30 20:00:00,1.091670,1.092040,1.091450,1.091500,1.090890,1.091270,1.090800,1.090930
2017/04/30 20:30:00,1.091500,1.091840,1.091350,1.091840,1.090930,1.091110,1.090880,1.090930
2017/04/30 21:00:00,1.091840,1.091840,1.089590,1.090430,1.090930,1.090930,1.088750,1.089470
2017/04/30 21:30:00,1.090430,1.090620,1.089620,1.090140,1.089470,1.089850,1.088660,1.089250
2017/04/30 22:00:00,1.090140,1.090460,1.089700,1.090460,1.089250,1.090160,1.089010,1.090060
2017/04/30 22:30:00,1.090460,1.090500,1.090130,1.090400,1.090060,1.090200,1.089680,1.090140
2017/04/30 23:00:00,1.090400,1.091150,1.090370,1.091100,1.090140,1.090890,1.090140,1.090840
2017/04/30 23:30:00,1.091100,1.091270,1.090720,1.090720,1.090840,1.091010,1.090460,1.090470
