StartDate,AskOpen,AskHigh,AskLow,AskClose,BidOpen,BidHigh,BidLow,BidClose
2018/01/01 14:00:00,1.200970,1.201490,1.199990,1.201490,1.200440,1.201160,1.199230,1.201000
2018/01/01 22:00:00,1.201490,1.202530,1.200440,1.202530,1.201000,1.202430,1.200180,1.202430
2018/01/02 06:00:00,1.202530,1.208180,1.202320,1.205810,1.202430,1.208080,1.202210,1.205690
2018/01/02 14:00:00,1.205810,1.206590,1.202660,1.205900,1.205690,1.206480,1.202570,1.205770
2018/01/02 22:00:00,1.205900,1.206680,1.204250,1.205880,1.205770,1.206580,1.204130,1.205770
2018/01/03 06:00:00,1.205880,1.206120,1.201140,1.203340,1.205770,1.206010,1.201030,1.203230
2018/01/03 14:00:00,1.203340,1.203350,1.200170,1.201510,1.203230,1.203240,1.200070,1.201370
2018/01/03 22:00:00,1.201510,1.202360,1.200500,1.201980,1.201370,1.202260,1.200380,1.201850
2018/01/04 06:00:00,1.201980,1.207550,1.201780,1.206270,1.201850,1.207450,1.201670,1.206160
2018/01/04 14:00:00,1.206270,1.208960,1.206080,1.206920,1.206160,1.208860,1.205970,1.206770
2018/01/04 22:00:00,1.206920,1.208030,1.206560,1.207210,1.206770,1.207920,1.206380,1.207100
2018/01/05 06:00:00,1.207210,1.208370,1.204220,1.205250,1.207100,1.208250,1.204130,1.205140
2018/01/05 14:00:00,1.205250,1.205650,1.202120,1.203570,1.205140,1.205540,1.202010,1.202690
2018/01/07 14:00:00,1.203570,1.203570,1.202260,1.203230,1.202680,1.202960,1.201630,1.202670
2018/01/07 22:00:00,1.203230,1.205300,1.201270,1.202040,1.202670,1.205170,1.201160,1.201940
2018/01/08 06:00:00,1.202040,1.202340,1.196910,1.197080,1.201940,1.202220,1.196780,1.196960
2018/01/08 14:00:00,1.197080,1.198280,1.195630,1.196800,1.196960,1.198170,1.195510,1.196640
2018/01/08 22:00:00,1.196800,1.197630,1.195860,1.196580,1.196640,1.197510,1.195740,1.196460
2018/01/09 06:00:00,1.196580,1.197150,1.191600,1.192140,1.196460,1.197040,1.191490,1.192020
2018/01/09 14:00:00,1.192140,1.193970,1.191710,1.193760,1.192020,1.193850,1.191580,1.193610
2018/01/09 22:00:00,1.193760,1.195010,1.192770,1.192850,1.193610,1.194880,1.192640,1.192740
2018/01/10 06:00:00,1.192850,1.201860,1.192380,1.199550,1.192740,1.201760,1.192260,1.199440
2018/01/10 14:00:00,1.199550,1.200770,1.194090,1.194880,1.199440,1.200650,1.193990,1.194720
2018/01/10 22:00:00,1.194880,1.197070,1.194200,1.195280,1.194720,1.196970,1.194060,1.195150
2018/01/11 06:00:00,1.195280,1.203590,1.192980,1.203200,1.195150,1.203470,1.192870,1.203090
2018/01/11 14:00:00,1.203200,1.205950,1.202810,1.203250,1.203090,1.205840,1.202690,1.203110
2018/01/11 22:00:00,1.203250,1.206730,1.203150,1.204480,1.203110,1.206600,1.203030,1.204350
2018/01/12 06:00:00,1.204480,1.214930,1.204290,1.212060,1.204350,1.214840,1.204170,1.211930
2018/01/12 14:00:00,1.212060,1.222010,1.211170,1.220930,1.211930,1.221830,1.211060,1.220260
2018/01/14 14:00:00,1.220930,1.220930,1.219160,1.219760,1.220260,1.220260,1.218930,1.219180
2018/01/14 22:00:00,1.219760,1.224060,1.218810,1.222360,1.219180,1.223950,1.218700,1.222230
2018/01/15 06:00:00,1.222360,1.229720,1.220190,1.228380,1.222230,1.229610,1.220080,1.228260
2018/01/15 14:00:00,1.228380,1.229470,1.225500,1.226470,1.228260,1.229330,1.225390,1.226230
2018/01/15 22:00:00,1.226470,1.228030,1.224860,1.226330,1.226230,1.227920,1.224730,1.226210
2018/01/16 06:00:00,1.226330,1.228400,1.220210,1.221510,1.226210,1.228290,1.220090,1.221400
2018/01/16 14:00:00,1.221510,1.228160,1.219570,1.226050,1.221400,1.228040,1.219470,1.225900
2018/01/16 22:00:00,1.226050,1.232380,1.223790,1.224500,1.225900,1.232260,1.223660,1.224370
2018/01/17 06:00:00,1.224500,1.225190,1.219700,1.221980,1.224370,1.225050,1.219570,1.221850
2018/01/17 14:00:00,1.221980,1.228860,1.217800,1.218710,1.221850,1.228740,1.217650,1.218400
2018/01/17 22:00:00,1.218710,1.220950,1.216600,1.220750,1.218400,1.220820,1.216440,1.220610
2018/01/18 06:00:00,1.220750,1.225330,1.218710,1.224990,1.220610,1.225200,1.218590,1.224880
2018/01/18 14:00:00,1.224990,1.226550,1.222040,1.224010,1.224880,1.226430,1.221920,1.223620
2018/01/18 22:00:00,1.224010,1.227080,1.223250,1.226110,1.223620,1.226950,1.223140,1.226020
2018/01/19 06:00:00,1.226110,1.229610,1.223990,1.224410,1.226020,1.229490,1.223870,1.224280
2018/01/19 14:00:00,1.224410,1.225800,1.221540,1.221990,1.224280,1.225670,1.221380,1.221380
2018/01/21 14:00:00,1.221990,1.227560,1.221990,1.227210,1.221380,1.227330,1.221380,1.226910
2018/01/21 22:00:00,1.227210,1.227510,1.221700,1.223190,1.226910,1.227120,1.221560,1.223070
2018/01/22 06:00:00,1.223190,1.226780,1.221460,1.225010,1.223070,1.226650,1.221320,1.224880
2018/01/22 14:00:00,1.225010,1.226350,1.222460,1.226270,1.224880,1.226220,1.222350,1.226120
2018/01/22 22:00:00,1.226270,1.227690,1.225160,1.225870,1.226120,1.227540,1.225030,1.225720
2018/01/23 06:00:00,1.225870,1.227170,1.222360,1.225920,1.225720,1.227040,1.222240,1.225800
2018/01/23 14:00:00,1.225920,1.230680,1.225170,1.229920,1.225800,1.230570,1.225060,1.229770
2018/01/23 22:00:00,1.229920,1.233600,1.229190,1.232520,1.229770,1.233470,1.229060,1.232400
2018/01/24 06:00:00,1.232520,1.236850,1.230340,1.236640,1.232400,1.236740,1.230220,1.236520
2018/01/24 14:00:00,1.236640,1.241560,1.236370,1.240950,1.236520,1.241430,1.236260,1.240640
2018/01/24 22:00:00,1.240950,1.244930,1.238520,1.244870,1.240640,1.244800,1.238400,1.244750
2018/01/25 06:00:00,1.244870,1.249890,1.238950,1.249740,1.244750,1.249800,1.238840,1.249610
2018/01/25 14:00:00,1.249740,1.253860,1.236470,1.239860,1.249610,1.253740,1.236330,1.239250
2018/01/25 22:00:00,1.239860,1.243390,1.237070,1.243160,1.239250,1.243270,1.236920,1.243030
2018/01/26 06:00:00,1.243160,1.249440,1.242130,1.242950,1.243030,1.249310,1.242010,1.242830
2018/01/26 14:00:00,1.242950,1.245080,1.240660,1.243330,1.242830,1.244960,1.240540,1.242820
2018/01/28 14:00:00,1.243330,1.243950,1.242460,1.242980,1.242820,1.243430,1.241950,1.242330
2018/01/28 22:00:00,1.242980,1.243290,1.238570,1.241440,1.242330,1.243170,1.238450,1.241310
2018/01/29 06:00:00,1.241440,1.242950,1.235970,1.236520,1.241310,1.242840,1.235850,1.236400
2018/01/29 14:00:00,1.236520,1.239070,1.233730,1.238400,1.236400,1.238960,1.233610,1.238090
2018/01/29 22:00:00,1.238400,1.238890,1.236090,1.236450,1.238090,1.238760,1.235950,1.236330
2018/01/30 06:00:00,1.236450,1.244870,1.233520,1.244560,1.236330,1.244770,1.233430,1.244440
2018/01/30 14:00:00,1.244560,1.245460,1.238450,1.240320,1.244440,1.245350,1.238330,1.240170
2018/01/30 22:00:00,1.240320,1.243820,1.239700,1.243740,1.240170,1.243700,1.239600,1.243640
2018/01/31 06:00:00,1.243740,1.247370,1.242570,1.246540,1.243640,1.247260,1.242460,1.246420
2018/01/31 14:00:00,1.246540,1.247550,1.238730,1.241420,1.246420,1.247430,1.238620,1.241270
2018/01/31 22:00:00,1.241420,1.242940,1.240620,1.242150,1.241270,1.242820,1.240410,1.242040
2018/02/01 06:00:00,1.242150,1.246290,1.238570,1.244980,1.242040,1.246170,1.238470,1.244860
2018/02/01 14:00:00,1.244980,1.252340,1.243220,1.251310,1.244860,1.252240,1.243100,1.250760
2018/02/01 22:00:00,1.251310,1.251650,1.248930,1.249640,1.250760,1.251490,1.248820,1.249510
2018/02/02 06:00:00,1.249640,1.251870,1.243870,1.244550,1.249510,1.251760,1.243750,1.244450
2018/02/02 14:00:00,1.244550,1.249130,1.240950,1.245980,1.244450,1.249010,1.240860,1.245470
2018/02/04 14:00:00,1.245980,1.245980,1.242770,1.243660,1.245470,1.245470,1.242530,1.243450
2018/02/04 22:00:00,1.243660,1.246720,1.242520,1.246120,1.243450,1.246590,1.242370,1.245980
2018/02/05 06:00:00,1.246120,1.247540,1.243660,1.243810,1.245980,1.247440,1.243550,1.243700
2018/02/05 14:00:00,1.243810,1.243850,1.236330,1.236830,1.243700,1.243740,1.236190,1.236620
2018/02/05 22:00:00,1.236830,1.238910,1.235160,1.237640,1.236620,1.238770,1.235040,1.237520
2018/02/06 06:00:00,1.237640,1.243520,1.232270,1.234440,1.237520,1.243410,1.232170,1.234320
2018/02/06 14:00:00,1.234440,1.240510,1.231440,1.237830,1.234320,1.240420,1.231320,1.237650
2018/02/06 22:00:00,1.237830,1.239410,1.237240,1.239130,1.237650,1.239280,1.236950,1.238990
2018/02/07 06:00:00,1.239130,1.240680,1.233420,1.233790,1.238990,1.240560,1.233310,1.233670
2018/02/07 14:00:00,1.233790,1.234570,1.224610,1.226630,1.233670,1.234460,1.224520,1.226240
2018/02/07 22:00:00,1.226630,1.228730,1.225300,1.227530,1.226240,1.228610,1.225080,1.227430
2018/02/08 06:00:00,1.227530,1.229550,1.221260,1.227580,1.227430,1.229440,1.221160,1.227480
2018/02/08 14:00:00,1.227580,1.229570,1.223280,1.224810,1.227480,1.229440,1.223170,1.224630
2018/02/08 22:00:00,1.224810,1.226480,1.224080,1.225820,1.224630,1.226330,1.223960,1.225700
2018/02/09 06:00:00,1.225820,1.228790,1.222770,1.227730,1.225700,1.228670,1.222680,1.227600
2018/02/09 14:00:00,1.227730,1.227730,1.220630,1.225570,1.227600,1.227600,1.220500,1.224890
2018/02/11 14:00:00,1.225570,1.225570,1.224780,1.225110,1.224890,1.225030,1.224410,1.224730
2018/02/11 22:00:00,1.225110,1.229820,1.224490,1.228340,1.224730,1.229720,1.224100,1.228210
2018/02/12 06:00:00,1.228340,1.229650,1.223560,1.224370,1.228210,1.229540,1.223440,1.224240
2018/02/12 14:00:00,1.224370,1.229810,1.223790,1.229340,1.224240,1.229690,1.223670,1.229030
2018/02/12 22:00:00,1.229340,1.231640,1.228520,1.231420,1.229030,1.231520,1.228380,1.231300
2018/02/13 06:00:00,1.231420,1.235650,1.231000,1.234380,1.231300,1.235550,1.230890,1.234290
2018/02/13 14:00:00,1.234380,1.237180,1.234330,1.235350,1.234290,1.237050,1.234220,1.234940
2018/02/13 22:00:00,1.235350,1.239310,1.234840,1.237930,1.234940,1.239200,1.234660,1.237800
2018/02/14 06:00:00,1.237930,1.238650,1.227650,1.230500,1.237800,1.238520,1.227530,1.230380
2018/02/14 14:00:00,1.230500,1.246560,1.230170,1.245240,1.230380,1.246470,1.230060,1.244880
2018/02/14 22:00:00,1.245240,1.247390,1.244870,1.246620,1.244880,1.247300,1.244740,1.246500
2018/02/15 06:00:00,1.246620,1.251100,1.246110,1.247430,1.246500,1.250980,1.245990,1.247320
2018/02/15 14:00:00,1.247430,1.250950,1.245760,1.250740,1.247320,1.250840,1.245670,1.250560
2018/02/15 22:00:00,1.250740,1.255600,1.249740,1.254960,1.250560,1.255520,1.249610,1.254840
2018/02/16 06:00:00,1.254960,1.254970,1.245010,1.245310,1.254840,1.254840,1.244920,1.245200
2018/02/16 14:00:00,1.245310,1.246070,1.239380,1.241350,1.245200,1.245970,1.239280,1.240860
2018/02/18 14:00:00,1.241350,1.241350,1.240040,1.240570,1.240860,1.240860,1.239630,1.239930
2018/02/18 22:00:00,1.240570,1.243600,1.240460,1.241000,1.239930,1.243460,1.239930,1.240880
2018/02/19 06:00:00,1.241000,1.242770,1.237070,1.237350,1.240880,1.242650,1.236970,1.237220
2018/02/19 14:00:00,1.237350,1.241620,1.236960,1.240820,1.237220,1.241510,1.236850,1.240640
2018/02/19 22:00:00,1.240820,1.241320,1.238000,1.238570,1.240640,1.241160,1.237860,1.238450
2018/02/20 06:00:00,1.238570,1.239250,1.232020,1.232610,1.238450,1.239120,1.231950,1.232490
2018/02/20 14:00:00,1.232610,1.236240,1.232330,1.233820,1.232490,1.236110,1.232200,1.233620
2018/02/20 22:00:00,1.233820,1.234540,1.231720,1.232320,1.233620,1.234410,1.231620,1.232200
2018/02/21 06:00:00,1.232320,1.234030,1.230030,1.232120,1.232200,1.233910,1.229940,1.232000
2018/02/21 14:00:00,1.232120,1.236060,1.228170,1.228520,1.232000,1.235940,1.228040,1.228200
2018/02/21 22:00:00,1.228520,1.228700,1.226570,1.227530,1.228200,1.228510,1.226450,1.227400
2018/02/22 06:00:00,1.227530,1.231570,1.225980,1.231380,1.227400,1.231490,1.225910,1.231270
2018/02/22 14:00:00,1.231380,1.235270,1.230600,1.233240,1.231270,1.235170,1.230490,1.232900
2018/02/22 22:00:00,1.233240,1.233830,1.229620,1.230310,1.232900,1.233680,1.229500,1.230190
2018/02/23 06:00:00,1.230310,1.232140,1.228030,1.229840,1.230190,1.232040,1.227910,1.229730
2018/02/23 14:00:00,1.229840,1.231890,1.228560,1.229920,1.229730,1.231790,1.228450,1.229270
2018/02/25 14:00:00,1.229920,1.230540,1.228740,1.229530,1.229270,1.229950,1.228480,1.229250
2018/02/25 22:00:00,1.229530,1.232880,1.228090,1.232870,1.229250,1.232750,1.227960,1.232740
2018/02/26 06:00:00,1.232870,1.235590,1.230470,1.230470,1.232740,1.235460,1.230360,1.230380
2018/02/26 14:00:00,1.230470,1.232040,1.227820,1.231810,1.230380,1.231920,1.227720,1.231650
2018/02/26 22:00:00,1.231810,1.234340,1.230960,1.232670,1.231650,1.234220,1.230810,1.232540
2018/02/27 06:00:00,1.232670,1.234690,1.228640,1.228850,1.232540,1.234590,1.228520,1.228710
2018/02/27 14:00:00,1.228850,1.229940,1.222200,1.223320,1.228710,1.229830,1.222090,1.223140
2018/02/27 22:00:00,1.223320,1.223930,1.221590,1.222790,1.223140,1.223800,1.221470,1.222660
2018/02/28 06:00:00,1.222790,1.224230,1.219920,1.221870,1.222660,1.224120,1.219810,1.221750
2018/02/28 14:00:00,1.221870,1.222890,1.218840,1.219560,1.221750,1.222810,1.218720,1.219270
2018/02/28 22:00:00,1.219560,1.220160,1.218410,1.219300,1.219270,1.219870,1.218290,1.219180
2018/03/01 06:00:00,1.219300,1.221370,1.216300,1.218800,1.219180,1.221260,1.216250,1.218680
2018/03/01 14:00:00,1.218800,1.227360,1.215500,1.226800,1.218680,1.227280,1.215390,1.226610
2018/03/01 22:00:00,1.226800,1.228840,1.226260,1.227970,1.226610,1.228740,1.226130,1.227840
2018/03/02 06:00:00,1.227970,1.232360,1.225210,1.230960,1.227840,1.232270,1.225090,1.230830
2018/03/02 14:00:00,1.230960,1.233650,1.229770,1.232190,1.230830,1.233530,1.229640,1.231540
2018/03/04 14:00:00,1.232190,1.235960,1.232190,1.233460,1.231540,1.235670,1.231540,1.232930
2018/03/04 22:00:00,1.233460,1.236660,1.229990,1.231950,1.232930,1.236430,1.229890,1.231840
2018/03/05 06:00:00,1.231950,1.233500,1.226960,1.230880,1.231840,1.233380,1.226850,1.230760
2018/03/05 14:00:00,1.230880,1.234940,1.230280,1.233670,1.230760,1.234850,1.230160,1.233520
2018/03/05 22:00:00,1.233670,1.236360,1.233260,1.234980,1.233520,1.236230,1.233140,1.234850
2018/03/06 06:00:00,1.234980,1.241490,1.232860,1.240770,1.234850,1.241360,1.232750,1.240650
2018/03/06 14:00:00,1.240770,1.242090,1.238710,1.240430,1.240650,1.241970,1.238590,1.240250
2018/03/06 22:00:00,1.240430,1.243000,1.240430,1.241940,1.240250,1.242810,1.240230,1.241810
2018/03/07 06:00:00,1.241940,1.244550,1.239860,1.241540,1.241810,1.244470,1.239750,1.241410
2018/03/07 14:00:00,1.241540,1.242320,1.238540,1.241220,1.241410,1.242200,1.238430,1.241040
2018/03/07 22:00:00,1.241220,1.241640,1.239680,1.240460,1.241040,1.241490,1.239540,1.240330
2018/03/08 06:00:00,1.240460,1.244690,1.236930,1.240340,1.240330,1.244550,1.236820,1.240230
2018/03/08 14:00:00,1.240340,1.240560,1.229860,1.231250,1.240230,1.240430,1.229730,1.231070
2018/03/08 22:00:00,1.231250,1.232050,1.229580,1.231580,1.231070,1.231860,1.229460,1.231470
2018/03/09 06:00:00,1.231580,1.232260,1.227370,1.229410,1.231470,1.232130,1.227250,1.229270
2018/03/09 14:00:00,1.229410,1.233490,1.229190,1.230910,1.229270,1.233370,1.229060,1.230280
2018/03/11 13:00:00,1.230910,1.231960,1.230910,1.231410,1.230280,1.231530,1.230280,1.231240
2018/03/11 21:00:00,1.231410,1.232660,1.230680,1.232560,1.231240,1.232520,1.230550,1.232430
2018/03/12 05:00:00,1.232560,1.234170,1.229100,1.230190,1.232430,1.234030,1.228980,1.230070
2018/03/12 13:00:00,1.230190,1.234620,1.229520,1.233490,1.230070,1.234500,1.229390,1.233290
2018/03/12 21:00:00,1.233490,1.234600,1.232680,1.232840,1.233290,1.234470,1.232550,1.232710
2018/03/13 05:00:00,1.232840,1.238630,1.231520,1.236710,1.232710,1.238510,1.231390,1.236570
2018/03/13 13:00:00,1.236710,1.240800,1.234060,1.239000,1.236570,1.240690,1.233930,1.238850
2018/03/13 21:00:00,1.239000,1.241240,1.238950,1.240810,1.238850,1.241120,1.238740,1.240680
2018/03/14 05:00:00,1.240810,1.241330,1.236180,1.236360,1.240680,1.241210,1.236060,1.236250
2018/03/14 13:00:00,1.236360,1.237910,1.234780,1.236870,1.236250,1.237790,1.234650,1.236620
2018/03/14 21:00:00,1.236870,1.238440,1.236540,1.238200,1.236620,1.238310,1.236400,1.238100
2018/03/15 05:00:00,1.238200,1.238290,1.233550,1.233900,1.238100,1.238160,1.233420,1.233780
2018/03/15 13:00:00,1.233900,1.234860,1.230090,1.230520,1.233780,1.234740,1.229970,1.230360
2018/03/15 21:00:00,1.230520,1.231370,1.229560,1.231110,1.230360,1.231250,1.229440,1.230970
2018/03/16 05:00:00,1.231110,1.233690,1.230710,1.230920,1.230970,1.233580,1.230590,1.230810
2018/03/16 13:00:00,1.230920,1.231020,1.226070,1.229100,1.230810,1.230910,1.225950,1.228730
2018/03/18 13:00:00,1.229100,1.229710,1.228430,1.228590,1.228730,1.229240,1.227980,1.228000
2018/03/18 21:00:00,1.228590,1.229450,1.226540,1.226740,1.228000,1.229160,1.226440,1.226600
2018/03/19 05:00:00,1.226740,1.232640,1.225870,1.230340,1.226600,1.232510,1.225750,1.230200
2018/03/19 13:00:00,1.230340,1.235940,1.230190,1.233610,1.230200,1.235820,1.230070,1.233450
2018/03/19 21:00:00,1.233610,1.235120,1.233340,1.233940,1.233450,1.235000,1.233170,1.233810
2018/03/20 05:00:00,1.233940,1.235520,1.228050,1.228500,1.233810,1.235410,1.227970,1.228370
2018/03/20 13:00:00,1.228500,1.228730,1.224010,1.224230,1.228370,1.228620,1.223900,1.224060
2018/03/20 21:00:00,1.224230,1.226730,1.224170,1.226170,1.224060,1.226610,1.224000,1.226040
2018/03/21 05:00:00,1.226170,1.229140,1.226070,1.228580,1.226040,1.229010,1.225940,1.228450
2018/03/21 13:00:00,1.228580,1.235070,1.225180,1.233880,1.228450,1.234930,1.225060,1.233710
2018/03/21 21:00:00,1.233880,1.236980,1.233830,1.236100,1.233710,1.236860,1.233680,1.236000
2018/03/22 05:00:00,1.236100,1.238910,1.230720,1.231410,1.236000,1.238790,1.230600,1.231270
2018/03/22 13:00:00,1.231410,1.232630,1.228580,1.230320,1.231270,1.232500,1.228470,1.230100
2018/03/22 21:00:00,1.230320,1.234210,1.230190,1.233530,1.230100,1.234070,1.229910,1.233390
2018/03/23 05:00:00,1.233530,1.236050,1.231730,1.233870,1.233390,1.235930,1.231620,1.233760
2018/03/23 13:00:00,1.233870,1.237420,1.232340,1.235470,1.233760,1.237280,1.232230,1.235240
2018/03/25 13:00:00,1.235470,1.235610,1.234340,1.235440,1.235240,1.235240,1.234070,1.234950
2018/03/25 21:00:00,1.235440,1.238190,1.235240,1.237410,1.234950,1.238050,1.234880,1.237280
2018/03/26 05:00:00,1.237410,1.241780,1.235970,1.240110,1.237280,1.241660,1.235840,1.239990
2018/03/26 13:00:00,1.240110,1.246230,1.239870,1.244500,1.239990,1.246100,1.239740,1.244280
2018/03/26 21:00:00,1.244500,1.245840,1.244290,1.245030,1.244280,1.245710,1.244120,1.244910
2018/03/27 05:00:00,1.245030,1.247710,1.237290,1.238780,1.244910,1.247570,1.237160,1.238640
2018/03/27 13:00:00,1.238780,1.241660,1.237800,1.240360,1.238640,1.241540,1.237690,1.240160
2018/03/27 21:00:00,1.240360,1.242230,1.240150,1.240880,1.240160,1.242100,1.240030,1.240760
2018/03/28 05:00:00,1.240880,1.241100,1.237720,1.238360,1.240760,1.240980,1.237590,1.238240
2018/03/28 13:00:00,1.238360,1.238470,1.230060,1.231050,1.238240,1.238340,1.229950,1.230690
2018/03/28 21:00:00,1.231050,1.233180,1.230220,1.233080,1.230690,1.233050,1.230090,1.232950
2018/03/29 05:00:00,1.233080,1.233590,1.229610,1.231940,1.232950,1.233460,1.229480,1.231830
2018/03/29 13:00:00,1.231940,1.233650,1.228450,1.230150,1.231830,1.233520,1.228330,1.229950
2018/03/29 21:00:00,1.230150,1.231890,1.229060,1.231290,1.229950,1.231740,1.228930,1.231140
2018/03/30 05:00:00,1.231290,1.233190,1.230570,1.232850,1.231140,1.233000,1.230500,1.232710
2018/03/30 13:00:00,1.232850,1.233000,1.231490,1.232640,1.232710,1.232820,1.230930,1.232030
2018/04/01 13:00:00,1.232640,1.233250,1.232460,1.232460,1.232030,1.232960,1.231960,1.231960
2018/04/01 21:00:00,1.232460,1.232900,1.231150,1.231770,1.231960,1.232770,1.231020,1.231630
2018/04/02 05:00:00,1.231770,1.234560,1.231230,1.233660,1.231630,1.234440,1.231110,1.233520
2018/04/02 13:00:00,1.233660,1.233800,1.228260,1.230330,1.233520,1.233670,1.228130,1.230090
2018/04/02 21:00:00,1.230330,1.231240,1.229290,1.231030,1.230090,1.231100,1.229150,1.230890
2018/04/03 05:00:00,1.231030,1.233660,1.228670,1.229640,1.230890,1.233570,1.228530,1.229520
2018/04/03 13:00:00,1.229640,1.229960,1.225420,1.227200,1.229520,1.229840,1.225310,1.226900
2018/04/03 21:00:00,1.227200,1.228780,1.226510,1.227880,1.226900,1.228660,1.226340,1.227750
2018/04/04 05:00:00,1.227880,1.231540,1.225760,1.229720,1.227750,1.231400,1.225630,1.229600
2018/04/04 13:00:00,1.229720,1.231050,1.227440,1.227920,1.229600,1.230920,1.227320,1.227710
2018/04/04 21:00:00,1.227920,1.229080,1.227540,1.227730,1.227710,1.228970,1.227410,1.227610
2018/04/05 05:00:00,1.227730,1.228430,1.223640,1.225060,1.227610,1.228310,1.223500,1.224930
2018/04/05 13:00:00,1.225060,1.226950,1.221890,1.224160,1.224930,1.226810,1.221780,1.223840
2018/04/05 21:00:00,1.224160,1.226060,1.223470,1.223900,1.223840,1.225930,1.223340,1.223770
2018/04/06 05:00:00,1.223900,1.225750,1.221640,1.224850,1.223770,1.225620,1.221500,1.224710
2018/04/06 13:00:00,1.224850,1.229150,1.224470,1.228380,1.224710,1.229020,1.224350,1.227850
2018/04/08 13:00:00,1.228380,1.229030,1.227910,1.228920,1.227850,1.228660,1.227430,1.228310
2018/04/08 21:00:00,1.228920,1.228920,1.226630,1.227800,1.228310,1.228320,1.226500,1.227670
2018/04/09 05:00:00,1.227800,1.231430,1.226110,1.231390,1.227670,1.231290,1.225960,1.231250
2018/04/09 13:00:00,1.231390,1.233140,1.230780,1.232160,1.231250,1.233010,1.230660,1.231970
2018/04/09 21:00:00,1.232160,1.232960,1.230740,1.231930,1.231970,1.232830,1.230610,1.231810
2018/04/10 05:00:00,1.231930,1.237840,1.230340,1.234930,1.231810,1.237700,1.230220,1.234790
2018/04/10 13:00:00,1.234930,1.236880,1.232490,1.235690,1.234790,1.236760,1.232360,1.235460
2018/04/10 21:00:00,1.235690,1.236600,1.235160,1.236450,1.235460,1.236460,1.234940,1.236320
2018/04/11 05:00:00,1.236450,1.239890,1.236270,1.237610,1.236320,1.239580,1.236150,1.237470
2018/04/11 13:00:00,1.237610,1.239370,1.234770,1.236840,1.237470,1.239240,1.234630,1.236600
2018/04/11 21:00:00,1.236840,1.238040,1.235770,1.235910,1.236600,1.237910,1.235640,1.235780
2018/04/12 05:00:00,1.235910,1.237450,1.231270,1.231630,1.235780,1.237330,1.231150,1.231500
2018/04/12 13:00:00,1.231630,1.234110,1.229980,1.232800,1.231500,1.233990,1.229880,1.232530
2018/04/12 21:00:00,1.232800,1.233410,1.232220,1.232960,1.232530,1.233280,1.232080,1.232830
2018/04/13 05:00:00,1.232960,1.234660,1.230770,1.231680,1.232830,1.234540,1.230650,1.231560
2018/04/13 13:00:00,1.231680,1.234470,1.231650,1.233390,1.231560,1.234350,1.231530,1.232860
2018/04/15 13:00:00,1.233390,1.234280,1.233060,1.233710,1.232860,1.233710,1.232630,1.233140
2018/04/15 21:00:00,1.233710,1.234350,1.232610,1.233170,1.233140,1.234220,1.232120,1.233030
2018/04/16 05:00:00,1.233170,1.238380,1.232460,1.238200,1.233030,1.238260,1.232350,1.238070
2018/04/16 13:00:00,1.238200,1.239530,1.236310,1.238070,1.238070,1.239400,1.236180,1.237830
2018/04/16 21:00:00,1.238070,1.238850,1.237640,1.238300,1.237830,1.238720,1.237510,1.238170
2018/04/17 05:00:00,1.238300,1.241440,1.234590,1.234840,1.238170,1.241310,1.234470,1.234710
2018/04/17 13:00:00,1.234840,1.237680,1.233670,1.237140,1.234710,1.237560,1.233560,1.236810
2018/04/17 21:00:00,1.237140,1.238300,1.236570,1.237790,1.236810,1.238170,1.236420,1.237670
2018/04/18 05:00:00,1.237790,1.239590,1.234250,1.239220,1.237670,1.239470,1.234090,1.239090
2018/04/18 13:00:00,1.239220,1.239790,1.237160,1.237470,1.239090,1.239660,1.237030,1.237280
2018/04/18 21:00:00,1.237470,1.238620,1.236520,1.237880,1.237280,1.238490,1.236410,1.237750
2018/04/19 05:00:00,1.237880,1.240080,1.235490,1.237990,1.237750,1.239960,1.235380,1.237870
2018/04/19 13:00:00,1.237990,1.238530,1.232990,1.234680,1.237870,1.238410,1.232850,1.234420
2018/04/19 21:00:00,1.234680,1.235060,1.233690,1.234160,1.234420,1.234820,1.233560,1.234040
2018/04/20 05:00:00,1.234160,1.235360,1.229050,1.229110,1.234040,1.235230,1.228940,1.228980
2018/04/20 13:00:00,1.229110,1.230050,1.225040,1.229020,1.228980,1.229970,1.224880,1.228490
2018/04/22 13:00:00,1.229020,1.229020,1.226580,1.227950,1.228490,1.228490,1.226430,1.227280
2018/04/22 21:00:00,1.227950,1.228950,1.226560,1.227250,1.227280,1.228780,1.226440,1.227120
2018/04/23 05:00:00,1.227250,1.229010,1.222570,1.224140,1.227120,1.228880,1.222450,1.224000
2018/04/23 13:00:00,1.224140,1.224640,1.219800,1.220990,1.224000,1.224520,1.219690,1.220770
2018/04/23 21:00:00,1.220990,1.221530,1.218540,1.221400,1.220770,1.221400,1.218390,1.221280
2018/04/24 05:00:00,1.221400,1.222440,1.218240,1.220740,1.221280,1.222330,1.218110,1.220610
2018/04/24 13:00:00,1.220740,1.224540,1.220190,1.223430,1.220610,1.224420,1.220070,1.223100
2018/04/24 21:00:00,1.223430,1.223950,1.221600,1.221790,1.223100,1.223820,1.221480,1.221660
2018/04/25 05:00:00,1.221790,1.221910,1.217100,1.218410,1.221660,1.221790,1.216980,1.218280
2018/04/25 13:00:00,1.218410,1.220070,1.216110,1.216240,1.218280,1.219930,1.215910,1.215940
2018/04/25 21:00:00,1.216240,1.218230,1.216060,1.217630,1.215940,1.218110,1.215900,1.217500
2018/04/26 05:00:00,1.217630,1.221070,1.214570,1.220040,1.217500,1.220940,1.214440,1.219880
2018/04/26 13:00:00,1.220040,1.220480,1.209690,1.210400,1.219880,1.220350,1.209570,1.210260
2018/04/26 21:00:00,1.210400,1.211710,1.209730,1.211220,1.210260,1.211580,1.209610,1.211110
2018/04/27 05:00:00,1.211220,1.211290,1.205600,1.208520,1.211110,1.211170,1.205490,1.208390
2018/04/27 13:00:00,1.208520,1.213450,1.207400,1.213240,1.208390,1.213240,1.207280,1.212570
2018/04/29 13:00:00,1.213240,1.213240,1.212080,1.212540,1.212570,1.212810,1.211930,1.212200
2018/04/29 21:00:00,1.212540,1.213480,1.211950,1.212990,1.212200,1.213350,1.211840,1.212850
2018/04/30 05:00:00,1.212990,1.213940,1.207270,1.208790,1.212850,1.213820,1.207170,1.208660
2018/04/30 13:00:00,1.208790,1.210690,1.206490,1.207830,1.208660,1.210570,1.206370,1.207700
2018/04/30 21:00:00,1.207830,1.208490,1.207090,1.207280,1.207700,1.208360,1.206660,1.207160
2018/05/01 05:00:00,1.207280,1.207290,1.201760,1.202530,1.207160,1.207180,1.201640,1.202400
2018/05/01 13:00:00,1.202530,1.203200,1.198170,1.199310,1.202400,1.203100,1.198060,1.199100
2018/05/01 21:00:00,1.199310,1.201190,1.198830,1.200390,1.199100,1.201060,1.198690,1.200280
2018/05/02 05:00:00,1.200390,1.203230,1.199060,1.201220,1.200280,1.203110,1.198940,1.201090
2018/05/02 13:00:00,1.201220,1.202650,1.193850,1.195200,1.201090,1.202510,1.193710,1.195010
2018/05/02 21:00:00,1.195200,1.198940,1.194840,1.198890,1.195010,1.198820,1.194700,1.198760
2018/05/03 05:00:00,1.198890,1.200950,1.196560,1.198010,1.198760,1.200830,1.196450,1.197880
2018/05/03 13:00:00,1.198010,1.200500,1.194990,1.198990,1.197880,1.200380,1.194860,1.198740
2018/05/03 21:00:00,1.198990,1.199610,1.198070,1.198660,1.198740,1.199500,1.197950,1.198540
2018/05/04 05:00:00,1.198660,1.199580,1.195370,1.196780,1.198540,1.199350,1.195230,1.196640
2018/05/04 13:00:00,1.196780,1.196810,1.191100,1.196470,1.196640,1.196690,1.190980,1.195900
2018/05/06 13:00:00,1.196470,1.196790,1.195050,1.196430,1.195900,1.196580,1.194580,1.196270
2018/05/06 21:00:00,1.196430,1.197870,1.195410,1.196090,1.196270,1.197740,1.195290,1.195970
2018/05/07 05:00:00,1.196090,1.196130,1.189810,1.191970,1.195970,1.196020,1.189680,1.191850
2018/05/07 13:00:00,1.191970,1.193840,1.190520,1.192280,1.191850,1.193720,1.190420,1.192140
2018/05/07 21:00:00,1.192280,1.193950,1.190940,1.191350,1.192140,1.193940,1.190820,1.191220
2018/05/08 05:00:00,1.191350,1.193360,1.186220,1.186580,1.191220,1.193240,1.186100,1.186460
2018/05/08 13:00:00,1.186580,1.188700,1.183850,1.186580,1.186460,1.188580,1.183740,1.186330
2018/05/08 21:00:00,1.186580,1.187040,1.184340,1.185570,1.186330,1.186910,1.184220,1.185450
2018/05/09 05:00:00,1.185570,1.189770,1.182330,1.188630,1.185450,1.189630,1.182180,1.188500
2018/05/09 13:00:00,1.188630,1.188710,1.184160,1.185130,1.188500,1.188590,1.184040,1.184990
2018/05/09 21:00:00,1.185130,1.187600,1.184370,1.187400,1.184990,1.187470,1.184230,1.187270
2018/05/10 05:00:00,1.187400,1.193700,1.185200,1.192750,1.187270,1.193570,1.185080,1.192630
2018/05/10 13:00:00,1.192750,1.194730,1.187570,1.191690,1.192630,1.194610,1.187440,1.191490
2018/05/10 21:00:00,1.191690,1.192560,1.191180,1.191490,1.191490,1.192440,1.191070,1.191370
2018/05/11 05:00:00,1.191490,1.195920,1.189180,1.195150,1.191370,1.195810,1.189060,1.195010
2018/05/11 13:00:00,1.195150,1.196860,1.193380,1.194440,1.195010,1.196740,1.193260,1.193770
2018/05/13 13:00:00,1.194440,1.195490,1.194110,1.194220,1.193770,1.195010,1.193640,1.193640
2018/05/13 21:00:00,1.194220,1.196930,1.194220,1.195700,1.193640,1.196800,1.193640,1.195580
2018/05/14 05:00:00,1.195700,1.199350,1.195180,1.198540,1.195580,1.199220,1.195060,1.198420
2018/05/14 13:00:00,1.198540,1.199680,1.192690,1.192800,1.198420,1.199550,1.192510,1.192590
2018/05/14 21:00:00,1.192800,1.193920,1.191360,1.191470,1.192590,1.193790,1.191240,1.191350
2018/05/15 05:00:00,1.191470,1.193780,1.184760,1.184770,1.191350,1.193660,1.184640,1.184640
2018/05/15 13:00:00,1.184770,1.187610,1.182090,1.183830,1.184640,1.187500,1.181960,1.183710
2018/05/15 21:00:00,1.183830,1.184480,1.181630,1.183280,1.183710,1.184230,1.181520,1.183160
2018/05/16 05:00:00,1.183280,1.185470,1.176380,1.176720,1.183160,1.185350,1.176250,1.176600
2018/05/16 13:00:00,1.176720,1.182050,1.176690,1.180810,1.176600,1.181930,1.176560,1.180620
2018/05/16 21:00:00,1.180810,1.183820,1.180720,1.181940,1.180620,1.183680,1.180320,1.181820
2018/05/17 05:00:00,1.181940,1.183600,1.177700,1.180620,1.181820,1.183480,1.177570,1.180500
2018/05/17 13:00:00,1.180620,1.181160,1.178590,1.179580,1.180500,1.181030,1.178470,1.179250
2018/05/17 21:00:00,1.179580,1.180860,1.178980,1.180540,1.179250,1.180740,1.178860,1.180420
2018/05/18 05:00:00,1.180540,1.182280,1.176210,1.177040,1.180420,1.182150,1.176080,1.176910
2018/05/18 13:00:00,1.177040,1.178930,1.175030,1.177480,1.176910,1.178800,1.174910,1.176790
2018/05/20 13:00:00,1.177480,1.178050,1.176930,1.177390,1.176790,1.177900,1.176280,1.176730
2018/05/20 21:00:00,1.177390,1.177750,1.174480,1.175110,1.176730,1.177420,1.174360,1.174990
2018/05/21 05:00:00,1.175110,1.177450,1.171730,1.176970,1.174990,1.177330,1.171600,1.176840
2018/05/21 13:00:00,1.176970,1.179620,1.174360,1.179220,1.176840,1.179500,1.174240,1.179080
2018/05/21 21:00:00,1.179220,1.179800,1.177430,1.177480,1.179080,1.179680,1.177300,1.177350
2018/05/22 05:00:00,1.177480,1.183040,1.175720,1.178190,1.177350,1.182920,1.175580,1.178070
2018/05/22 13:00:00,1.178190,1.179450,1.176940,1.178030,1.178070,1.179330,1.176830,1.177770
2018/05/22 21:00:00,1.178030,1.179030,1.175090,1.176630,1.177770,1.178910,1.174960,1.176510
2018/05/23 05:00:00,1.176630,1.176910,1.169260,1.170130,1.176510,1.176780,1.169150,1.170000
2018/05/23 13:00:00,1.170130,1.172000,1.167640,1.169740,1.170000,1.171880,1.167520,1.169490
2018/05/23 21:00:00,1.169740,1.171450,1.169150,1.170970,1.169490,1.171340,1.169020,1.170840
2018/05/24 05:00:00,1.170970,1.174650,1.169380,1.172710,1.170840,1.174540,1.169250,1.172590
2018/05/24 13:00:00,1.172710,1.175100,1.171470,1.172000,1.172590,1.174990,1.171380,1.171870
2018/05/24 21:00:00,1.172000,1.172700,1.170560,1.170990,1.171870,1.172570,1.170450,1.170860
2018/05/25 05:00:00,1.170990,1.173430,1.166260,1.167720,1.170860,1.173300,1.166140,1.167600
2018/05/25 13:00:00,1.167720,1.168080,1.164670,1.165230,1.167600,1.167950,1.164520,1.164740
2018/05/27 13:00:00,1.165230,1.169010,1.165230,1.168800,1.164740,1.168740,1.164740,1.168540
2018/05/27 21:00:00,1.168800,1.172520,1.167770,1.172520,1.168540,1.172410,1.167510,1.172400
2018/05/28 05:00:00,1.172520,1.172910,1.160810,1.160990,1.172400,1.172780,1.160720,1.160860
2018/05/28 13:00:00,1.160990,1.163350,1.160790,1.162540,1.160860,1.163220,1.160680,1.162370
2018/05/28 21:00:00,1.162540,1.163390,1.161460,1.162970,1.162370,1.163270,1.161340,1.162840
2018/05/29 05:00:00,1.162970,1.164030,1.151070,1.157700,1.162840,1.163900,1.150960,1.157560
2018/05/29 13:00:00,1.157700,1.159060,1.152010,1.154020,1.157560,1.158920,1.151890,1.153880
2018/05/29 21:00:00,1.154020,1.154950,1.151930,1.154140,1.153880,1.154830,1.151810,1.154010
2018/05/30 05:00:00,1.154140,1.164780,1.153020,1.162590,1.154010,1.164650,1.152910,1.162480
2018/05/30 13:00:00,1.162590,1.167680,1.159480,1.166670,1.162480,1.167580,1.159360,1.166040
2018/05/30 21:00:00,1.166670,1.167310,1.164860,1.166560,1.166040,1.167180,1.164750,1.166440
2018/05/31 05:00:00,1.166560,1.172480,1.165970,1.167320,1.166440,1.172380,1.165840,1.167190
2018/05/31 13:00:00,1.167320,1.169920,1.164170,1.169570,1.167190,1.169800,1.164050,1.168950
2018/05/31 21:00:00,1.169570,1.170740,1.167640,1.167880,1.168950,1.170590,1.167510,1.167750
2018/06/01 05:00:00,1.167880,1.171880,1.164860,1.165880,1.167750,1.171730,1.164710,1.165750
2018/06/01 13:00:00,1.165880,1.168410,1.161840,1.166190,1.165750,1.168300,1.161710,1.165660
2018/06/03 13:00:00,1.166190,1.166500,1.166030,1.166450,1.165660,1.166160,1.165420,1.165830
2018/06/03 21:00:00,1.166450,1.169720,1.166090,1.169230,1.165830,1.169600,1.165620,1.169110
2018/06/04 05:00:00,1.169230,1.174530,1.167580,1.171630,1.169110,1.174390,1.167460,1.171510
2018/06/04 13:00:00,1.171630,1.172610,1.167790,1.169970,1.171510,1.172500,1.167660,1.169740
2018/06/04 21:00:00,1.169970,1.170410,1.168680,1.168740,1.169740,1.170280,1.168550,1.168610
2018/06/05 05:00:00,1.168740,1.171740,1.166270,1.166700,1.168610,1.171590,1.166140,1.166570
2018/06/05 13:00:00,1.166700,1.173290,1.165320,1.171870,1.166570,1.173150,1.165180,1.171630
2018/06/05 21:00:00,1.171870,1.173510,1.171420,1.171610,1.171630,1.173390,1.171000,1.171490
2018/06/06 05:00:00,1.171610,1.178030,1.171470,1.176650,1.171490,1.177910,1.171340,1.176530
2018/06/06 13:00:00,1.176650,1.179630,1.176110,1.177500,1.176530,1.179510,1.175990,1.177290
2018/06/06 21:00:00,1.177500,1.180040,1.177400,1.179450,1.177290,1.179910,1.177180,1.179340
2018/06/07 05:00:00,1.179450,1.184050,1.179130,1.183450,1.179340,1.183930,1.179010,1.183320
2018/06/07 13:00:00,1.183450,1.183760,1.179710,1.180170,1.183320,1.183630,1.179590,1.179750
2018/06/07 21:00:00,1.180170,1.181090,1.179230,1.180660,1.179750,1.180970,1.179100,1.180520
2018/06/08 05:00:00,1.180660,1.181100,1.172780,1.174860,1.180520,1.180970,1.172650,1.174730
2018/06/08 13:00:00,1.174860,1.177860,1.174110,1.177120,1.174730,1.177740,1.173980,1.176610
2018/06/10 13:00:00,1.177120,1.178090,1.175530,1.177760,1.176610,1.177670,1.175110,1.177170
2018/06/10 21:00:00,1.177760,1.180840,1.177190,1.179920,1.177170,1.180720,1.177050,1.179800
2018/06/11 05:00:00,1.179920,1.182120,1.177590,1.179890,1.179800,1.182000,1.177450,1.179770
2018/06/11 13:00:00,1.179890,1.181470,1.178080,1.178560,1.179770,1.181350,1.177980,1.178150
2018/06/11 21:00:00,1.178560,1.178640,1.174160,1.176960,1.178150,1.178390,1.174050,1.176840
2018/06/12 05:00:00,1.176960,1.180980,1.175690,1.180120,1.176840,1.180840,1.175560,1.179990
2018/06/12 13:00:00,1.180120,1.180140,1.173360,1.174690,1.179990,1.180020,1.173240,1.174410
2018/06/12 21:00:00,1.174690,1.175300,1.174030,1.174430,1.174410,1.175180,1.173910,1.174310
2018/06/13 05:00:00,1.174430,1.177650,1.173070,1.177490,1.174310,1.177520,1.172950,1.177370
2018/06/13 13:00:00,1.177490,1.180160,1.172610,1.179220,1.177370,1.180040,1.172440,1.179080
2018/06/13 21:00:00,1.179220,1.180660,1.178970,1.180470,1.179080,1.180530,1.178680,1.180340
2018/06/14 05:00:00,1.180470,1.185290,1.168540,1.168900,1.180340,1.185170,1.168410,1.168780
2018/06/14 13:00:00,1.168900,1.168920,1.156380,1.157100,1.168780,1.168790,1.156170,1.156590
2018/06/14 21:00:00,1.157100,1.158540,1.155570,1.157110,1.156590,1.158430,1.155450,1.156980
2018/06/15 05:00:00,1.157110,1.161600,1.154380,1.160380,1.156980,1.161480,1.154260,1.160250
2018/06/15 13:00:00,1.160380,1.162770,1.159690,1.161020,1.160250,1.162650,1.159580,1.160530
2018/06/17 13:00:00,1.161020,1.161550,1.158570,1.159140,1.160530,1.160990,1.158220,1.158560
2018/06/17 21:00:00,1.159140,1.160430,1.157670,1.159170,1.158560,1.160140,1.157550,1.159040
2018/06/18 05:00:00,1.159170,1.162500,1.156590,1.160600,1.159040,1.162370,1.156470,1.160470
2018/06/18 13:00:00,1.160600,1.162450,1.159590,1.162380,1.160470,1.162320,1.159480,1.162170
2018/06/18 21:00:00,1.162380,1.164520,1.162090,1.162820,1.162170,1.164390,1.161700,1.162680
2018/06/19 05:00:00,1.162820,1.163430,1.153110,1.155500,1.162680,1.163300,1.153000,1.155370
2018/06/19 13:00:00,1.155500,1.159460,1.155110,1.159190,1.155370,1.159330,1.154980,1.158710
2018/06/19 21:00:00,1.159190,1.159630,1.156830,1.157090,1.158710,1.159500,1.156710,1.156960
2018/06/20 05:00:00,1.157090,1.159750,1.153750,1.159450,1.156960,1.159630,1.153560,1.159320
2018/06/20 13:00:00,1.159450,1.160060,1.156710,1.157330,1.159320,1.159940,1.156580,1.156940
2018/06/20 21:00:00,1.157330,1.158100,1.155730,1.156280,1.156940,1.157960,1.155600,1.156160
2018/06/21 05:00:00,1.156280,1.161190,1.150880,1.158980,1.156160,1.161040,1.150740,1.158870
2018/06/21 13:00:00,1.158980,1.163430,1.157580,1.160470,1.158870,1.163300,1.157460,1.160200
2018/06/21 21:00:00,1.160470,1.161840,1.160130,1.161440,1.160200,1.161720,1.159750,1.161330
2018/06/22 05:00:00,1.161440,1.167570,1.161440,1.165460,1.161330,1.167440,1.161320,1.165350
2018/06/22 13:00:00,1.165460,1.166820,1.161830,1.165980,1.165350,1.166680,1.161700,1.165460
2018/06/24 13:00:00,1.165980,1.167110,1.165710,1.166740,1.165460,1.166860,1.165440,1.166140
2018/06/24 21:00:00,1.166740,1.167340,1.164690,1.165290,1.166140,1.167220,1.164560,1.165160
2018/06/25 05:00:00,1.165290,1.170230,1.162900,1.168270,1.165160,1.170110,1.162780,1.168140
2018/06/25 13:00:00,1.168270,1.171370,1.167180,1.170520,1.168140,1.171250,1.167050,1.170250
2018/06/25 21:00:00,1.170520,1.172120,1.169960,1.171520,1.170250,1.172000,1.169810,1.171410
2018/06/26 05:00:00,1.171520,1.171960,1.165160,1.167170,1.171410,1.171840,1.165050,1.167040
2018/06/26 13:00:00,1.167170,1.167780,1.163540,1.164980,1.167040,1.167670,1.163420,1.164570
2018/06/26 21:00:00,1.164980,1.166490,1.164460,1.165520,1.164570,1.166350,1.164320,1.165390
2018/06/27 05:00:00,1.165520,1.167290,1.159460,1.159750,1.165390,1.167160,1.159340,1.159620
2018/06/27 13:00:00,1.159750,1.161360,1.154110,1.155630,1.159620,1.161240,1.153990,1.155240
2018/06/27 21:00:00,1.155630,1.157370,1.155240,1.156300,1.155240,1.157240,1.155030,1.156180
2018/06/28 05:00:00,1.156300,1.160140,1.152780,1.156520,1.156180,1.160020,1.152660,1.156400
2018/06/28 13:00:00,1.156520,1.159620,1.155130,1.156940,1.156400,1.159490,1.155000,1.156670
2018/06/28 21:00:00,1.156940,1.166700,1.155910,1.165540,1.156670,1.166570,1.155740,1.165410
2018/06/29 05:00:00,1.165540,1.166540,1.161350,1.164490,1.165410,1.166420,1.161230,1.164360
2018/06/29 13:00:00,1.164490,1.169120,1.162870,1.168660,1.164360,1.168980,1.162730,1.168100
2018/07/01 13:00:00,1.168660,1.169560,1.163260,1.168060,1.168100,1.168960,1.163030,1.167480
2018/07/01 21:00:00,1.168060,1.169520,1.164880,1.165050,1.167480,1.168940,1.164760,1.164930
2018/07/02 05:00:00,1.165050,1.165600,1.161690,1.161850,1.164930,1.165480,1.161560,1.161720
2018/07/02 13:00:00,1.161850,1.164870,1.159180,1.163990,1.161720,1.164790,1.159080,1.163840
2018/07/02 21:00:00,1.163990,1.164440,1.162110,1.163290,1.163840,1.164320,1.161990,1.163170
2018/07/03 05:00:00,1.163290,1.167370,1.162740,1.165340,1.163170,1.167260,1.162610,1.165210
2018/07/03 13:00:00,1.165340,1.166550,1.164250,1.166000,1.165210,1.166440,1.164130,1.165730
2018/07/03 21:00:00,1.166000,1.167930,1.165520,1.166360,1.165730,1.167810,1.165390,1.166220
2018/07/04 05:00:00,1.166360,1.168240,1.163120,1.164290,1.166220,1.168120,1.163000,1.164160
2018/07/04 13:00:00,1.164290,1.167550,1.163770,1.165810,1.164160,1.167420,1.163650,1.165500
2018/07/04 21:00:00,1.165810,1.166810,1.165410,1.165770,1.165500,1.166690,1.165280,1.165640
2018/07/05 05:00:00,1.165770,1.172080,1.165040,1.171490,1.165640,1.171980,1.164920,1.171360
2018/07/05 13:00:00,1.171490,1.171510,1.167260,1.169230,1.171360,1.171370,1.167150,1.168930
2018/07/05 21:00:00,1.169230,1.169780,1.168060,1.168620,1.168930,1.169670,1.167940,1.168510
2018/07/06 05:00:00,1.168620,1.176430,1.168470,1.174410,1.168510,1.176280,1.168350,1.174290
2018/07/06 13:00:00,1.174410,1.176800,1.173380,1.174600,1.174290,1.176670,1.173260,1.174170
2018/07/08 13:00:00,1.174600,1.175750,1.173850,1.174510,1.174170,1.175360,1.173370,1.173970
2018/07/08 21:00:00,1.174510,1.176790,1.174420,1.176210,1.173970,1.176680,1.173970,1.176090
2018/07/09 05:00:00,1.176210,1.179140,1.175070,1.177810,1.176090,1.179020,1.174950,1.177690
2018/07/09 13:00:00,1.177810,1.178450,1.173310,1.175200,1.177690,1.178330,1.173210,1.174960
2018/07/09 21:00:00,1.175200,1.176330,1.174090,1.174160,1.174960,1.176210,1.173960,1.174030
2018/07/10 05:00:00,1.174160,1.175560,1.169100,1.171710,1.174030,1.175440,1.168970,1.171580
2018/07/10 13:00:00,1.171710,1.175040,1.170450,1.174540,1.171580,1.174920,1.170340,1.174360
2018/07/10 21:00:00,1.174540,1.174760,1.172330,1.172770,1.174360,1.174590,1.172220,1.172640
2018/07/11 05:00:00,1.172770,1.175540,1.169570,1.175260,1.172640,1.175410,1.169450,1.175130
2018/07/11 13:00:00,1.175260,1.175890,1.166600,1.167410,1.175130,1.175780,1.166480,1.167210
2018/07/11 21:00:00,1.167410,1.168430,1.167070,1.168310,1.167210,1.168310,1.166950,1.168190
2018/07/12 05:00:00,1.168310,1.169370,1.165020,1.167220,1.168190,1.169250,1.164900,1.167090
2018/07/12 13:00:00,1.167220,1.169630,1.166710,1.167210,1.167090,1.169520,1.166590,1.166980
2018/07/12 21:00:00,1.167210,1.167570,1.165590,1.165770,1.166980,1.167450,1.165450,1.165640
2018/07/13 05:00:00,1.165770,1.166430,1.161360,1.164540,1.165640,1.166300,1.161240,1.164420
2018/07/13 13:00:00,1.164540,1.168770,1.163800,1.168730,1.164420,1.168610,1.163690,1.168360
2018/07/15 13:00:00,1.168730,1.169550,1.168590,1.169100,1.168360,1.169340,1.168010,1.168850
2018/07/15 21:00:00,1.169100,1.169530,1.167630,1.168680,1.168850,1.169080,1.167500,1.168540
2018/07/16 05:00:00,1.168680,1.172610,1.168570,1.171070,1.168540,1.172490,1.168450,1.170960
2018/07/16 13:00:00,1.171070,1.172460,1.169480,1.171200,1.170960,1.172340,1.169380,1.171070
2018/07/16 21:00:00,1.171200,1.172170,1.170200,1.171900,1.171070,1.172050,1.170070,1.171770
2018/07/17 05:00:00,1.171900,1.174530,1.169220,1.169800,1.171770,1.174410,1.169090,1.169670
2018/07/17 13:00:00,1.169800,1.170460,1.164980,1.166220,1.169670,1.170350,1.164880,1.166000
2018/07/17 21:00:00,1.166220,1.166560,1.164170,1.164190,1.166000,1.166430,1.164040,1.164070
2018/07/18 05:00:00,1.164190,1.164590,1.160250,1.162360,1.164070,1.164460,1.160140,1.162240
2018/07/18 13:00:00,1.162360,1.166280,1.162230,1.163950,1.162240,1.166170,1.162110,1.163780
2018/07/18 21:00:00,1.163950,1.165730,1.163920,1.164840,1.163780,1.165610,1.163690,1.164710
2018/07/19 05:00:00,1.164840,1.165040,1.157550,1.158690,1.164710,1.164920,1.157440,1.158570
2018/07/19 13:00:00,1.158690,1.167880,1.158520,1.164290,1.158570,1.167820,1.158380,1.164060
2018/07/19 21:00:00,1.164290,1.166560,1.162690,1.166460,1.164060,1.166430,1.162560,1.166340
2018/07/20 05:00:00,1.166460,1.171560,1.163380,1.171330,1.166340,1.171460,1.163250,1.171200
2018/07/20 13:00:00,1.171330,1.173960,1.170200,1.172440,1.171200,1.173830,1.170070,1.171820
2018/07/22 13:00:00,1.172440,1.173750,1.172250,1.172900,1.171820,1.173390,1.171820,1.172430
2018/07/22 21:00:00,1.172900,1.175110,1.172410,1.173390,1.172430,1.175030,1.172190,1.173260
2018/07/23 05:00:00,1.173390,1.174340,1.168720,1.171870,1.173260,1.174220,1.168610,1.171740
2018/07/23 13:00:00,1.171870,1.172330,1.168430,1.169330,1.171740,1.172200,1.168310,1.169130
2018/07/23 21:00:00,1.169330,1.170240,1.167590,1.167730,1.169130,1.170120,1.167460,1.167600
2018/07/24 05:00:00,1.167730,1.171740,1.165520,1.169480,1.167600,1.171610,1.165400,1.169350
2018/07/24 13:00:00,1.169480,1.171750,1.167370,1.168530,1.169350,1.171630,1.167260,1.168280
2018/07/24 21:00:00,1.168530,1.169910,1.167610,1.167900,1.168280,1.169770,1.167480,1.167780
2018/07/25 05:00:00,1.167900,1.170590,1.167840,1.169990,1.167780,1.170470,1.167710,1.169860
2018/07/25 13:00:00,1.169990,1.173930,1.166440,1.172900,1.169860,1.173810,1.166340,1.172720
2018/07/25 21:00:00,1.172900,1.174420,1.172200,1.173210,1.172720,1.174300,1.172010,1.173080
2018/07/26 05:00:00,1.173210,1.174370,1.169260,1.169490,1.173080,1.174240,1.169130,1.169370
2018/07/26 13:00:00,1.169490,1.170040,1.164080,1.164380,1.169370,1.169920,1.163960,1.164200
2018/07/26 21:00:00,1.164380,1.165590,1.163850,1.164810,1.164200,1.165480,1.163730,1.164680
2018/07/27 05:00:00,1.164810,1.165840,1.162110,1.163940,1.164680,1.165720,1.161980,1.163810
2018/07/27 13:00:00,1.163940,1.166500,1.163710,1.165850,1.163810,1.166380,1.163590,1.165290
2018/07/29 13:00:00,1.165850,1.166500,1.165400,1.166050,1.165290,1.166240,1.165070,1.165440
2018/07/29 21:00:00,1.166050,1.166560,1.165050,1.165580,1.165440,1.166430,1.164920,1.165450
2018/07/30 05:00:00,1.165580,1.169580,1.164850,1.169560,1.165450,1.169470,1.164730,1.169440
2018/07/30 13:00:00,1.169560,1.171940,1.169210,1.170680,1.169440,1.171820,1.169090,1.170480
2018/07/30 21:00:00,1.170680,1.171930,1.170060,1.171670,1.170480,1.171810,1.169950,1.171560
2018/07/31 05:00:00,1.171670,1.174640,1.170870,1.172800,1.171560,1.174640,1.170750,1.172680
2018/07/31 13:00:00,1.172800,1.172890,1.168480,1.169230,1.172680,1.172770,1.168160,1.169030
2018/07/31 21:00:00,1.169230,1.169590,1.167650,1.167840,1.169030,1.169310,1.167550,1.167710
2018/08/01 05:00:00,1.167840,1.170030,1.167260,1.169070,1.167710,1.169920,1.167150,1.168960
2018/08/01 13:00:00,1.169070,1.169260,1.165790,1.166060,1.168960,1.169140,1.165660,1.165860
2018/08/01 21:00:00,1.166060,1.166820,1.164560,1.164790,1.165860,1.166700,1.164440,1.164660
2018/08/02 05:00:00,1.164790,1.165450,1.160160,1.162700,1.164660,1.165350,1.160040,1.162570
2018/08/02 13:00:00,1.162700,1.163290,1.158250,1.158510,1.162570,1.163160,1.158160,1.158350
2018/08/02 21:00:00,1.158510,1.159380,1.158170,1.159240,1.158350,1.159250,1.158040,1.159110
2018/08/03 05:00:00,1.159240,1.161130,1.156210,1.159570,1.159110,1.161010,1.156090,1.159450
2018/08/03 13:00:00,1.159570,1.160430,1.156070,1.157140,1.159450,1.160300,1.155950,1.156510
2018/08/05 13:00:00,1.157140,1.157380,1.156860,1.157350,1.156510,1.156840,1.156440,1.156700
2018/08/05 21:00:00,1.157350,1.157350,1.155670,1.155780,1.156700,1.157050,1.155550,1.155660
2018/08/06 05:00:00,1.155780,1.157000,1.153060,1.154310,1.155660,1.156880,1.152950,1.154190
2018/08/06 13:00:00,1.154310,1.157110,1.154130,1.155430,1.154190,1.157000,1.154010,1.155290
2018/08/06 21:00:00,1.155430,1.156440,1.155180,1.155840,1.155290,1.156310,1.154930,1.155710
2018/08/07 05:00:00,1.155840,1.160880,1.155220,1.160430,1.155710,1.160760,1.155090,1.160300
2018/08/07 13:00:00,1.160430,1.160690,1.158280,1.159950,1.160300,1.160570,1.158150,1.159780
2018/08/07 21:00:00,1.159950,1.162890,1.159600,1.162430,1.159780,1.162760,1.159360,1.162310
2018/08/08 05:00:00,1.162430,1.162860,1.157380,1.158220,1.162310,1.162740,1.157260,1.158100
2018/08/08 13:00:00,1.158220,1.162040,1.158120,1.161060,1.158100,1.161920,1.158000,1.160920
2018/08/08 21:00:00,1.161060,1.162010,1.160160,1.160680,1.160920,1.161890,1.160050,1.160570
2018/08/09 05:00:00,1.160680,1.161610,1.157660,1.159980,1.160570,1.161490,1.157550,1.159850
2018/08/09 13:00:00,1.159980,1.159990,1.152650,1.152760,1.159850,1.159870,1.152520,1.152610
2018/08/09 21:00:00,1.152760,1.153710,1.151640,1.151700,1.152610,1.153600,1.151520,1.151580
2018/08/10 05:00:00,1.151700,1.152240,1.143260,1.144420,1.151580,1.152120,1.143140,1.144300
2018/08/10 13:00:00,1.144420,1.144950,1.138860,1.141560,1.144300,1.144850,1.138750,1.141050
2018/08/12 13:00:00,1.141560,1.141560,1.136970,1.137370,1.141050,1.141050,1.136580,1.137030
2018/08/12 21:00:00,1.137370,1.141230,1.136570,1.136730,1.137030,1.141110,1.136450,1.136620
2018/08/13 05:00:00,1.136730,1.142530,1.136600,1.141740,1.136620,1.142400,1.136480,1.141620
2018/08/13 13:00:00,1.141740,1.143350,1.138600,1.141140,1.141620,1.143230,1.138480,1.140910
2018/08/13 21:00:00,1.141140,1.141800,1.139560,1.140230,1.140910,1.141700,1.139430,1.140110
2018/08/14 05:00:00,1.140230,1.143000,1.138040,1.139060,1.140110,1.142880,1.137910,1.138940
2018/08/14 13:00:00,1.139060,1.139620,1.133070,1.134520,1.138940,1.139500,1.132950,1.134330
2018/08/14 21:00:00,1.134520,1.135090,1.132010,1.132630,1.134330,1.134960,1.131920,1.132510
2018/08/15 05:00:00,1.132630,1.134690,1.130960,1.131630,1.132510,1.134570,1.130840,1.131510
2018/08/15 13:00:00,1.131630,1.135550,1.130160,1.134620,1.131510,1.135440,1.130040,1.134450
2018/08/15 21:00:00,1.134620,1.139150,1.133650,1.138360,1.134450,1.139030,1.133510,1.138230
2018/08/16 05:00:00,1.138360,1.139890,1.135760,1.136580,1.138230,1.139770,1.135650,1.136470
2018/08/16 13:00:00,1.136580,1.140970,1.134830,1.137790,1.136470,1.140860,1.134700,1.137600
2018/08/16 21:00:00,1.137790,1.138970,1.136700,1.137920,1.137600,1.138830,1.136580,1.137790
2018/08/17 05:00:00,1.137920,1.142010,1.137390,1.140670,1.137790,1.141890,1.137280,1.140570
2018/08/17 13:00:00,1.140670,1.144550,1.140150,1.144210,1.140570,1.144430,1.140030,1.143560
2018/08/19 13:00:00,1.144210,1.144250,1.143550,1.144220,1.143560,1.143790,1.143290,1.143680
2018/08/19 21:00:00,1.144220,1.144240,1.142560,1.142680,1.143680,1.143960,1.142450,1.142560
2018/08/20 05:00:00,1.142680,1.143240,1.139500,1.142410,1.142560,1.143130,1.139380,1.142290
2018/08/20 13:00:00,1.142410,1.148560,1.142180,1.148300,1.142290,1.148440,1.142060,1.148100
2018/08/20 21:00:00,1.148300,1.154310,1.148200,1.153170,1.148100,1.154180,1.147960,1.153040
2018/08/21 05:00:00,1.153170,1.154060,1.149240,1.150480,1.153040,1.153960,1.149130,1.150360
2018/08/21 13:00:00,1.150480,1.160190,1.149790,1.157130,1.150360,1.160070,1.149670,1.156990
2018/08/21 21:00:00,1.157130,1.158300,1.156810,1.157640,1.156990,1.158180,1.156650,1.157520
2018/08/22 05:00:00,1.157640,1.162090,1.155380,1.161830,1.157520,1.161960,1.155260,1.161710
2018/08/22 13:00:00,1.161830,1.162350,1.158130,1.159770,1.161710,1.162230,1.158030,1.159630
2018/08/22 21:00:00,1.159770,1.160030,1.154270,1.155700,1.159630,1.159920,1.154150,1.155570
2018/08/23 05:00:00,1.155700,1.159050,1.154890,1.157480,1.155570,1.158930,1.154770,1.157360
2018/08/23 13:00:00,1.157480,1.159150,1.153030,1.154120,1.157360,1.159030,1.152930,1.153720
2018/08/23 21:00:00,1.154120,1.156390,1.153550,1.156360,1.153720,1.156260,1.153420,1.156230
2018/08/24 05:00:00,1.156360,1.160070,1.155570,1.159360,1.156230,1.159980,1.155460,1.159250
2018/08/24 13:00:00,1.159360,1.164040,1.158200,1.162430,1.159250,1.163940,1.158070,1.161880
2018/08/26 13:00:00,1.162430,1.163000,1.161090,1.161880,1.161880,1.162470,1.160950,1.161390
2018/08/26 21:00:00,1.161880,1.165440,1.161810,1.161900,1.161390,1.165310,1.161340,1.161780
2018/08/27 05:00:00,1.161900,1.164410,1.159520,1.163850,1.161780,1.164290,1.159390,1.163720
2018/08/27 13:00:00,1.163850,1.169430,1.163380,1.167850,1.163720,1.169310,1.163260,1.167680
2018/08/27 21:00:00,1.167850,1.169760,1.167010,1.167450,1.167680,1.169660,1.166890,1.167320
2018/08/28 05:00:00,1.167450,1.172220,1.166310,1.171650,1.167320,1.172120,1.166190,1.171520
2018/08/28 13:00:00,1.171650,1.173430,1.169120,1.169540,1.171520,1.173290,1.169000,1.169340
2018/08/28 21:00:00,1.169540,1.169870,1.168400,1.169620,1.169340,1.169690,1.168270,1.169490
2018/08/29 05:00:00,1.169620,1.169700,1.165240,1.166520,1.169490,1.169570,1.165120,1.166400
2018/08/29 13:00:00,1.166520,1.171050,1.166270,1.170870,1.166400,1.170940,1.166130,1.170610
2018/08/29 21:00:00,1.170870,1.171440,1.169600,1.169990,1.170610,1.171310,1.169480,1.169860
2018/08/30 05:00:00,1.169990,1.171890,1.167560,1.167800,1.169860,1.171760,1.167430,1.167680
2018/08/30 13:00:00,1.167800,1.168330,1.164210,1.167170,1.167680,1.168220,1.164100,1.167030
2018/08/30 21:00:00,1.167170,1.167730,1.166020,1.167030,1.167030,1.167600,1.165900,1.166910
2018/08/31 05:00:00,1.167030,1.169070,1.163360,1.164010,1.166910,1.168960,1.163240,1.163890
2018/08/31 13:00:00,1.164010,1.165260,1.158520,1.160570,1.163890,1.165140,1.158400,1.160000
2018/09/02 13:00:00,1.160570,1.161040,1.159220,1.159840,1.160000,1.161040,1.158600,1.159450
2018/09/02 21:00:00,1.159840,1.160700,1.158950,1.160680,1.159450,1.160570,1.158830,1.160560
2018/09/03 05:00:00,1.160680,1.162690,1.159160,1.160730,1.160560,1.162580,1.159040,1.160610
2018/09/03 13:00:00,1.160730,1.162850,1.160410,1.162290,1.160610,1.162730,1.160290,1.161680
2018/09/03 21:00:00,1.162290,1.162340,1.159620,1.160490,1.161680,1.161910,1.159490,1.160360
2018/09/04 05:00:00,1.160490,1.161170,1.155050,1.156200,1.160360,1.161050,1.154930,1.156070
2018/09/04 13:00:00,1.156200,1.159010,1.153080,1.158320,1.156070,1.158890,1.152950,1.158010
2018/09/04 21:00:00,1.158320,1.160890,1.158030,1.159530,1.158010,1.160770,1.157640,1.159400
2018/09/05 05:00:00,1.159530,1.159840,1.154310,1.158540,1.159400,1.159710,1.154180,1.158410
2018/09/05 13:00:00,1.158540,1.164120,1.158360,1.163110,1.158410,1.163980,1.158240,1.162870
2018/09/05 21:00:00,1.163110,1.165980,1.163060,1.163460,1.162870,1.165880,1.162840,1.163330
2018/09/06 05:00:00,1.163460,1.165550,1.161440,1.164220,1.163330,1.165480,1.161330,1.164090
2018/09/06 13:00:00,1.164220,1.164760,1.160610,1.162430,1.164090,1.164640,1.160480,1.162230
2018/09/06 21:00:00,1.162430,1.162980,1.161470,1.162960,1.162230,1.162850,1.161350,1.162830
2018/09/07 05:00:00,1.162960,1.165010,1.156720,1.156740,1.162830,1.164890,1.156600,1.156620
2018/09/07 13:00:00,1.156740,1.159400,1.155120,1.155580,1.156620,1.159270,1.154990,1.155090
2018/09/09 13:00:00,1.155580,1.155670,1.155040,1.155170,1.155090,1.155290,1.154580,1.154580
2018/09/09 21:00:00,1.155170,1.156490,1.154040,1.154790,1.154580,1.156360,1.153910,1.154660
2018/09/10 05:00:00,1.154790,1.160520,1.152620,1.160360,1.154660,1.160390,1.152510,1.160250
2018/09/10 13:00:00,1.160360,1.161690,1.159300,1.159620,1.160250,1.161580,1.159080,1.159080
2018/09/10 21:00:00,1.159620,1.160490,1.157830,1.160150,1.159080,1.160370,1.157700,1.160030
2018/09/11 05:00:00,1.160150,1.164480,1.156590,1.157860,1.160030,1.164370,1.156480,1.157750
2018/09/11 13:00:00,1.157860,1.161350,1.157420,1.160770,1.157750,1.161220,1.157310,1.160360
2018/09/11 21:00:00,1.160770,1.160930,1.158360,1.158770,1.160360,1.160490,1.158230,1.158650
2018/09/12 05:00:00,1.158770,1.160550,1.157070,1.159280,1.158650,1.160430,1.156950,1.159150
2018/09/12 13:00:00,1.159280,1.165040,1.158800,1.162700,1.159150,1.164910,1.158690,1.162500
2018/09/12 21:00:00,1.162700,1.164350,1.162340,1.162370,1.162500,1.164240,1.162250,1.162250
2018/09/13 05:00:00,1.162370,1.168180,1.160960,1.167980,1.162250,1.168080,1.160850,1.167850
2018/09/13 13:00:00,1.167980,1.170170,1.166880,1.169070,1.167850,1.170040,1.166760,1.168940
2018/09/13 21:00:00,1.169070,1.169820,1.168830,1.169740,1.168940,1.169700,1.168660,1.169610
2018/09/14 05:00:00,1.169740,1.172230,1.166560,1.166800,1.169610,1.172100,1.166450,1.166660
2018/09/14 13:00:00,1.166800,1.167300,1.162130,1.162460,1.166660,1.167180,1.162000,1.162060
2018/09/16 13:00:00,1.162460,1.163170,1.161890,1.162850,1.162060,1.162540,1.161460,1.162240
2018/09/16 21:00:00,1.162850,1.163790,1.162260,1.163710,1.162240,1.163670,1.162130,1.163600
2018/09/17 05:00:00,1.163710,1.168700,1.161860,1.168500,1.163600,1.168580,1.161730,1.168380
2018/09/17 13:00:00,1.168500,1.169880,1.168180,1.168430,1.168380,1.169760,1.168060,1.168200
2018/09/17 21:00:00,1.168430,1.170360,1.166730,1.169150,1.168200,1.170240,1.166610,1.169020
2018/09/18 05:00:00,1.169150,1.171840,1.167280,1.170700,1.169020,1.171740,1.167160,1.170570
2018/09/18 13:00:00,1.170700,1.172520,1.165280,1.167010,1.170570,1.172390,1.165150,1.166340
2018/09/18 21:00:00,1.167010,1.168310,1.165630,1.167580,1.166340,1.168190,1.165500,1.167460
2018/09/19 05:00:00,1.167580,1.171550,1.166120,1.167550,1.167460,1.171430,1.166020,1.167450
2018/09/19 13:00:00,1.167550,1.169340,1.165060,1.167330,1.167450,1.169240,1.164940,1.167130
2018/09/19 21:00:00,1.167330,1.168740,1.166960,1.167930,1.167130,1.168630,1.166820,1.167800
2018/09/20 05:00:00,1.167930,1.177800,1.167810,1.177080,1.167800,1.177660,1.167690,1.176950
2018/09/20 13:00:00,1.177080,1.178530,1.173950,1.177770,1.176950,1.178400,1.173840,1.177630
2018/09/20 21:00:00,1.177770,1.178750,1.177520,1.177930,1.177630,1.178630,1.177270,1.177810
2018/09/21 05:00:00,1.177930,1.180340,1.175130,1.175810,1.177810,1.180220,1.175030,1.175690
2018/09/21 13:00:00,1.175810,1.176760,1.173350,1.175100,1.175690,1.176670,1.173210,1.174600
2018/09/23 13:00:00,1.175100,1.175510,1.174040,1.175310,1.174600,1.175130,1.173620,1.174790
2018/09/23 21:00:00,1.175310,1.175400,1.173800,1.174430,1.174790,1.175210,1.173670,1.174310
2018/09/24 05:00:00,1.174430,1.177530,1.172480,1.175220,1.174310,1.177420,1.172350,1.175110
2018/09/24 13:00:00,1.175220,1.181580,1.174480,1.174870,1.175110,1.181470,1.174380,1.174680
2018/09/24 21:00:00,1.174870,1.175950,1.173150,1.174160,1.174680,1.175830,1.173030,1.174030
2018/09/25 05:00:00,1.174160,1.179100,1.173420,1.178000,1.174030,1.178990,1.173280,1.177900
2018/09/25 13:00:00,1.178000,1.179330,1.176140,1.176820,1.177900,1.179210,1.176030,1.176520
2018/09/25 21:00:00,1.176820,1.177290,1.175650,1.176400,1.176520,1.176850,1.175540,1.176270
2018/09/26 05:00:00,1.176400,1.177620,1.173100,1.174120,1.176270,1.177500,1.172980,1.173990
2018/09/26 13:00:00,1.174120,1.179850,1.172650,1.174230,1.173990,1.179740,1.172530,1.173630
2018/09/26 21:00:00,1.174230,1.175780,1.173960,1.174960,1.173630,1.175650,1.173570,1.174840
2018/09/27 05:00:00,1.174960,1.175200,1.167350,1.167530,1.174840,1.175080,1.167240,1.167410
2018/09/27 13:00:00,1.167530,1.169720,1.163960,1.164130,1.167410,1.169600,1.163840,1.164000
2018/09/27 21:00:00,1.164130,1.165000,1.163380,1.164660,1.164000,1.164880,1.163250,1.164540
2018/09/28 05:00:00,1.164660,1.165190,1.157010,1.158530,1.164540,1.165060,1.156910,1.158410
2018/09/28 13:00:00,1.158530,1.163010,1.157280,1.160530,1.158410,1.162890,1.157170,1.160220
2018/09/30 13:00:00,1.160530,1.162900,1.160530,1.162150,1.160220,1.162720,1.160220,1.161640
2018/09/30 21:00:00,1.162150,1.162150,1.159170,1.159600,1.161640,1.161720,1.159050,1.159470
2018/10/01 05:00:00,1.159600,1.162560,1.157440,1.161030,1.159470,1.162420,1.157330,1.160900
2018/10/01 13:00:00,1.161030,1.161140,1.156420,1.157870,1.160900,1.161020,1.156300,1.157730
2018/10/01 21:00:00,1.157870,1.158110,1.156930,1.157000,1.157730,1.157960,1.156790,1.156880
2018/10/02 05:00:00,1.157000,1.157090,1.150580,1.153900,1.156880,1.156960,1.150460,1.153780
2018/10/02 13:00:00,1.153900,1.157090,1.152950,1.154820,1.153780,1.156980,1.152830,1.154620
2018/10/02 21:00:00,1.154820,1.159440,1.153630,1.157830,1.154620,1.159310,1.153510,1.157700
2018/10/03 05:00:00,1.157830,1.159350,1.152850,1.153010,1.157700,1.159220,1.152750,1.152880
2018/10/03 13:00:00,1.153010,1.154730,1.146500,1.147970,1.152880,1.154600,1.146370,1.147680
2018/10/03 21:00:00,1.147970,1.149480,1.146400,1.147040,1.147680,1.149350,1.146280,1.146920
2018/10/04 05:00:00,1.147040,1.151610,1.146670,1.150900,1.146920,1.151490,1.146550,1.150770
2018/10/04 13:00:00,1.150900,1.154340,1.149320,1.151530,1.150770,1.154220,1.149200,1.151320
2018/10/04 21:00:00,1.151530,1.152040,1.150570,1.150970,1.151320,1.151910,1.150450,1.150840
2018/10/05 05:00:00,1.150970,1.153850,1.148460,1.153320,1.150840,1.153730,1.148330,1.153190
2018/10/05 13:00:00,1.153320,1.155040,1.149840,1.152070,1.153190,1.154910,1.149720,1.151870
2018/10/07 13:00:00,1.152070,1.153530,1.152070,1.152550,1.151870,1.153080,1.151700,1.152020
2018/10/07 21:00:00,1.152550,1.153020,1.151100,1.151210,1.152020,1.152910,1.150980,1.151080
2018/10/08 05:00:00,1.151210,1.151650,1.146050,1.146410,1.151080,1.151540,1.145940,1.146290
2018/10/08 13:00:00,1.146410,1.149950,1.146050,1.149220,1.146290,1.149840,1.145930,1.149030
2018/10/08 21:00:00,1.149220,1.150330,1.148530,1.149890,1.149030,1.150210,1.148400,1.149760
2018/10/09 05:00:00,1.149890,1.150000,1.143280,1.145020,1.149760,1.149880,1.143160,1.144890
2018/10/09 13:00:00,1.145020,1.150390,1.144350,1.149170,1.144890,1.150290,1.144240,1.148980
2018/10/09 21:00:00,1.149170,1.151600,1.149020,1.150710,1.148980,1.151490,1.148530,1.150590
2018/10/10 05:00:00,1.150710,1.151580,1.148050,1.150290,1.150590,1.151450,1.147920,1.150160
2018/10/10 13:00:00,1.150290,1.154600,1.150240,1.152180,1.150160,1.154480,1.150100,1.151700
2018/10/10 21:00:00,1.152180,1.157300,1.152160,1.156250,1.151700,1.157180,1.151700,1.156120
2018/10/11 05:00:00,1.156250,1.160000,1.153580,1.157500,1.156120,1.159880,1.153450,1.157370
2018/10/11 13:00:00,1.157500,1.159910,1.154570,1.159390,1.157370,1.159790,1.154470,1.159250
2018/10/11 21:00:00,1.159390,1.160980,1.158820,1.160640,1.159250,1.160860,1.158270,1.160510
2018/10/12 05:00:00,1.160640,1.161110,1.155300,1.155820,1.160510,1.160980,1.155190,1.155690
2018/10/12 13:00:00,1.155820,1.156920,1.153490,1.156150,1.155690,1.156800,1.153370,1.155670
2018/10/14 13:00:00,1.156150,1.156150,1.153640,1.154490,1.155670,1.156070,1.153440,1.153920
2018/10/14 21:00:00,1.154490,1.155640,1.154370,1.155010,1.153920,1.155530,1.153920,1.154880
2018/10/15 05:00:00,1.155010,1.160680,1.154510,1.160600,1.154880,1.160560,1.154390,1.160500
2018/10/15 13:00:00,1.160600,1.160670,1.157480,1.158040,1.160500,1.160570,1.157360,1.157840
2018/10/15 21:00:00,1.158040,1.159310,1.157220,1.157330,1.157840,1.159190,1.157100,1.157200
2018/10/16 05:00:00,1.157330,1.159920,1.156660,1.158870,1.157200,1.159800,1.156530,1.158730
2018/10/16 13:00:00,1.158870,1.162210,1.157190,1.157580,1.158730,1.162110,1.157080,1.157280
2018/10/16 21:00:00,1.157580,1.158120,1.155750,1.155910,1.157280,1.157980,1.155630,1.155780
2018/10/17 05:00:00,1.155910,1.157850,1.152160,1.153590,1.155780,1.157730,1.152040,1.153470
2018/10/17 13:00:00,1.153590,1.154770,1.149660,1.150140,1.153470,1.154660,1.149540,1.149980
2018/10/17 21:00:00,1.150140,1.150600,1.149480,1.150090,1.149980,1.150470,1.149360,1.149970
2018/10/18 05:00:00,1.150090,1.152790,1.148230,1.150200,1.149970,1.152680,1.148110,1.150070
2018/10/18 13:00:00,1.150200,1.151920,1.144970,1.145390,1.150070,1.151780,1.144850,1.145180
2018/10/18 21:00:00,1.145390,1.146310,1.145190,1.145970,1.145180,1.146180,1.145030,1.145840
2018/10/19 05:00:00,1.145970,1.147750,1.143360,1.146520,1.145840,1.147620,1.143230,1.146400
2018/10/19 13:00:00,1.146520,1.153540,1.146130,1.151540,1.146400,1.153400,1.146010,1.151220
2018/10/21 13:00:00,1.151540,1.152110,1.151350,1.151850,1.151220,1.151840,1.150930,1.151520
2018/10/21 21:00:00,1.151850,1.151940,1.149880,1.151180,1.151520,1.151810,1.149750,1.151050
2018/10/22 05:00:00,1.151180,1.155080,1.148590,1.148610,1.151050,1.154980,1.148460,1.148490
2018/10/22 13:00:00,1.148610,1.148850,1.145640,1.146600,1.148490,1.148730,1.145520,1.146320
2018/10/22 21:00:00,1.146600,1.146850,1.145280,1.145620,1.146320,1.146720,1.145150,1.145490
2018/10/23 05:00:00,1.145620,1.148660,1.143990,1.146660,1.145490,1.148530,1.143890,1.146540
2018/10/23 13:00:00,1.146660,1.149440,1.144930,1.147320,1.146540,1.149320,1.144800,1.146900
2018/10/23 21:00:00,1.147320,1.147600,1.146180,1.146890,1.146900,1.147470,1.146060,1.146770
2018/10/24 05:00:00,1.146890,1.147740,1.137930,1.140540,1.146770,1.147630,1.137820,1.140410
2018/10/24 13:00:00,1.140540,1.141050,1.138140,1.139300,1.140410,1.140930,1.138010,1.139090
2018/10/24 21:00:00,1.139300,1.141450,1.139290,1.141300,1.139090,1.141330,1.139030,1.141180
2018/10/25 05:00:00,1.141300,1.143340,1.139500,1.143070,1.141180,1.143200,1.139440,1.142940
2018/10/25 13:00:00,1.143070,1.143280,1.135670,1.137540,1.142940,1.143160,1.135550,1.137350
2018/10/25 21:00:00,1.137540,1.137940,1.136160,1.136910,1.137350,1.137640,1.136020,1.136780
2018/10/26 05:00:00,1.136910,1.138430,1.133630,1.134530,1.136780,1.138310,1.133500,1.134390
2018/10/26 13:00:00,1.134530,1.142190,1.134470,1.140560,1.134390,1.142060,1.134340,1.140280
2018/10/28 13:00:00,1.140560,1.140560,1.138840,1.139460,1.140280,1.140280,1.138550,1.139130
2018/10/28 21:00:00,1.139460,1.140480,1.138700,1.139250,1.139130,1.140320,1.138580,1.139130
2018/10/29 05:00:00,1.139250,1.141710,1.136120,1.138660,1.139130,1.141580,1.135990,1.138540
2018/10/29 13:00:00,1.138660,1.140090,1.136810,1.137350,1.138540,1.139980,1.136680,1.137210
2018/10/29 21:00:00,1.137350,1.138560,1.137140,1.138150,1.137210,1.138440,1.137010,1.138030
2018/10/30 05:00:00,1.138150,1.138850,1.134620,1.137150,1.138030,1.138730,1.134490,1.137020
2018/10/30 13:00:00,1.137150,1.138260,1.134110,1.134570,1.137020,1.138150,1.133990,1.134270
2018/10/30 21:00:00,1.134570,1.135080,1.133670,1.134270,1.134270,1.134960,1.133550,1.134150
2018/10/31 05:00:00,1.134270,1.136090,1.132190,1.132300,1.134150,1.135980,1.132060,1.132170
2018/10/31 13:00:00,1.132300,1.134760,1.130270,1.131370,1.132170,1.134650,1.130150,1.131110
2018/10/31 21:00:00,1.131370,1.135060,1.130890,1.134380,1.131110,1.134940,1.130660,1.134260
2018/11/01 05:00:00,1.134380,1.140500,1.133830,1.138810,1.134260,1.140370,1.133710,1.138680
2018/11/01 13:00:00,1.138810,1.142480,1.138560,1.140960,1.138680,1.142350,1.138440,1.140760
2018/11/01 21:00:00,1.140960,1.141850,1.139180,1.140950,1.140760,1.141710,1.139060,1.140830
2018/11/02 05:00:00,1.140950,1.145650,1.140830,1.141790,1.140830,1.145530,1.140710,1.141660
2018/11/02 13:00:00,1.141790,1.143180,1.137270,1.138960,1.141660,1.143060,1.137160,1.138650
2018/11/04 14:00:00,1.138960,1.140550,1.138830,1.138870,1.138650,1.140320,1.138530,1.138530
2018/11/04 22:00:00,1.138870,1.140010,1.138330,1.139070,1.138530,1.139900,1.138210,1.138940
2018/11/05 06:00:00,1.139070,1.139950,1.135400,1.137890,1.138940,1.139820,1.135340,1.137770
2018/11/05 14:00:00,1.137890,1.142440,1.137840,1.140860,1.137770,1.142370,1.137710,1.140590
2018/11/05 22:00:00,1.140860,1.141520,1.139950,1.140600,1.140590,1.141360,1.139840,1.140470
2018/11/06 06:00:00,1.140600,1.143840,1.139190,1.142800,1.140470,1.143730,1.139090,1.142670
2018/11/06 14:00:00,1.142800,1.143030,1.140670,1.142810,1.142670,1.142930,1.140550,1.142500
2018/11/06 22:00:00,1.142810,1.147370,1.139530,1.145260,1.142500,1.147250,1.139400,1.145110
2018/11/07 06:00:00,1.145260,1.150040,1.143160,1.147980,1.145110,1.149940,1.143030,1.147860
2018/11/07 14:00:00,1.147980,1.148720,1.142520,1.142720,1.147860,1.148600,1.142420,1.142510
2018/11/07 22:00:00,1.142720,1.143740,1.142310,1.143450,1.142510,1.143600,1.142190,1.143320
2018/11/08 06:00:00,1.143450,1.144540,1.140470,1.142710,1.143320,1.144430,1.140350,1.142590
2018/11/08 14:00:00,1.142710,1.144740,1.135210,1.136400,1.142590,1.144610,1.135090,1.136270
2018/11/08 22:00:00,1.136400,1.136950,1.134130,1.134980,1.136270,1.136830,1.134040,1.134850
2018/11/09 06:00:00,1.134980,1.135710,1.132760,1.135190,1.134850,1.135580,1.132660,1.135070
2018/11/09 14:00:00,1.135190,1.136040,1.131690,1.133650,1.135070,1.135940,1.131560,1.133450
2018/11/11 14:00:00,1.133650,1.133650,1.131350,1.132500,1.133450,1.133450,1.131120,1.131880
2018/11/11 22:00:00,1.132500,1.133250,1.130810,1.131050,1.131880,1.133000,1.130750,1.130920
2018/11/12 06:00:00,1.131050,1.131230,1.124080,1.127300,1.130920,1.131110,1.123960,1.127170
2018/11/12 14:00:00,1.127300,1.127340,1.121620,1.121930,1.127170,1.127210,1.121490,1.121720
2018/11/12 22:00:00,1.121930,1.125250,1.121800,1.124030,1.121720,1.125120,1.121580,1.123910
2018/11/13 06:00:00,1.124030,1.127210,1.122250,1.126810,1.123910,1.127080,1.122130,1.126690
2018/11/13 14:00:00,1.126810,1.129410,1.125310,1.129290,1.126690,1.129320,1.125210,1.128830
2018/11/13 22:00:00,1.129290,1.132170,1.128660,1.129090,1.128830,1.132020,1.128490,1.128970
2018/11/14 06:00:00,1.129090,1.131220,1.126360,1.128540,1.128970,1.131080,1.126240,1.128410
2018/11/14 14:00:00,1.128540,1.134840,1.127670,1.131260,1.128410,1.134730,1.127550,1.130610
2018/11/14 22:00:00,1.131260,1.134250,1.130970,1.133350,1.130610,1.134120,1.130380,1.133220
2018/11/15 06:00:00,1.133350,1.135240,1.127140,1.129140,1.133220,1.135120,1.126990,1.128970
2018/11/15 14:00:00,1.129140,1.136320,1.128860,1.133070,1.128970,1.136180,1.128690,1.132440
2018/11/15 22:00:00,1.133070,1.134380,1.132230,1.134260,1.132440,1.134260,1.132090,1.134140
2018/11/16 06:00:00,1.134260,1.139240,1.132220,1.138960,1.134140,1.139150,1.132110,1.138830
2018/11/16 14:00:00,1.138960,1.142170,1.138950,1.141880,1.138830,1.141970,1.138830,1.141550
2018/11/18 14:00:00,1.141880,1.141930,1.140030,1.141600,1.141550,1.141550,1.139810,1.141230
2018/11/18 22:00:00,1.141600,1.142210,1.139660,1.139780,1.141230,1.142070,1.139540,1.139650
2018/11/19 06:00:00,1.139780,1.143850,1.139470,1.142910,1.139650,1.143730,1.139330,1.142780
2018/11/19 14:00:00,1.142910,1.146520,1.142410,1.145680,1.142780,1.146380,1.142300,1.145170
2018/11/19 22:00:00,1.145680,1.145980,1.144340,1.144910,1.145170,1.145750,1.144220,1.144780
2018/11/20 06:00:00,1.144910,1.147300,1.140470,1.140780,1.144780,1.147180,1.140360,1.140640
2018/11/20 14:00:00,1.140780,1.141400,1.135940,1.137100,1.140640,1.141280,1.135800,1.136880
2018/11/20 22:00:00,1.137100,1.138240,1.136620,1.138100,1.136880,1.138120,1.136500,1.137980
2018/11/21 06:00:00,1.138100,1.142550,1.136800,1.141270,1.137980,1.142420,1.136660,1.141150
2018/11/21 14:00:00,1.141270,1.141550,1.138070,1.138690,1.141150,1.141420,1.137950,1.138320
2018/11/21 22:00:00,1.138690,1.140170,1.138280,1.139780,1.138320,1.140040,1.137910,1.139650
2018/11/22 06:00:00,1.139780,1.143470,1.139450,1.140400,1.139650,1.143360,1.139350,1.140260
2018/11/22 14:00:00,1.140400,1.141440,1.139170,1.140640,1.140260,1.141320,1.139050,1.139960
2018/11/22 22:00:00,1.140640,1.141740,1.140110,1.141510,1.139960,1.141610,1.139920,1.141390
2018/11/23 06:00:00,1.141510,1.142200,1.133820,1.135140,1.141390,1.142060,1.133700,1.135010
2018/11/23 14:00:00,1.135140,1.135980,1.132880,1.134080,1.135010,1.135920,1.132640,1.133510
2018/11/25 14:00:00,1.134080,1.134560,1.134080,1.134370,1.133510,1.134140,1.133510,1.133920
2018/11/25 22:00:00,1.134370,1.135020,1.132700,1.134840,1.133920,1.134900,1.132580,1.134710
2018/11/26 06:00:00,1.134840,1.138440,1.134440,1.136580,1.134710,1.138310,1.134320,1.136460
2018/11/26 14:00:00,1.136580,1.136740,1.132550,1.132890,1.136460,1.136610,1.132430,1.132720
2018/11/26 22:00:00,1.132890,1.134370,1.132810,1.134340,1.132720,1.134240,1.132490,1.134210
2018/11/27 06:00:00,1.134340,1.134440,1.130570,1.132100,1.134210,1.134310,1.130460,1.131960
2018/11/27 14:00:00,1.132100,1.133050,1.127790,1.129270,1.131960,1.132920,1.127670,1.128640
2018/11/27 22:00:00,1.129270,1.130010,1.128540,1.129510,1.128640,1.129880,1.128430,1.129380
2018/11/28 06:00:00,1.129510,1.130180,1.126770,1.128820,1.129380,1.130040,1.126650,1.128690
2018/11/28 14:00:00,1.128820,1.138820,1.126890,1.136650,1.128690,1.138730,1.126780,1.136520
2018/11/28 22:00:00,1.136650,1.139290,1.136380,1.138700,1.136520,1.139160,1.136250,1.138580
2018/11/29 06:00:00,1.138700,1.140230,1.134940,1.137230,1.138580,1.140120,1.134810,1.137110
2018/11/29 14:00:00,1.137230,1.139840,1.136400,1.139520,1.137110,1.139720,1.136270,1.139160
2018/11/29 22:00:00,1.139520,1.140100,1.138540,1.139250,1.139160,1.139990,1.138290,1.139120
2018/11/30 06:00:00,1.139250,1.139790,1.135620,1.135770,1.139120,1.139660,1.135500,1.135650
2018/11/30 14:00:00,1.135770,1.137010,1.130610,1.132220,1.135650,1.136890,1.130490,1.131750
2018/12/02 14:00:00,1.132220,1.136860,1.132220,1.135560,1.131750,1.136730,1.131750,1.134940
2018/12/02 22:00:00,1.135560,1.137050,1.132890,1.136690,1.134940,1.136920,1.132750,1.136560
2018/12/03 06:00:00,1.136690,1.138040,1.132000,1.132500,1.136560,1.137920,1.131870,1.132370
2018/12/03 14:00:00,1.132500,1.136440,1.132420,1.135510,1.132370,1.136320,1.132310,1.135140
2018/12/03 22:00:00,1.135510,1.138250,1.135070,1.137550,1.135140,1.138120,1.134940,1.137420
2018/12/04 06:00:00,1.137550,1.141940,1.137430,1.139000,1.137420,1.141820,1.137300,1.138880
2018/12/04 14:00:00,1.139000,1.139930,1.131910,1.134470,1.138880,1.139820,1.131790,1.134160
2018/12/04 22:00:00,1.134470,1.134700,1.131870,1.132010,1.134160,1.134580,1.131750,1.131890
2018/12/05 06:00:00,1.132010,1.136200,1.131740,1.135640,1.131890,1.136080,1.131630,1.135520
2018/12/05 14:00:00,1.135640,1.135960,1.131160,1.134520,1.135520,1.135830,1.131030,1.134400
2018/12/05 22:00:00,1.134520,1.135340,1.133980,1.134640,1.134400,1.135210,1.133850,1.134510
2018/12/06 06:00:00,1.134640,1.136900,1.132170,1.136020,1.134510,1.136780,1.132040,1.135900
2018/12/06 14:00:00,1.136020,1.141320,1.135820,1.137950,1.135900,1.141200,1.135700,1.137560
2018/12/06 22:00:00,1.137950,1.138550,1.136650,1.136750,1.137560,1.138130,1.136520,1.136620
2018/12/07 06:00:00,1.136750,1.141610,1.136110,1.138950,1.136620,1.141490,1.135980,1.138830
2018/12/07 14:00:00,1.138950,1.142440,1.137410,1.139680,1.138830,1.142310,1.137280,1.139240
2018/12/09 14:00:00,1.139680,1.140230,1.138280,1.139440,1.139240,1.139770,1.138050,1.138990
2018/12/09 22:00:00,1.139440,1.144340,1.139250,1.143640,1.138990,1.144210,1.138990,1.143510
2018/12/10 06:00:00,1.143640,1.144070,1.140250,1.141180,1.143510,1.143940,1.140130,1.141050
2018/12/10 14:00:00,1.141180,1.141580,1.135110,1.135750,1.141050,1.141450,1.134990,1.135450
2018/12/10 22:00:00,1.135750,1.137260,1.135140,1.137130,1.135450,1.137130,1.134980,1.137010
2018/12/11 06:00:00,1.137130,1.140100,1.135860,1.137030,1.137010,1.139990,1.135740,1.136900
2018/12/11 14:00:00,1.137030,1.137220,1.130680,1.131790,1.136900,1.137100,1.130570,1.131610
2018/12/11 22:00:00,1.131790,1.133480,1.131740,1.133340,1.131610,1.133360,1.131430,1.133210
2018/12/12 06:00:00,1.133340,1.136510,1.131570,1.136020,1.133210,1.136400,1.131440,1.135890
2018/12/12 14:00:00,1.136020,1.138810,1.134230,1.136890,1.135890,1.138670,1.134110,1.136770
2018/12/12 22:00:00,1.136890,1.137810,1.136360,1.136670,1.136770,1.137660,1.136230,1.136530
2018/12/13 06:00:00,1.136670,1.139420,1.133910,1.134520,1.136530,1.139270,1.133800,1.134420
2018/12/13 14:00:00,1.134520,1.137260,1.133170,1.135960,1.134420,1.137140,1.133050,1.135580
2018/12/13 22:00:00,1.135960,1.136640,1.135570,1.136120,1.135580,1.136450,1.135450,1.136000
2018/12/14 06:00:00,1.136120,1.136160,1.127040,1.127430,1.136000,1.136040,1.126920,1.127310
2018/12/14 14:00:00,1.127430,1.130890,1.127270,1.130710,1.127310,1.130760,1.127140,1.130260
2018/12/16 14:00:00,1.130710,1.130770,1.130220,1.130560,1.130260,1.130300,1.129920,1.129930
2018/12/16 22:00:00,1.130560,1.131390,1.130210,1.130870,1.129930,1.131260,1.129920,1.130750
2018/12/17 06:00:00,1.130870,1.135440,1.130670,1.135110,1.130750,1.135320,1.130550,1.134980
2018/12/17 14:00:00,1.135110,1.135840,1.133070,1.134800,1.134980,1.135740,1.132950,1.134660
2018/12/17 22:00:00,1.134800,1.136080,1.134030,1.134580,1.134660,1.135950,1.133930,1.134450
2018/12/18 06:00:00,1.134580,1.140290,1.133740,1.137970,1.134450,1.140170,1.133610,1.137840
2018/12/18 14:00:00,1.137970,1.138100,1.135040,1.136210,1.137840,1.137970,1.134950,1.135970
2018/12/18 22:00:00,1.136210,1.139040,1.136200,1.138840,1.135970,1.138920,1.135840,1.138710
2018/12/19 06:00:00,1.138840,1.141480,1.138120,1.140210,1.138710,1.141350,1.138000,1.140080
2018/12/19 14:00:00,1.140210,1.144000,1.136500,1.137790,1.140080,1.143870,1.136360,1.137520
2018/12/19 22:00:00,1.137790,1.139000,1.137110,1.138970,1.137520,1.138880,1.136930,1.138840
2018/12/20 06:00:00,1.138970,1.148660,1.138530,1.144660,1.138840,1.148520,1.138400,1.144530
2018/12/20 14:00:00,1.144660,1.148570,1.140280,1.144730,1.144530,1.148450,1.140160,1.144480
2018/12/20 22:00:00,1.144730,1.146250,1.144230,1.144730,1.144480,1.146110,1.144100,1.144610
2018/12/21 06:00:00,1.144730,1.147470,1.140060,1.141130,1.144610,1.147340,1.139950,1.141000
2018/12/21 14:00:00,1.141130,1.142440,1.135660,1.137270,1.141000,1.142310,1.135540,1.136890
2018/12/23 14:00:00,1.137270,1.137480,1.136000,1.137400,1.136890,1.136960,1.135470,1.136730
2018/12/23 22:00:00,1.137400,1.139340,1.136280,1.139140,1.136730,1.139220,1.135960,1.139010
2018/12/24 06:00:00,1.139140,1.141820,1.137500,1.141450,1.139010,1.141690,1.137370,1.141320
2018/12/24 14:00:00,1.141450,1.143920,1.140040,1.140410,1.141320,1.143800,1.139870,1.139900
2018/12/25 22:00:00,1.140410,1.140470,1.139960,1.140320,1.139900,1.140330,1.139830,1.140190
2018/12/26 06:00:00,1.140320,1.140850,1.137600,1.138990,1.140190,1.140720,1.137450,1.138850
2018/12/26 14:00:00,1.138990,1.141490,1.134370,1.135460,1.138850,1.141370,1.134220,1.135130
2018/12/26 22:00:00,1.135460,1.139060,1.135380,1.138370,1.135130,1.138930,1.135120,1.138230
2018/12/27 06:00:00,1.138370,1.141020,1.136510,1.139810,1.138230,1.140880,1.136390,1.139690
2018/12/27 14:00:00,1.139810,1.145490,1.139280,1.143350,1.139690,1.145370,1.139150,1.142790
2018/12/27 22:00:00,1.143350,1.146750,1.142880,1.145530,1.142790,1.146620,1.142520,1.145400
2018/12/28 06:00:00,1.145530,1.147340,1.143170,1.146180,1.145400,1.147220,1.143020,1.146050
2018/12/28 14:00:00,1.146180,1.146990,1.143090,1.144530,1.146050,1.146850,1.142970,1.143970
2018/12/30 14:00:00,1.144530,1.145010,1.143820,1.144030,1.143970,1.144480,1.143620,1.143620
2018/12/30 22:00:00,1.144030,1.145100,1.142210,1.142970,1.143620,1.144970,1.142070,1.142830
2018/12/31 06:00:00,1.142970,1.146680,1.142500,1.144680,1.142830,1.146550,1.142350,1.144550
2018/12/31 14:00:00,1.144680,1.146050,1.142630,1.144580,1.144550,1.145910,1.142500,1.144430
