StartDate,AskOpen,AskHigh,AskLow,AskClose,BidOpen,BidHigh,BidLow,BidClose
2018/06/01 00:00:00,1.169290,1.169420,1.168650,1.168750,1.169160,1.169280,1.168530,1.168620
2018/06/01 00:30:00,1.168750,1.169540,1.168650,1.169470,1.168620,1.169410,1.168510,1.169330
2018/06/01 01:00:00,1.169470,1.169710,1.168770,1.169110,1.169330,1.169570,1.168660,1.168980
2018/06/01 01:30:00,1.169110,1.169690,1.168980,1.169180,1.168980,1.169570,1.168850,1.169060
2018/06/01 02:00:00,1.169180,1.169720,1.169090,1.169500,1.169060,1.169600,1.168960,1.169380
2018/06/01 02:30:00,1.169500,1.169720,1.168460,1.168550,1.169380,1.169600,1.168330,1.168430
2018/06/01 03:00:00,1.168550,1.168750,1.167770,1.168200,1.168430,1.168610,1.167640,1.168070
2018/06/01 03:30:00,1.168200,1.168420,1.168000,1.168270,1.168070,1.168290,1.167880,1.168150
2018/06/01 04:00:00,1.168270,1.168330,1.167960,1.168120,1.168150,1.168200,1.167840,1.168000
2018/06/01 04:30:00,1.168120,1.168220,1.167640,1.167880,1.168000,1.168100,1.167510,1.167750
2018/06/01 05:00:00,1.167880,1.168010,1.166610,1.167370,1.167750,1.167890,1.166480,1.167260
2018/06/01 05:30:00,1.167370,1.167740,1.167210,1.167600,1.167260,1.167610,1.167080,1.167470
2018/06/01 06:00:00,1.167600,1.168280,1.166610,1.167870,1.167470,1.168150,1.166480,1.167740
2018/06/01 06:30:00,1.167870,1.168680,1.167230,1.168560,1.167740,1.168550,1.167110,1.168460
2018/06/01 07:00:00,1.168560,1.169600,1.168120,1.169400,1.168460,1.169480,1.168000,1.169270
2018/06/01 07:30:00,1.169400,1.170370,1.168270,1.168440,1.169270,1.170230,1.168130,1.168300
2018/06/01 08:00:00,1.168440,1.169860,1.168190,1.168350,1.168300,1.169720,1.168060,1.168230
2018/06/01 08:30:00,1.168350,1.168960,1.167810,1.168250,1.168230,1.168830,1.167680,1.168120
2018/06/01 09:00:00,1.168250,1.169060,1.167810,1.168930,1.168120,1.168940,1.167690,1.168810
2018/06/01 09:30:00,1.168930,1.170900,1.168220,1.170580,1.168810,1.170780,1.168100,1.170440
2018/06/01 10:00:00,1.170580,1.171880,1.170270,1.170430,1.170440,1.171730,1.170140,1.170300
2018/06/01 10:30:00,1.170430,1.171400,1.170330,1.171050,1.170300,1.171270,1.170210,1.170930
2018/06/01 11:00:00,1.171050,1.171120,1.169830,1.169840,1.170930,1.170990,1.169710,1.169710
2018/06/01 11:30:00,1.169840,1.169940,1.167130,1.167440,1.169710,1.169820,1.166990,1.167310
2018/06/01 12:00:00,1.167440,1.167850,1.166540,1.167510,1.167310,1.167720,1.166410,1.167030
2018/06/01 12:30:00,1.167510,1.168870,1.164860,1.165880,1.167030,1.168730,1.164710,1.165750
2018/06/01 13:00:00,1.165880,1.168390,1.165440,1.168280,1.165750,1.168270,1.165320,1.168160
2018/06/01 13:30:00,1.168280,1.168410,1.167080,1.167210,1.168160,1.168300,1.166940,1.167040
2018/06/01 14:00:00,1.167210,1.167940,1.161840,1.165830,1.167040,1.167810,1.161710,1.165680
2018/06/01 14:30:00,1.165830,1.166450,1.164580,1.166430,1.165680,1.166320,1.164440,1.166300
2018/06/01 15:00:00,1.166430,1.167980,1.166160,1.167250,1.166300,1.167840,1.166040,1.167130
2018/06/01 15:30:00,1.167250,1.168190,1.166830,1.167840,1.167130,1.168060,1.166700,1.167720
2018/06/01 16:00:00,1.167840,1.168050,1.166920,1.167290,1.167720,1.167920,1.166790,1.167170
2018/06/01 16:30:00,1.167290,1.167400,1.166190,1.166610,1.167170,1.167270,1.166060,1.166480
2018/06/01 17:00:00,1.166610,1.167000,1.166360,1.166510,1.166480,1.166870,1.166230,1.166380
2018/06/01 17:30:00,1.166510,1.166890,1.165580,1.165840,1.166380,1.166770,1.165460,1.165710
2018/06/01 18:00:00,1.165840,1.166210,1.165690,1.166030,1.165710,1.166090,1.165570,1.165920
2018/06/01 18:30:00,1.166030,1.166430,1.165920,1.166390,1.165920,1.166310,1.165800,1.166260
2018/06/01 19:00:00,1.166390,1.166410,1.165910,1.166020,1.166260,1.166280,1.165790,1.165890
2018/06/01 19:30:00,1.166020,1.166160,1.165420,1.165590,1.165890,1.166030,1.165300,1.165470
2018/06/01 20:00:00,1.165590,1.165960,1.165530,1.165790,1.165470,1.165830,1.165410,1.165670
2018/06/01 20:30:00,1.165790,1.166690,1.165790,1.166190,1.165670,1.166550,1.165640,1.165660
2018/06/03 19:30:00,1.166190,1.166190,1.166030,1.166030,1.165660,1.165690,1.165450,1.165690
2018/06/03 20:00:00,1.166030,1.166070,1.166030,1.166070,1.165690,1.165740,1.165420,1.165540
2018/06/03 20:30:00,1.166070,1.166500,1.166040,1.166450,1.165540,1.166160,1.165520,1.165830
2018/06/03 21:00:00,1.166450,1.167080,1.166090,1.166950,1.165830,1.166760,1.165620,1.166650
2018/06/03 21:30:00,1.166950,1.167040,1.166420,1.166420,1.166650,1.166660,1.166040,1.166140
2018/06/03 22:00:00,1.166420,1.166530,1.166260,1.166360,1.166140,1.166350,1.166090,1.166240
2018/06/03 22:30:00,1.166360,1.166400,1.166200,1.166310,1.166240,1.166270,1.166060,1.166180
2018/06/03 23:00:00,1.166310,1.166660,1.166300,1.166400,1.166180,1.166520,1.166170,1.166270
2018/06/03 23:30:00,1.166400,1.166920,1.166350,1.166810,1.166270,1.166790,1.166220,1.166680
2018/06/04 00:00:00,1.166810,1.168040,1.166770,1.167720,1.166680,1.167900,1.166650,1.167610
2018/06/04 00:30:00,1.167720,1.167930,1.167290,1.167650,1.167610,1.167810,1.167150,1.167520
2018/06/04 01:00:00,1.167650,1.167780,1.167320,1.167730,1.167520,1.167660,1.167200,1.167610
2018/06/04 01:30:00,1.167730,1.169180,1.167670,1.169010,1.167610,1.169060,1.167550,1.168870
2018/06/04 02:00:00,1.169010,1.169150,1.168620,1.168740,1.168870,1.169020,1.168490,1.168610
2018/06/04 02:30:00,1.168740,1.168910,1.168640,1.168750,1.168610,1.168790,1.168500,1.168620
2018/06/04 03:00:00,1.168750,1.169720,1.168720,1.169600,1.168620,1.169600,1.168590,1.169480
2018/06/04 03:30:00,1.169600,1.169700,1.169170,1.169550,1.169480,1.169570,1.169050,1.169430
2018/06/04 04:00:00,1.169550,1.169640,1.169290,1.169460,1.169430,1.169530,1.169170,1.169330
2018/06/04 04:30:00,1.169460,1.169470,1.169040,1.169230,1.169330,1.169340,1.168910,1.169110
2018/06/04 05:00:00,1.169230,1.169600,1.168850,1.169570,1.169110,1.169470,1.168740,1.169450
2018/06/04 05:30:00,1.169570,1.169760,1.169140,1.169150,1.169450,1.169640,1.169010,1.169020
2018/06/04 06:00:00,1.169150,1.169400,1.168270,1.169260,1.169020,1.169290,1.168150,1.169140
2018/06/04 06:30:00,1.169260,1.169260,1.167690,1.168420,1.169140,1.169140,1.167560,1.168300
2018/06/04 07:00:00,1.168420,1.171510,1.167580,1.171310,1.168300,1.171390,1.167460,1.171180
2018/06/04 07:30:00,1.171310,1.171550,1.169250,1.169710,1.171180,1.171430,1.169130,1.169590
2018/06/04 08:00:00,1.169710,1.170740,1.168500,1.170500,1.169590,1.170610,1.168360,1.170370
2018/06/04 08:30:00,1.170500,1.171890,1.170390,1.171040,1.170370,1.171760,1.170260,1.170920
2018/06/04 09:00:00,1.171040,1.173450,1.170830,1.172920,1.170920,1.173320,1.170710,1.172800
2018/06/04 09:30:00,1.172920,1.173360,1.172360,1.173020,1.172800,1.173230,1.172230,1.172900
2018/06/04 10:00:00,1.173020,1.173790,1.172560,1.172990,1.172900,1.173670,1.172450,1.172850
2018/06/04 10:30:00,1.172990,1.173000,1.172080,1.172220,1.172850,1.172870,1.171950,1.172100
2018/06/04 11:00:00,1.172220,1.173300,1.172080,1.173020,1.172100,1.173180,1.171960,1.172880
2018/06/04 11:30:00,1.173020,1.173890,1.172410,1.173790,1.172880,1.173760,1.172280,1.173670
2018/06/04 12:00:00,1.173790,1.174530,1.172760,1.172840,1.173670,1.174390,1.172630,1.172720
2018/06/04 12:30:00,1.172840,1.172840,1.171590,1.171630,1.172720,1.172720,1.171460,1.171510
2018/06/04 13:00:00,1.171630,1.172420,1.170970,1.171240,1.171510,1.172300,1.170840,1.171120
2018/06/04 13:30:00,1.171240,1.171950,1.170670,1.171760,1.171120,1.171830,1.170540,1.171620
2018/06/04 14:00:00,1.171760,1.172610,1.171210,1.171340,1.171620,1.172500,1.171080,1.171210
2018/06/04 14:30:00,1.171340,1.171340,1.169260,1.169790,1.171210,1.171210,1.169110,1.169670
2018/06/04 15:00:00,1.169790,1.170250,1.168670,1.169030,1.169670,1.170130,1.168540,1.168910
2018/06/04 15:30:00,1.169030,1.169770,1.167790,1.169570,1.168910,1.169650,1.167660,1.169430
2018/06/04 16:00:00,1.169570,1.169820,1.168660,1.168730,1.169430,1.169700,1.168540,1.168600
2018/06/04 16:30:00,1.168730,1.169170,1.168460,1.168610,1.168600,1.169050,1.168320,1.168490
2018/06/04 17:00:00,1.168610,1.169790,1.168600,1.169480,1.168490,1.169670,1.168490,1.169360
2018/06/04 17:30:00,1.169480,1.169940,1.169030,1.169920,1.169360,1.169820,1.168910,1.169820
2018/06/04 18:00:00,1.169920,1.170170,1.169530,1.169620,1.169820,1.170040,1.169410,1.169490
2018/06/04 18:30:00,1.169620,1.170290,1.169350,1.169910,1.169490,1.170170,1.169230,1.169790
2018/06/04 19:00:00,1.169910,1.170010,1.169470,1.169710,1.169790,1.169880,1.169340,1.169590
2018/06/04 19:30:00,1.169710,1.169790,1.169470,1.169710,1.169590,1.169660,1.169350,1.169580
2018/06/04 20:00:00,1.169710,1.169770,1.169380,1.169560,1.169580,1.169650,1.169270,1.169440
2018/06/04 20:30:00,1.169560,1.170000,1.169560,1.169970,1.169440,1.169830,1.169300,1.169740
2018/06/04 21:00:00,1.169970,1.170360,1.169660,1.169870,1.169740,1.170090,1.169130,1.169730
2018/06/04 21:30:00,1.169870,1.170000,1.169770,1.169800,1.169730,1.169860,1.169460,1.169540
2018/06/04 22:00:00,1.169800,1.169990,1.169700,1.169800,1.169540,1.169850,1.169500,1.169650
2018/06/04 22:30:00,1.169800,1.170040,1.169800,1.170010,1.169650,1.169910,1.169650,1.169860
2018/06/04 23:00:00,1.170010,1.170020,1.169590,1.169940,1.169860,1.169890,1.169460,1.169800
2018/06/04 23:30:00,1.169940,1.170150,1.169690,1.170090,1.169800,1.170020,1.169550,1.169960
2018/06/05 00:00:00,1.170090,1.170410,1.169860,1.169860,1.169960,1.170280,1.169730,1.169740
2018/06/05 00:30:00,1.169860,1.170140,1.169340,1.169440,1.169740,1.170020,1.169210,1.169310
2018/06/05 01:00:00,1.169440,1.169690,1.168890,1.169450,1.169310,1.169560,1.168780,1.169320
2018/06/05 01:30:00,1.169450,1.169840,1.169090,1.169490,1.169320,1.169710,1.168970,1.169360
2018/06/05 02:00:00,1.169490,1.169580,1.168880,1.169280,1.169360,1.169450,1.168760,1.169160
2018/06/05 02:30:00,1.169280,1.169280,1.168750,1.169090,1.169160,1.169160,1.168630,1.168960
2018/06/05 03:00:00,1.169090,1.169530,1.169000,1.169500,1.168960,1.169410,1.168860,1.169380
2018/06/05 03:30:00,1.169500,1.169630,1.169110,1.169140,1.169380,1.169500,1.169000,1.169010
2018/06/05 04:00:00,1.169140,1.169220,1.168860,1.169100,1.169010,1.169100,1.168720,1.168970
2018/06/05 04:30:00,1.169100,1.169190,1.168680,1.168740,1.168970,1.169070,1.168550,1.168610
2018/06/05 05:00:00,1.168740,1.168940,1.168400,1.168570,1.168610,1.168820,1.168280,1.168450
2018/06/05 05:30:00,1.168570,1.169200,1.168440,1.169180,1.168450,1.169100,1.168320,1.169050
2018/06/05 06:00:00,1.169180,1.169770,1.168440,1.169230,1.169050,1.169640,1.168310,1.169100
2018/06/05 06:30:00,1.169230,1.170690,1.168580,1.170470,1.169100,1.170560,1.168470,1.170350
2018/06/05 07:00:00,1.170470,1.170890,1.168900,1.169030,1.170350,1.170760,1.168790,1.168910
2018/06/05 07:30:00,1.169030,1.170360,1.168610,1.169590,1.168910,1.170240,1.168490,1.169460
2018/06/05 08:00:00,1.169590,1.171540,1.169180,1.171290,1.169460,1.171410,1.169060,1.171160
2018/06/05 08:30:00,1.171290,1.171740,1.170500,1.170550,1.171160,1.171590,1.170370,1.170430
2018/06/05 09:00:00,1.170550,1.170700,1.169290,1.169440,1.170430,1.170580,1.169170,1.169310
2018/06/05 09:30:00,1.169440,1.170390,1.169300,1.170310,1.169310,1.170270,1.169180,1.170180
2018/06/05 10:00:00,1.170310,1.170340,1.169170,1.169390,1.170180,1.170220,1.169050,1.169270
2018/06/05 10:30:00,1.169390,1.169560,1.167680,1.167890,1.169270,1.169440,1.167540,1.167770
2018/06/05 11:00:00,1.167890,1.168730,1.167740,1.168250,1.167770,1.168590,1.167610,1.168120
2018/06/05 11:30:00,1.168250,1.168740,1.167700,1.168310,1.168120,1.168610,1.167580,1.168190
2018/06/05 12:00:00,1.168310,1.168840,1.166270,1.166670,1.168190,1.168710,1.166140,1.166530
2018/06/05 12:30:00,1.166670,1.167550,1.166490,1.166700,1.166530,1.167420,1.166370,1.166570
2018/06/05 13:00:00,1.166700,1.167590,1.165970,1.167390,1.166570,1.167460,1.165840,1.167260
2018/06/05 13:30:00,1.167390,1.167540,1.166300,1.166850,1.167260,1.167430,1.166170,1.166650
2018/06/05 14:00:00,1.166850,1.166850,1.165320,1.165560,1.166650,1.166650,1.165180,1.165430
2018/06/05 14:30:00,1.165560,1.167180,1.165530,1.166810,1.165430,1.167060,1.165400,1.166670
2018/06/05 15:00:00,1.166810,1.168390,1.166520,1.167840,1.166670,1.168290,1.166390,1.167720
2018/06/05 15:30:00,1.167840,1.168050,1.166920,1.167250,1.167720,1.167920,1.166800,1.167130
2018/06/05 16:00:00,1.167250,1.172240,1.166950,1.172020,1.167130,1.172100,1.166830,1.171880
2018/06/05 16:30:00,1.172020,1.172800,1.170810,1.171590,1.171880,1.172670,1.170690,1.171450
2018/06/05 17:00:00,1.171590,1.173290,1.171590,1.172550,1.171450,1.173150,1.171450,1.172430
2018/06/05 17:30:00,1.172550,1.173170,1.171990,1.173040,1.172430,1.173040,1.171850,1.172920
2018/06/05 18:00:00,1.173040,1.173220,1.171700,1.172080,1.172920,1.173100,1.171570,1.171960
2018/06/05 18:30:00,1.172080,1.172300,1.171280,1.171470,1.171960,1.172170,1.171150,1.171340
2018/06/05 19:00:00,1.171470,1.171550,1.170900,1.171140,1.171340,1.171420,1.170780,1.171010
2018/06/05 19:30:00,1.171140,1.171590,1.171060,1.171420,1.171010,1.171460,1.170940,1.171310
2018/06/05 20:00:00,1.171420,1.171700,1.171270,1.171550,1.171310,1.171570,1.171140,1.171420
2018/06/05 20:30:00,1.171550,1.171960,1.171470,1.171870,1.171420,1.171790,1.171340,1.171630
2018/06/05 21:00:00,1.171870,1.171920,1.171420,1.171600,1.171630,1.171630,1.171000,1.171440
2018/06/05 21:30:00,1.171600,1.172050,1.171600,1.171820,1.171440,1.171850,1.171360,1.171680
2018/06/05 22:00:00,1.171820,1.172030,1.171650,1.171820,1.171680,1.171890,1.171520,1.171680
2018/06/05 22:30:00,1.171820,1.172110,1.171810,1.172110,1.171680,1.171980,1.171670,1.171980
2018/06/05 23:00:00,1.172110,1.172500,1.171790,1.172410,1.171980,1.172370,1.171670,1.172270
2018/06/05 23:30:00,1.172410,1.173310,1.172180,1.172700,1.172270,1.173170,1.172040,1.172570
2018/06/06 00:00:00,1.172700,1.172970,1.172270,1.172570,1.172570,1.172850,1.172160,1.172440
2018/06/06 00:30:00,1.172570,1.172620,1.171860,1.172530,1.172440,1.172510,1.171730,1.172410
2018/06/06 01:00:00,1.172530,1.172760,1.172300,1.172710,1.172410,1.172640,1.172180,1.172590
2018/06/06 01:30:00,1.172710,1.173510,1.172690,1.172750,1.172590,1.173390,1.172570,1.172620
2018/06/06 02:00:00,1.172750,1.172830,1.172240,1.172290,1.172620,1.172700,1.172120,1.172170
2018/06/06 02:30:00,1.172290,1.172390,1.171900,1.172360,1.172170,1.172260,1.171790,1.172240
2018/06/06 03:00:00,1.172360,1.172360,1.172000,1.172270,1.172240,1.172240,1.171870,1.172150
2018/06/06 03:30:00,1.172270,1.172920,1.172230,1.172720,1.172150,1.172800,1.172100,1.172600
2018/06/06 04:00:00,1.172720,1.172730,1.171690,1.171920,1.172600,1.172610,1.171580,1.171790
2018/06/06 04:30:00,1.171920,1.171980,1.171550,1.171610,1.171790,1.171840,1.171440,1.171490
2018/06/06 05:00:00,1.171610,1.172460,1.171470,1.172380,1.171490,1.172340,1.171340,1.172260
2018/06/06 05:30:00,1.172380,1.172740,1.172090,1.172320,1.172260,1.172610,1.171970,1.172190
2018/06/06 06:00:00,1.172320,1.174340,1.172110,1.174120,1.172190,1.174200,1.171990,1.174010
2018/06/06 06:30:00,1.174120,1.175310,1.172250,1.172290,1.174010,1.175180,1.172140,1.172180
2018/06/06 07:00:00,1.172290,1.176710,1.171580,1.176130,1.172180,1.176590,1.171460,1.175990
2018/06/06 07:30:00,1.176130,1.176760,1.175290,1.176140,1.175990,1.176640,1.175160,1.176030
2018/06/06 08:00:00,1.176140,1.177150,1.175480,1.175620,1.176030,1.177030,1.175370,1.175490
2018/06/06 08:30:00,1.175620,1.175870,1.173890,1.174290,1.175490,1.175740,1.173770,1.174170
2018/06/06 09:00:00,1.174290,1.176290,1.174200,1.175830,1.174170,1.176160,1.174090,1.175710
2018/06/06 09:30:00,1.175830,1.177150,1.175480,1.177140,1.175710,1.177030,1.175350,1.177030
2018/06/06 10:00:00,1.177140,1.177640,1.176420,1.176450,1.177030,1.177520,1.176310,1.176330
2018/06/06 10:30:00,1.176450,1.177330,1.176130,1.176820,1.176330,1.177220,1.176020,1.176680
2018/06/06 11:00:00,1.176820,1.178030,1.176430,1.177500,1.176680,1.177900,1.176300,1.177370
2018/06/06 11:30:00,1.177500,1.178030,1.176970,1.177150,1.177370,1.177910,1.176840,1.177020
2018/06/06 12:00:00,1.177150,1.177560,1.176260,1.176780,1.177020,1.177440,1.176130,1.176640
2018/06/06 12:30:00,1.176780,1.177760,1.176430,1.176650,1.176640,1.177630,1.176320,1.176530
2018/06/06 13:00:00,1.176650,1.177610,1.176590,1.177340,1.176530,1.177490,1.176460,1.177220
2018/06/06 13:30:00,1.177340,1.179630,1.177110,1.178940,1.177220,1.179510,1.177000,1.178810
2018/06/06 14:00:00,1.178940,1.179100,1.177880,1.177890,1.178810,1.178970,1.177750,1.177770
2018/06/06 14:30:00,1.177890,1.178590,1.177360,1.178170,1.177770,1.178460,1.177240,1.178040
2018/06/06 15:00:00,1.178170,1.178350,1.176520,1.176750,1.178040,1.178230,1.176400,1.176620
2018/06/06 15:30:00,1.176750,1.177960,1.176220,1.177790,1.176620,1.177860,1.176090,1.177670
2018/06/06 16:00:00,1.177790,1.178160,1.177140,1.178150,1.177670,1.178030,1.177020,1.178020
2018/06/06 16:30:00,1.178150,1.178450,1.177500,1.177730,1.178020,1.178340,1.177380,1.177620
2018/06/06 17:00:00,1.177730,1.178090,1.177450,1.177450,1.177620,1.177970,1.177320,1.177320
2018/06/06 17:30:00,1.177450,1.177490,1.176540,1.176550,1.177320,1.177370,1.176430,1.176430
2018/06/06 18:00:00,1.176550,1.177170,1.176230,1.176570,1.176430,1.177050,1.176100,1.176450
2018/06/06 18:30:00,1.176570,1.176990,1.176110,1.176880,1.176450,1.176860,1.175990,1.176770
2018/06/06 19:00:00,1.176880,1.177520,1.176550,1.177520,1.176770,1.177400,1.176410,1.177400
2018/06/06 19:30:00,1.177520,1.177830,1.177090,1.177160,1.177400,1.177700,1.176970,1.177040
2018/06/06 20:00:00,1.177160,1.177440,1.177020,1.177300,1.177040,1.177320,1.176900,1.177170
2018/06/06 20:30:00,1.177300,1.177640,1.177240,1.177500,1.177170,1.177510,1.177120,1.177290
2018/06/06 21:00:00,1.177500,1.178040,1.177400,1.177440,1.177290,1.177660,1.177210,1.177260
2018/06/06 21:30:00,1.177440,1.177940,1.177420,1.177800,1.177260,1.177640,1.177180,1.177610
2018/06/06 22:00:00,1.177800,1.178350,1.177540,1.178230,1.177610,1.178230,1.177400,1.178080
2018/06/06 22:30:00,1.178230,1.178260,1.178000,1.178230,1.178080,1.178140,1.177860,1.178100
2018/06/06 23:00:00,1.178230,1.178310,1.178020,1.178260,1.178100,1.178170,1.177890,1.178120
2018/06/06 23:30:00,1.178260,1.178470,1.178060,1.178200,1.178120,1.178340,1.177920,1.178080
2018/06/07 00:00:00,1.178200,1.179280,1.178160,1.179170,1.178080,1.179170,1.178040,1.179060
2018/06/07 00:30:00,1.179170,1.179310,1.178920,1.179240,1.179060,1.179180,1.178800,1.179120
2018/06/07 01:00:00,1.179240,1.180040,1.179230,1.179890,1.179120,1.179910,1.179110,1.179760
2018/06/07 01:30:00,1.179890,1.179940,1.178820,1.179010,1.179760,1.179820,1.178690,1.178900
2018/06/07 02:00:00,1.179010,1.179480,1.178860,1.179200,1.178900,1.179360,1.178730,1.179080
2018/06/07 02:30:00,1.179200,1.179340,1.178900,1.178970,1.179080,1.179210,1.178790,1.178850
2018/06/07 03:00:00,1.178970,1.179370,1.178900,1.179130,1.178850,1.179250,1.178790,1.179010
2018/06/07 03:30:00,1.179130,1.179250,1.178490,1.178720,1.179010,1.179130,1.178370,1.178600
2018/06/07 04:00:00,1.178720,1.179290,1.178620,1.179230,1.178600,1.179170,1.178480,1.179110
2018/06/07 04:30:00,1.179230,1.179570,1.179070,1.179450,1.179110,1.179450,1.178960,1.179340
2018/06/07 05:00:00,1.179450,1.180240,1.179450,1.180230,1.179340,1.180120,1.179330,1.180100
2018/06/07 05:30:00,1.180230,1.180690,1.179860,1.180590,1.180100,1.180550,1.179730,1.180460
2018/06/07 06:00:00,1.180590,1.180610,1.179130,1.180330,1.180460,1.180480,1.179010,1.180210
2018/06/07 06:30:00,1.180330,1.181440,1.180150,1.181120,1.180210,1.181310,1.180030,1.181000
2018/06/07 07:00:00,1.181120,1.182550,1.180890,1.182480,1.181000,1.182430,1.180760,1.182350
2018/06/07 07:30:00,1.182480,1.183870,1.182170,1.182820,1.182350,1.183740,1.182050,1.182700
2018/06/07 08:00:00,1.182820,1.183130,1.181680,1.182730,1.182700,1.183000,1.181570,1.182620
2018/06/07 08:30:00,1.182730,1.182800,1.181490,1.182180,1.182620,1.182670,1.181360,1.182050
2018/06/07 09:00:00,1.182180,1.182860,1.182010,1.182470,1.182050,1.182730,1.181850,1.182360
2018/06/07 09:30:00,1.182470,1.182600,1.181660,1.181990,1.182360,1.182480,1.181550,1.181870
2018/06/07 10:00:00,1.181990,1.182900,1.181770,1.182780,1.181870,1.182770,1.181650,1.182640
2018/06/07 10:30:00,1.182780,1.183020,1.182480,1.182580,1.182640,1.182900,1.182370,1.182460
2018/06/07 11:00:00,1.182580,1.183970,1.181740,1.181800,1.182460,1.183830,1.181640,1.181680
2018/06/07 11:30:00,1.181800,1.183080,1.181390,1.183030,1.181680,1.182970,1.181270,1.182910
2018/06/07 12:00:00,1.183030,1.183860,1.182810,1.183430,1.182910,1.183730,1.182690,1.183260
2018/06/07 12:30:00,1.183430,1.184050,1.183030,1.183450,1.183260,1.183930,1.182900,1.183320
2018/06/07 13:00:00,1.183450,1.183760,1.182160,1.182600,1.183320,1.183630,1.182040,1.182480
2018/06/07 13:30:00,1.182600,1.183010,1.180660,1.181270,1.182480,1.182890,1.180540,1.181160
2018/06/07 14:00:00,1.181270,1.182190,1.180640,1.181620,1.181160,1.182070,1.180520,1.181490
2018/06/07 14:30:00,1.181620,1.182960,1.181170,1.182920,1.181490,1.182830,1.181060,1.182780
2018/06/07 15:00:00,1.182920,1.183030,1.182210,1.182510,1.182780,1.182910,1.182090,1.182390
2018/06/07 15:30:00,1.182510,1.183120,1.181360,1.181490,1.182390,1.182990,1.181260,1.181380
2018/06/07 16:00:00,1.181490,1.181890,1.181120,1.181690,1.181380,1.181760,1.181010,1.181570
2018/06/07 16:30:00,1.181690,1.182010,1.179980,1.180880,1.181570,1.181880,1.179870,1.180760
2018/06/07 17:00:00,1.180880,1.181980,1.180660,1.181540,1.180760,1.181850,1.180530,1.181410
2018/06/07 17:30:00,1.181540,1.182380,1.180340,1.181060,1.181410,1.182260,1.180210,1.180930
2018/06/07 18:00:00,1.181060,1.181520,1.180600,1.181320,1.180930,1.181400,1.180480,1.181180
2018/06/07 18:30:00,1.181320,1.181580,1.180730,1.180820,1.181180,1.181470,1.180620,1.180700
2018/06/07 19:00:00,1.180820,1.181000,1.180280,1.180570,1.180700,1.180880,1.180160,1.180440
2018/06/07 19:30:00,1.180570,1.180620,1.179860,1.179920,1.180440,1.180500,1.179740,1.179800
2018/06/07 20:00:00,1.179920,1.180120,1.179760,1.180060,1.179800,1.179990,1.179620,1.179930
2018/06/07 20:30:00,1.180060,1.180360,1.179710,1.180170,1.179930,1.180230,1.179590,1.179750
2018/06/07 21:00:00,1.180170,1.180370,1.179840,1.179900,1.179750,1.180020,1.179600,1.179620
2018/06/07 21:30:00,1.179900,1.180010,1.179760,1.179890,1.179620,1.179780,1.179560,1.179680
2018/06/07 22:00:00,1.179890,1.180040,1.179760,1.179910,1.179680,1.179910,1.179620,1.179770
2018/06/07 22:30:00,1.179910,1.180010,1.179740,1.179790,1.179770,1.179880,1.179610,1.179660
2018/06/07 23:00:00,1.179790,1.179830,1.179530,1.179640,1.179660,1.179710,1.179400,1.179520
2018/06/07 23:30:00,1.179640,1.179690,1.179260,1.179370,1.179520,1.179550,1.179130,1.179260
2018/06/08 00:00:00,1.179370,1.180010,1.179230,1.179710,1.179260,1.179880,1.179100,1.179580
2018/06/08 00:30:00,1.179710,1.180850,1.179670,1.180650,1.179580,1.180720,1.179540,1.180520
2018/06/08 01:00:00,1.180650,1.181090,1.180440,1.180550,1.180520,1.180970,1.180310,1.180420
2018/06/08 01:30:00,1.180550,1.180850,1.180240,1.180300,1.180420,1.180720,1.180110,1.180170
2018/06/08 02:00:00,1.180300,1.180650,1.180030,1.180030,1.180170,1.180540,1.179910,1.179910
2018/06/08 02:30:00,1.180030,1.180110,1.179760,1.180040,1.179910,1.179980,1.179640,1.179910
2018/06/08 03:00:00,1.180040,1.180090,1.179320,1.179440,1.179910,1.179970,1.179190,1.179310
2018/06/08 03:30:00,1.179440,1.180010,1.179420,1.179940,1.179310,1.179890,1.179310,1.179820
2018/06/08 04:00:00,1.179940,1.179990,1.179640,1.179940,1.179820,1.179860,1.179510,1.179820
2018/06/08 04:30:00,1.179940,1.180710,1.179650,1.180660,1.179820,1.180580,1.179520,1.180520
2018/06/08 05:00:00,1.180660,1.180890,1.180260,1.180450,1.180520,1.180770,1.180140,1.180320
2018/06/08 05:30:00,1.180450,1.181100,1.180320,1.180610,1.180320,1.180970,1.180190,1.180470
2018/06/08 06:00:00,1.180610,1.181020,1.177190,1.177960,1.180470,1.180890,1.177060,1.177830
2018/06/08 06:30:00,1.177960,1.178710,1.177160,1.177840,1.177830,1.178590,1.177040,1.177720
2018/06/08 07:00:00,1.177840,1.178550,1.177150,1.177720,1.177720,1.178430,1.177030,1.177590
2018/06/08 07:30:00,1.177720,1.178280,1.176720,1.178120,1.177590,1.178160,1.176610,1.178000
2018/06/08 08:00:00,1.178120,1.178610,1.175970,1.176440,1.178000,1.178480,1.175850,1.176340
2018/06/08 08:30:00,1.176440,1.177040,1.176130,1.176480,1.176340,1.176920,1.175990,1.176350
2018/06/08 09:00:00,1.176480,1.177180,1.176280,1.176740,1.176350,1.177060,1.176160,1.176620
2018/06/08 09:30:00,1.176740,1.177220,1.176450,1.176560,1.176620,1.177100,1.176330,1.176430
2018/06/08 10:00:00,1.176560,1.176560,1.174580,1.175300,1.176430,1.176430,1.174460,1.175180
2018/06/08 10:30:00,1.175300,1.175650,1.173370,1.173710,1.175180,1.175520,1.173250,1.173570
2018/06/08 11:00:00,1.173710,1.174200,1.172780,1.173820,1.173570,1.174070,1.172650,1.173690
2018/06/08 11:30:00,1.173820,1.175190,1.173560,1.174830,1.173690,1.175060,1.173440,1.174710
2018/06/08 12:00:00,1.174830,1.175780,1.174690,1.175490,1.174710,1.175670,1.174560,1.175380
2018/06/08 12:30:00,1.175490,1.175810,1.173690,1.174860,1.175380,1.175660,1.173570,1.174730
2018/06/08 13:00:00,1.174860,1.176940,1.174110,1.176910,1.174730,1.176820,1.173980,1.176780
2018/06/08 13:30:00,1.176910,1.177060,1.175540,1.175830,1.176780,1.176930,1.175420,1.175700
2018/06/08 14:00:00,1.175830,1.176960,1.175570,1.176500,1.175700,1.176830,1.175450,1.176370
2018/06/08 14:30:00,1.176500,1.177470,1.175220,1.176740,1.176370,1.177360,1.175100,1.176610
2018/06/08 15:00:00,1.176740,1.176970,1.176050,1.176150,1.176610,1.176850,1.175930,1.176020
2018/06/08 15:30:00,1.176150,1.177500,1.175960,1.177410,1.176020,1.177360,1.175850,1.177280
2018/06/08 16:00:00,1.177410,1.177860,1.177010,1.177120,1.177280,1.177740,1.176880,1.177010
2018/06/08 16:30:00,1.177120,1.177540,1.176770,1.177340,1.177010,1.177420,1.176660,1.177230
2018/06/08 17:00:00,1.177340,1.177810,1.177000,1.177550,1.177230,1.177690,1.176870,1.177430
2018/06/08 17:30:00,1.177550,1.177560,1.176620,1.176740,1.177430,1.177430,1.176500,1.176610
2018/06/08 18:00:00,1.176740,1.177550,1.176560,1.176700,1.176610,1.177430,1.176450,1.176570
2018/06/08 18:30:00,1.176700,1.177390,1.176700,1.177050,1.176570,1.177270,1.176570,1.176930
2018/06/08 19:00:00,1.177050,1.177140,1.176670,1.176920,1.176930,1.177020,1.176550,1.176800
2018/06/08 19:30:00,1.176920,1.177180,1.176540,1.176690,1.176800,1.177060,1.176450,1.176570
2018/06/08 20:00:00,1.176690,1.177150,1.176530,1.177140,1.176570,1.177020,1.176390,1.177010
2018/06/08 20:30:00,1.177140,1.177290,1.176800,1.177120,1.177010,1.177140,1.176550,1.176610
2018/06/10 19:00:00,1.177120,1.177440,1.175530,1.177440,1.176610,1.176780,1.175110,1.176780
2018/06/10 19:30:00,1.177440,1.178030,1.177440,1.177930,1.176780,1.177650,1.176780,1.177370
2018/06/10 20:00:00,1.177930,1.178090,1.177460,1.177950,1.177370,1.177640,1.177030,1.177590
2018/06/10 20:30:00,1.177950,1.178030,1.177440,1.177760,1.177590,1.177670,1.176970,1.177170
2018/06/10 21:00:00,1.177760,1.177760,1.177260,1.177560,1.177170,1.177450,1.177060,1.177400
2018/06/10 21:30:00,1.177560,1.177720,1.177420,1.177620,1.177400,1.177490,1.177190,1.177380
2018/06/10 22:00:00,1.177620,1.177620,1.177260,1.177440,1.177380,1.177450,1.177090,1.177290
2018/06/10 22:30:00,1.177440,1.177570,1.177190,1.177250,1.177290,1.177440,1.177050,1.177090
2018/06/10 23:00:00,1.177250,1.177720,1.177220,1.177480,1.177090,1.177570,1.177090,1.177340
2018/06/10 23:30:00,1.177480,1.178690,1.177480,1.178530,1.177340,1.178550,1.177340,1.178390
2018/06/11 00:00:00,1.178530,1.178630,1.178050,1.178270,1.178390,1.178510,1.177920,1.178140
2018/06/11 00:30:00,1.178270,1.180050,1.178270,1.179870,1.178140,1.179930,1.178140,1.179750
2018/06/11 01:00:00,1.179870,1.180230,1.179640,1.179700,1.179750,1.180120,1.179520,1.179590
2018/06/11 01:30:00,1.179700,1.180840,1.179700,1.180570,1.179590,1.180720,1.179590,1.180440
2018/06/11 02:00:00,1.180570,1.180680,1.179930,1.179940,1.180440,1.180540,1.179800,1.179810
2018/06/11 02:30:00,1.179940,1.180100,1.179420,1.179780,1.179810,1.179980,1.179300,1.179660
2018/06/11 03:00:00,1.179780,1.179790,1.179370,1.179370,1.179660,1.179660,1.179250,1.179260
2018/06/11 03:30:00,1.179370,1.179490,1.179220,1.179360,1.179260,1.179380,1.179090,1.179250
2018/06/11 04:00:00,1.179360,1.179400,1.179110,1.179320,1.179250,1.179270,1.178980,1.179190
2018/06/11 04:30:00,1.179320,1.180020,1.179270,1.179920,1.179190,1.179900,1.179140,1.179800
2018/06/11 05:00:00,1.179920,1.180010,1.179510,1.179970,1.179800,1.179890,1.179390,1.179860
2018/06/11 05:30:00,1.179970,1.179990,1.179290,1.179470,1.179860,1.179860,1.179160,1.179350
2018/06/11 06:00:00,1.179470,1.181650,1.178930,1.180800,1.179350,1.181520,1.178800,1.180680
2018/06/11 06:30:00,1.180800,1.181500,1.180230,1.180800,1.180680,1.181380,1.180100,1.180690
2018/06/11 07:00:00,1.180800,1.182120,1.180540,1.181410,1.180690,1.182000,1.180400,1.181280
2018/06/11 07:30:00,1.181410,1.181640,1.180140,1.180310,1.181280,1.181510,1.180020,1.180190
2018/06/11 08:00:00,1.180310,1.181430,1.180170,1.181020,1.180190,1.181310,1.180060,1.180890
2018/06/11 08:30:00,1.181020,1.181020,1.178450,1.178470,1.180890,1.180890,1.178330,1.178360
2018/06/11 09:00:00,1.178470,1.179240,1.178080,1.178830,1.178360,1.179120,1.177970,1.178700
2018/06/11 09:30:00,1.178830,1.179190,1.177870,1.179020,1.178700,1.179070,1.177740,1.178890
2018/06/11 10:00:00,1.179020,1.179840,1.178710,1.178770,1.178890,1.179720,1.178590,1.178640
2018/06/11 10:30:00,1.178770,1.178930,1.177910,1.178390,1.178640,1.178800,1.177790,1.178280
2018/06/11 11:00:00,1.178390,1.178990,1.177920,1.178470,1.178280,1.178870,1.177790,1.178350
2018/06/11 11:30:00,1.178470,1.178990,1.178120,1.178440,1.178350,1.178860,1.178000,1.178320
2018/06/11 12:00:00,1.178440,1.179540,1.177590,1.179470,1.178320,1.179410,1.177450,1.179340
2018/06/11 12:30:00,1.179470,1.179890,1.178640,1.179890,1.179340,1.179780,1.178510,1.179770
2018/06/11 13:00:00,1.179890,1.180490,1.179440,1.180180,1.179770,1.180380,1.179310,1.180050
2018/06/11 13:30:00,1.180180,1.180920,1.179760,1.180660,1.180050,1.180800,1.179640,1.180540
2018/06/11 14:00:00,1.180660,1.181360,1.180040,1.181290,1.180540,1.181230,1.179920,1.181180
2018/06/11 14:30:00,1.181290,1.181470,1.180170,1.180790,1.181180,1.181350,1.180050,1.180660
2018/06/11 15:00:00,1.180790,1.181170,1.180430,1.180820,1.180660,1.181040,1.180310,1.180690
2018/06/11 15:30:00,1.180820,1.180840,1.179890,1.180240,1.180690,1.180710,1.179760,1.180110
2018/06/11 16:00:00,1.180240,1.180290,1.178980,1.179050,1.180110,1.180170,1.178870,1.178920
2018/06/11 16:30:00,1.179050,1.179250,1.178080,1.178880,1.178920,1.179130,1.177980,1.178770
2018/06/11 17:00:00,1.178880,1.179230,1.178430,1.178530,1.178770,1.179120,1.178310,1.178400
2018/06/11 17:30:00,1.178530,1.178790,1.178260,1.178560,1.178400,1.178670,1.178140,1.178430
2018/06/11 18:00:00,1.178560,1.178990,1.178410,1.178590,1.178430,1.178870,1.178300,1.178480
2018/06/11 18:30:00,1.178590,1.178830,1.178430,1.178760,1.178480,1.178710,1.178320,1.178640
2018/06/11 19:00:00,1.178760,1.178890,1.178340,1.178520,1.178640,1.178770,1.178220,1.178400
2018/06/11 19:30:00,1.178520,1.178810,1.178410,1.178550,1.178400,1.178690,1.178300,1.178430
2018/06/11 20:00:00,1.178550,1.178690,1.178440,1.178530,1.178430,1.178560,1.178310,1.178390
2018/06/11 20:30:00,1.178530,1.178630,1.178390,1.178560,1.178390,1.178490,1.178140,1.178150
2018/06/11 21:00:00,1.178560,1.178640,1.178330,1.178440,1.178150,1.178330,1.178100,1.178310
2018/06/11 21:30:00,1.178440,1.178590,1.178140,1.178320,1.178310,1.178390,1.178110,1.178160
2018/06/11 22:00:00,1.178320,1.178340,1.177580,1.177730,1.178160,1.178200,1.177450,1.177590
2018/06/11 22:30:00,1.177730,1.177820,1.177190,1.177570,1.177590,1.177680,1.177080,1.177440
2018/06/11 23:00:00,1.177570,1.177950,1.177260,1.177490,1.177440,1.177830,1.177130,1.177360
2018/06/11 23:30:00,1.177490,1.177650,1.177280,1.177330,1.177360,1.177530,1.177160,1.177200
2018/06/12 00:00:00,1.177330,1.177400,1.174290,1.174490,1.177200,1.177280,1.174130,1.174360
2018/06/12 00:30:00,1.174490,1.175410,1.174160,1.175350,1.174360,1.175280,1.174050,1.175230
2018/06/12 01:00:00,1.175350,1.176160,1.174420,1.175970,1.175230,1.176040,1.174300,1.175840
2018/06/12 01:30:00,1.175970,1.176270,1.175690,1.176070,1.175840,1.176160,1.175570,1.175940
2018/06/12 02:00:00,1.176070,1.176200,1.175580,1.176110,1.175940,1.176080,1.175460,1.175980
2018/06/12 02:30:00,1.176110,1.177160,1.176070,1.177000,1.175980,1.177030,1.175940,1.176880
2018/06/12 03:00:00,1.177000,1.177210,1.176590,1.176700,1.176880,1.177070,1.176460,1.176570
2018/06/12 03:30:00,1.176700,1.176830,1.176230,1.176520,1.176570,1.176700,1.176110,1.176390
2018/06/12 04:00:00,1.176520,1.176880,1.176420,1.176590,1.176390,1.176750,1.176310,1.176460
2018/06/12 04:30:00,1.176590,1.177130,1.176500,1.176960,1.176460,1.177020,1.176390,1.176840
2018/06/12 05:00:00,1.176960,1.177440,1.176830,1.177010,1.176840,1.177310,1.176710,1.176880
2018/06/12 05:30:00,1.177010,1.177540,1.176750,1.176960,1.176880,1.177420,1.176620,1.176840
2018/06/12 06:00:00,1.176960,1.177200,1.175690,1.176510,1.176840,1.177080,1.175560,1.176390
2018/06/12 06:30:00,1.176510,1.176960,1.176100,1.176640,1.176390,1.176830,1.175970,1.176510
2018/06/12 07:00:00,1.176640,1.180070,1.176630,1.179770,1.176510,1.179950,1.176500,1.179640
2018/06/12 07:30:00,1.179770,1.180440,1.179180,1.179460,1.179640,1.180320,1.179060,1.179330
2018/06/12 08:00:00,1.179460,1.180980,1.179420,1.179570,1.179330,1.180840,1.179310,1.179430
2018/06/12 08:30:00,1.179570,1.180430,1.178800,1.179460,1.179430,1.180310,1.178680,1.179300
2018/06/12 09:00:00,1.179460,1.180390,1.178670,1.179700,1.179300,1.180270,1.178540,1.179570
2018/06/12 09:30:00,1.179700,1.180020,1.179360,1.179670,1.179570,1.179890,1.179240,1.179540
2018/06/12 10:00:00,1.179670,1.179900,1.178940,1.179270,1.179540,1.179780,1.178810,1.179150
2018/06/12 10:30:00,1.179270,1.179720,1.178520,1.178520,1.179150,1.179590,1.178390,1.178390
2018/06/12 11:00:00,1.178520,1.178940,1.177880,1.177910,1.178390,1.178810,1.177760,1.177770
2018/06/12 11:30:00,1.177910,1.179550,1.177690,1.179450,1.177770,1.179420,1.177560,1.179330
2018/06/12 12:00:00,1.179450,1.179550,1.177880,1.178060,1.179330,1.179420,1.177720,1.177850
2018/06/12 12:30:00,1.178060,1.180150,1.177550,1.180120,1.177850,1.180030,1.177350,1.179990
2018/06/12 13:00:00,1.180120,1.180140,1.179080,1.179270,1.179990,1.180020,1.178950,1.179150
2018/06/12 13:30:00,1.179270,1.179590,1.178640,1.178910,1.179150,1.179470,1.178510,1.178780
2018/06/12 14:00:00,1.178910,1.179660,1.178380,1.178960,1.178780,1.179530,1.178250,1.178830
2018/06/12 14:30:00,1.178960,1.179400,1.178310,1.178730,1.178830,1.179280,1.178190,1.178600
2018/06/12 15:00:00,1.178730,1.178970,1.178010,1.178950,1.178600,1.178850,1.177870,1.178820
2018/06/12 15:30:00,1.178950,1.179610,1.178810,1.179150,1.178820,1.179480,1.178680,1.179030
2018/06/12 16:00:00,1.179150,1.179370,1.177940,1.178000,1.179030,1.179260,1.177830,1.177880
2018/06/12 16:30:00,1.178000,1.178400,1.177360,1.177420,1.177880,1.178280,1.177240,1.177290
2018/06/12 17:00:00,1.177420,1.177420,1.173710,1.175390,1.177290,1.177290,1.173550,1.175270
2018/06/12 17:30:00,1.175390,1.175750,1.174810,1.175160,1.175270,1.175620,1.174680,1.175040
2018/06/12 18:00:00,1.175160,1.175170,1.173360,1.173680,1.175040,1.175040,1.173240,1.173560
2018/06/12 18:30:00,1.173680,1.175200,1.173420,1.175040,1.173560,1.175110,1.173280,1.174910
2018/06/12 19:00:00,1.175040,1.175560,1.174710,1.175540,1.174910,1.175430,1.174590,1.175420
2018/06/12 19:30:00,1.175540,1.175550,1.174770,1.175200,1.175420,1.175420,1.174660,1.175090
2018/06/12 20:00:00,1.175200,1.175200,1.174840,1.174870,1.175090,1.175090,1.174710,1.174730
2018/06/12 20:30:00,1.174870,1.174900,1.174490,1.174690,1.174730,1.174780,1.174340,1.174410
2018/06/12 21:00:00,1.174690,1.174930,1.174460,1.174730,1.174410,1.174700,1.174310,1.174550
2018/06/12 21:30:00,1.174730,1.174970,1.174480,1.174530,1.174550,1.174610,1.174230,1.174310
2018/06/12 22:00:00,1.174530,1.174830,1.174530,1.174710,1.174310,1.174690,1.174310,1.174580
2018/06/12 22:30:00,1.174710,1.174730,1.174170,1.174660,1.174580,1.174600,1.174030,1.174530
2018/06/12 23:00:00,1.174660,1.174750,1.174280,1.174740,1.174530,1.174620,1.174140,1.174620
2018/06/12 23:30:00,1.174740,1.174890,1.174650,1.174840,1.174620,1.174760,1.174520,1.174710
2018/06/13 00:00:00,1.174840,1.175100,1.174650,1.174830,1.174710,1.174970,1.174520,1.174700
2018/06/13 00:30:00,1.174830,1.175300,1.174540,1.174650,1.174700,1.175180,1.174410,1.174520
2018/06/13 01:00:00,1.174650,1.174750,1.174050,1.174440,1.174520,1.174620,1.173930,1.174310
2018/06/13 01:30:00,1.174440,1.174900,1.174350,1.174630,1.174310,1.174770,1.174210,1.174510
2018/06/13 02:00:00,1.174630,1.174990,1.174610,1.174670,1.174510,1.174910,1.174480,1.174550
2018/06/13 02:30:00,1.174670,1.174910,1.174480,1.174840,1.174550,1.174790,1.174360,1.174720
2018/06/13 03:00:00,1.174840,1.174840,1.174350,1.174440,1.174720,1.174720,1.174230,1.174330
2018/06/13 03:30:00,1.174440,1.174670,1.174380,1.174520,1.174330,1.174560,1.174250,1.174400
2018/06/13 04:00:00,1.174520,1.174560,1.174030,1.174480,1.174400,1.174430,1.173910,1.174350
2018/06/13 04:30:00,1.174480,1.174550,1.174300,1.174430,1.174350,1.174430,1.174170,1.174310
2018/06/13 05:00:00,1.174430,1.175170,1.174180,1.174900,1.174310,1.175040,1.174050,1.174760
2018/06/13 05:30:00,1.174900,1.175350,1.174830,1.175200,1.174760,1.175220,1.174710,1.175070
2018/06/13 06:00:00,1.175200,1.175200,1.173070,1.173590,1.175070,1.175070,1.172950,1.173460
2018/06/13 06:30:00,1.173590,1.174260,1.173390,1.174030,1.173460,1.174140,1.173260,1.173910
2018/06/13 07:00:00,1.174030,1.175440,1.174010,1.174760,1.173910,1.175320,1.173890,1.174640
2018/06/13 07:30:00,1.174760,1.175230,1.174380,1.174700,1.174640,1.175110,1.174250,1.174570
2018/06/13 08:00:00,1.174700,1.175050,1.173370,1.173920,1.174570,1.174920,1.173250,1.173810
2018/06/13 08:30:00,1.173920,1.174650,1.173640,1.174450,1.173810,1.174520,1.173520,1.174330
2018/06/13 09:00:00,1.174450,1.175070,1.173990,1.174840,1.174330,1.174940,1.173850,1.174720
2018/06/13 09:30:00,1.174840,1.176290,1.174470,1.175560,1.174720,1.176170,1.174340,1.175420
2018/06/13 10:00:00,1.175560,1.177090,1.175370,1.176530,1.175420,1.176970,1.175240,1.176400
2018/06/13 10:30:00,1.176530,1.176780,1.176080,1.176270,1.176400,1.176650,1.175960,1.176150
2018/06/13 11:00:00,1.176270,1.176690,1.175600,1.175690,1.176150,1.176560,1.175470,1.175570
2018/06/13 11:30:00,1.175690,1.175890,1.175190,1.175640,1.175570,1.175770,1.175070,1.175510
2018/06/13 12:00:00,1.175640,1.176770,1.175590,1.176440,1.175510,1.176660,1.175470,1.176250
2018/06/13 12:30:00,1.176440,1.177650,1.175950,1.177490,1.176250,1.177520,1.175830,1.177370
2018/06/13 13:00:00,1.177490,1.178250,1.177430,1.177880,1.177370,1.178130,1.177310,1.177760
2018/06/13 13:30:00,1.177880,1.178010,1.176710,1.176840,1.177760,1.177890,1.176590,1.176710
2018/06/13 14:00:00,1.176840,1.178040,1.176840,1.177510,1.176710,1.177920,1.176710,1.177400
2018/06/13 14:30:00,1.177510,1.178160,1.176850,1.177230,1.177400,1.178040,1.176730,1.177110
2018/06/13 15:00:00,1.177230,1.177750,1.177010,1.177650,1.177110,1.177610,1.176900,1.177520
2018/06/13 15:30:00,1.177650,1.178900,1.177600,1.178330,1.177520,1.178760,1.177470,1.178220
2018/06/13 16:00:00,1.178330,1.179020,1.178220,1.178700,1.178220,1.178900,1.178100,1.178580
2018/06/13 16:30:00,1.178700,1.179270,1.178370,1.179140,1.178580,1.179150,1.178250,1.179010
2018/06/13 17:00:00,1.179140,1.179340,1.178480,1.178640,1.179010,1.179210,1.178360,1.178520
2018/06/13 17:30:00,1.178640,1.179230,1.178420,1.179180,1.178520,1.179110,1.178300,1.178580
2018/06/13 18:00:00,1.179180,1.179180,1.173770,1.174250,1.178580,1.178680,1.173650,1.174100
2018/06/13 18:30:00,1.174250,1.177920,1.172610,1.177290,1.174100,1.177810,1.172440,1.177150
2018/06/13 19:00:00,1.177290,1.179970,1.177290,1.178310,1.177150,1.179830,1.177150,1.178180
2018/06/13 19:30:00,1.178310,1.180160,1.177920,1.179100,1.178180,1.180040,1.177790,1.178970
2018/06/13 20:00:00,1.179100,1.179420,1.178840,1.178890,1.178970,1.179300,1.178720,1.178750
2018/06/13 20:30:00,1.178890,1.179430,1.178640,1.179220,1.178750,1.179310,1.178510,1.179080
2018/06/13 21:00:00,1.179220,1.179690,1.178970,1.179380,1.179080,1.179310,1.178680,1.179150
2018/06/13 21:30:00,1.179380,1.179560,1.178990,1.179510,1.179150,1.179380,1.178740,1.179340
2018/06/13 22:00:00,1.179510,1.180360,1.179290,1.179820,1.179340,1.180210,1.179090,1.179680
2018/06/13 22:30:00,1.179820,1.180170,1.179810,1.179980,1.179680,1.180040,1.179680,1.179850
2018/06/13 23:00:00,1.179980,1.180090,1.179600,1.180020,1.179850,1.179970,1.179470,1.179900
2018/06/13 23:30:00,1.180020,1.180540,1.179990,1.180390,1.179900,1.180420,1.179880,1.180270
2018/06/14 00:00:00,1.180390,1.180450,1.179340,1.179370,1.180270,1.180310,1.179230,1.179260
2018/06/14 00:30:00,1.179370,1.179790,1.179280,1.179620,1.179260,1.179670,1.179150,1.179490
2018/06/14 01:00:00,1.179620,1.180120,1.179410,1.179540,1.179490,1.180000,1.179290,1.179410
2018/06/14 01:30:00,1.179540,1.180020,1.179050,1.179950,1.179410,1.179890,1.178930,1.179820
2018/06/14 02:00:00,1.179950,1.179950,1.179020,1.179230,1.179820,1.179820,1.178890,1.179110
2018/06/14 02:30:00,1.179230,1.179930,1.179170,1.179880,1.179110,1.179810,1.179040,1.179760
2018/06/14 03:00:00,1.179880,1.180220,1.179570,1.180170,1.179760,1.180100,1.179440,1.180050
2018/06/14 03:30:00,1.180170,1.180320,1.179930,1.180200,1.180050,1.180210,1.179800,1.180080
2018/06/14 04:00:00,1.180200,1.180540,1.180140,1.180430,1.180080,1.180420,1.180020,1.180300
2018/06/14 04:30:00,1.180430,1.180660,1.180350,1.180470,1.180300,1.180530,1.180250,1.180340
2018/06/14 05:00:00,1.180470,1.181160,1.180470,1.180860,1.180340,1.181030,1.180340,1.180730
2018/06/14 05:30:00,1.180860,1.180950,1.180070,1.180370,1.180730,1.180830,1.179950,1.180240
2018/06/14 06:00:00,1.180370,1.181080,1.179830,1.180730,1.180240,1.180960,1.179700,1.180600
2018/06/14 06:30:00,1.180730,1.181730,1.180230,1.181490,1.180600,1.181610,1.180090,1.181370
2018/06/14 07:00:00,1.181490,1.182030,1.180770,1.181180,1.181370,1.181910,1.180650,1.181060
2018/06/14 07:30:00,1.181180,1.181880,1.181120,1.181830,1.181060,1.181760,1.181000,1.181700
2018/06/14 08:00:00,1.181830,1.182440,1.181380,1.181920,1.181700,1.182330,1.181260,1.181800
2018/06/14 08:30:00,1.181920,1.182820,1.181870,1.182610,1.181800,1.182700,1.181760,1.182480
2018/06/14 09:00:00,1.182610,1.182620,1.181500,1.182440,1.182480,1.182500,1.181380,1.182310
2018/06/14 09:30:00,1.182440,1.182660,1.182100,1.182510,1.182310,1.182540,1.181990,1.182400
2018/06/14 10:00:00,1.182510,1.183160,1.182450,1.182760,1.182400,1.183050,1.182340,1.182650
2018/06/14 10:30:00,1.182760,1.182880,1.182080,1.182510,1.182650,1.182760,1.181960,1.182390
2018/06/14 11:00:00,1.182510,1.182990,1.182170,1.182400,1.182390,1.182860,1.182040,1.182280
2018/06/14 11:30:00,1.182400,1.185290,1.173910,1.173930,1.182280,1.185170,1.173800,1.173800
2018/06/14 12:00:00,1.173930,1.174450,1.171920,1.173050,1.173800,1.174330,1.171780,1.172850
2018/06/14 12:30:00,1.173050,1.173370,1.168540,1.168900,1.172850,1.173240,1.168410,1.168780
2018/06/14 13:00:00,1.168900,1.168920,1.166640,1.168210,1.168780,1.168790,1.166510,1.168080
2018/06/14 13:30:00,1.168210,1.168600,1.165250,1.165260,1.168080,1.168480,1.165130,1.165140
2018/06/14 14:00:00,1.165260,1.165910,1.161950,1.163390,1.165140,1.165800,1.161820,1.163260
2018/06/14 14:30:00,1.163390,1.165420,1.163300,1.165220,1.163260,1.165290,1.163180,1.165100
2018/06/14 15:00:00,1.165220,1.165310,1.163650,1.164800,1.165100,1.165180,1.163540,1.164680
2018/06/14 15:30:00,1.164800,1.164810,1.162910,1.163270,1.164680,1.164700,1.162780,1.163160
2018/06/14 16:00:00,1.163270,1.163750,1.161960,1.162640,1.163160,1.163630,1.161840,1.162520
2018/06/14 16:30:00,1.162640,1.164820,1.161880,1.163430,1.162520,1.164690,1.161760,1.163300
2018/06/14 17:00:00,1.163430,1.164170,1.162350,1.162770,1.163300,1.164060,1.162220,1.162650
2018/06/14 17:30:00,1.162770,1.162930,1.160170,1.160540,1.162650,1.162800,1.160050,1.160410
2018/06/14 18:00:00,1.160540,1.160980,1.159050,1.160300,1.160410,1.160850,1.158940,1.160180
2018/06/14 18:30:00,1.160300,1.160820,1.159190,1.159220,1.160180,1.160700,1.159080,1.159090
2018/06/14 19:00:00,1.159220,1.160100,1.159050,1.159890,1.159090,1.159970,1.158930,1.159760
2018/06/14 19:30:00,1.159890,1.160030,1.158490,1.158650,1.159760,1.159900,1.158370,1.158530
2018/06/14 20:00:00,1.158650,1.159150,1.157620,1.158350,1.158530,1.159030,1.157530,1.158210
2018/06/14 20:30:00,1.158350,1.158490,1.156380,1.157100,1.158210,1.158370,1.156170,1.156590
2018/06/14 21:00:00,1.157100,1.157470,1.156530,1.157400,1.156590,1.157270,1.156430,1.157250
2018/06/14 21:30:00,1.157400,1.157660,1.157230,1.157650,1.157250,1.157450,1.156970,1.157450
2018/06/14 22:00:00,1.157650,1.158240,1.157570,1.158090,1.157450,1.158110,1.157400,1.157960
2018/06/14 22:30:00,1.158090,1.158540,1.158080,1.158420,1.157960,1.158430,1.157960,1.158290
2018/06/14 23:00:00,1.158420,1.158500,1.156710,1.156960,1.158290,1.158370,1.156590,1.156840
2018/06/14 23:30:00,1.156960,1.157440,1.156140,1.156340,1.156840,1.157310,1.156020,1.156230
2018/06/15 00:00:00,1.156340,1.156870,1.155980,1.156710,1.156230,1.156750,1.155870,1.156580
2018/06/15 00:30:00,1.156710,1.156870,1.155570,1.155990,1.156580,1.156730,1.155450,1.155860
2018/06/15 01:00:00,1.155990,1.156630,1.155990,1.156490,1.155860,1.156510,1.155860,1.156370
2018/06/15 01:30:00,1.156490,1.157080,1.156440,1.156800,1.156370,1.156960,1.156320,1.156680
2018/06/15 02:00:00,1.156800,1.157060,1.156640,1.156830,1.156680,1.156940,1.156520,1.156700
2018/06/15 02:30:00,1.156830,1.156830,1.156270,1.156670,1.156700,1.156710,1.156140,1.156550
2018/06/15 03:00:00,1.156670,1.156830,1.156210,1.156430,1.156550,1.156700,1.156090,1.156300
2018/06/15 03:30:00,1.156430,1.156770,1.156350,1.156450,1.156300,1.156650,1.156240,1.156340
2018/06/15 04:00:00,1.156450,1.157060,1.156450,1.157060,1.156340,1.156940,1.156330,1.156930
2018/06/15 04:30:00,1.157060,1.157110,1.156710,1.157110,1.156930,1.156980,1.156590,1.156980
2018/06/15 05:00:00,1.157110,1.157540,1.156980,1.157520,1.156980,1.157410,1.156850,1.157400
2018/06/15 05:30:00,1.157520,1.157640,1.156010,1.156250,1.157400,1.157510,1.155890,1.156120
2018/06/15 06:00:00,1.156250,1.156710,1.154700,1.156480,1.156120,1.156600,1.154570,1.156350
2018/06/15 06:30:00,1.156480,1.157270,1.155630,1.156950,1.156350,1.157130,1.155520,1.156810
2018/06/15 07:00:00,1.156950,1.157210,1.154380,1.156620,1.156810,1.157070,1.154260,1.156530
2018/06/15 07:30:00,1.156620,1.159320,1.156580,1.159010,1.156530,1.159190,1.156470,1.158880
2018/06/15 08:00:00,1.159010,1.159960,1.158430,1.159770,1.158880,1.159830,1.158310,1.159660
2018/06/15 08:30:00,1.159770,1.160100,1.159010,1.159350,1.159660,1.159970,1.158910,1.159100
2018/06/15 09:00:00,1.159350,1.161600,1.158690,1.161100,1.159100,1.161480,1.158580,1.160990
2018/06/15 09:30:00,1.161100,1.161100,1.159830,1.160340,1.160990,1.160990,1.159700,1.160210
2018/06/15 10:00:00,1.160340,1.160740,1.155970,1.159460,1.160210,1.160610,1.155860,1.159340
2018/06/15 10:30:00,1.159460,1.160200,1.158730,1.159540,1.159340,1.160060,1.158590,1.159410
2018/06/15 11:00:00,1.159540,1.159630,1.158250,1.159240,1.159410,1.159510,1.158120,1.159120
2018/06/15 11:30:00,1.159240,1.160040,1.158670,1.158880,1.159120,1.159930,1.158540,1.158740
2018/06/15 12:00:00,1.158880,1.160020,1.158620,1.158950,1.158740,1.159890,1.158490,1.158770
2018/06/15 12:30:00,1.158950,1.161190,1.158510,1.160380,1.158770,1.161060,1.158410,1.160250
2018/06/15 13:00:00,1.160380,1.162710,1.160360,1.162450,1.160250,1.162590,1.160240,1.162330
2018/06/15 13:30:00,1.162450,1.162450,1.159790,1.159930,1.162330,1.162330,1.159650,1.159780
2018/06/15 14:00:00,1.159930,1.162380,1.159690,1.161890,1.159780,1.162260,1.159580,1.161760
2018/06/15 14:30:00,1.161890,1.162770,1.161330,1.161830,1.161760,1.162650,1.161200,1.161700
2018/06/15 15:00:00,1.161830,1.162350,1.160860,1.162300,1.161700,1.162240,1.160740,1.162180
2018/06/15 15:30:00,1.162300,1.162750,1.161560,1.161600,1.162180,1.162610,1.161440,1.161480
2018/06/15 16:00:00,1.161600,1.161880,1.160320,1.160600,1.161480,1.161740,1.160180,1.160490
2018/06/15 16:30:00,1.160600,1.161120,1.160230,1.160580,1.160490,1.161000,1.160100,1.160450
2018/06/15 17:00:00,1.160580,1.160830,1.160080,1.160380,1.160450,1.160710,1.159960,1.160250
2018/06/15 17:30:00,1.160380,1.161130,1.160360,1.161110,1.160250,1.161020,1.160240,1.160990
2018/06/15 18:00:00,1.161110,1.161550,1.160770,1.160870,1.160990,1.161420,1.160650,1.160750
2018/06/15 18:30:00,1.160870,1.161300,1.160640,1.160670,1.160750,1.161180,1.160510,1.160540
2018/06/15 19:00:00,1.160670,1.161510,1.160470,1.160600,1.160540,1.161380,1.160340,1.160470
2018/06/15 19:30:00,1.160600,1.161310,1.160470,1.161210,1.160470,1.161190,1.160350,1.161080
2018/06/15 20:00:00,1.161210,1.161220,1.160750,1.160910,1.161080,1.161100,1.160630,1.160770
2018/06/15 20:30:00,1.160910,1.161110,1.160670,1.161020,1.160770,1.160910,1.160390,1.160530
2018/06/17 19:00:00,1.161020,1.161550,1.160730,1.160850,1.160530,1.160990,1.160240,1.160410
2018/06/17 19:30:00,1.160850,1.161080,1.160550,1.160580,1.160410,1.160610,1.160040,1.160090
2018/06/17 20:00:00,1.160580,1.160580,1.160050,1.160350,1.160090,1.160140,1.159740,1.159940
2018/06/17 20:30:00,1.160350,1.160460,1.158570,1.159140,1.159940,1.159990,1.158220,1.158560
2018/06/17 21:00:00,1.159140,1.160420,1.159030,1.160350,1.158560,1.160140,1.158560,1.160110
2018/06/17 21:30:00,1.160350,1.160430,1.159310,1.159610,1.160110,1.160140,1.159050,1.159420
2018/06/17 22:00:00,1.159610,1.159690,1.159440,1.159640,1.159420,1.159530,1.159220,1.159510
2018/06/17 22:30:00,1.159640,1.159680,1.159530,1.159540,1.159510,1.159540,1.159390,1.159400
2018/06/17 23:00:00,1.159540,1.159770,1.159520,1.159710,1.159400,1.159640,1.159380,1.159570
2018/06/17 23:30:00,1.159710,1.159720,1.159120,1.159370,1.159570,1.159580,1.158990,1.159240
2018/06/18 00:00:00,1.159370,1.159540,1.158460,1.158500,1.159240,1.159430,1.158340,1.158380
2018/06/18 00:30:00,1.158500,1.158990,1.157790,1.157840,1.158380,1.158870,1.157660,1.157710
2018/06/18 01:00:00,1.157840,1.158550,1.157670,1.158380,1.157710,1.158430,1.157550,1.158270
2018/06/18 01:30:00,1.158380,1.158920,1.158200,1.158910,1.158270,1.158790,1.158080,1.158790
2018/06/18 02:00:00,1.158910,1.158970,1.158540,1.158660,1.158790,1.158850,1.158420,1.158530
2018/06/18 02:30:00,1.158660,1.158820,1.158430,1.158790,1.158530,1.158690,1.158310,1.158670
2018/06/18 03:00:00,1.158790,1.159420,1.158770,1.159170,1.158670,1.159300,1.158640,1.159040
2018/06/18 03:30:00,1.159170,1.159340,1.158960,1.159110,1.159040,1.159210,1.158850,1.158990
2018/06/18 04:00:00,1.159110,1.159240,1.158860,1.159120,1.158990,1.159110,1.158730,1.158990
2018/06/18 04:30:00,1.159120,1.159470,1.159080,1.159170,1.158990,1.159340,1.158940,1.159040
2018/06/18 05:00:00,1.159170,1.159680,1.159170,1.159610,1.159040,1.159560,1.159040,1.159480
2018/06/18 05:30:00,1.159610,1.159920,1.159190,1.159360,1.159480,1.159800,1.159070,1.159230
2018/06/18 06:00:00,1.159360,1.159810,1.158560,1.158870,1.159230,1.159690,1.158420,1.158750
2018/06/18 06:30:00,1.158870,1.159320,1.157490,1.157490,1.158750,1.159200,1.157360,1.157360
2018/06/18 07:00:00,1.157490,1.158010,1.156590,1.157370,1.157360,1.157880,1.156470,1.157240
2018/06/18 07:30:00,1.157370,1.158040,1.157220,1.157310,1.157240,1.157920,1.157090,1.157180
2018/06/18 08:00:00,1.157310,1.158670,1.157070,1.158090,1.157180,1.158540,1.156960,1.157970
2018/06/18 08:30:00,1.158090,1.159200,1.157840,1.159050,1.157970,1.159080,1.157730,1.158930
2018/06/18 09:00:00,1.159050,1.161150,1.158970,1.160760,1.158930,1.161020,1.158850,1.160630
2018/06/18 09:30:00,1.160760,1.160760,1.159620,1.159800,1.160630,1.160640,1.159500,1.159670
2018/06/18 10:00:00,1.159800,1.161210,1.159530,1.161200,1.159670,1.161090,1.159400,1.161080
2018/06/18 10:30:00,1.161200,1.162040,1.161110,1.161920,1.161080,1.161920,1.160990,1.161810
2018/06/18 11:00:00,1.161920,1.162500,1.161560,1.161670,1.161810,1.162370,1.161440,1.161550
2018/06/18 11:30:00,1.161670,1.161870,1.161090,1.161130,1.161550,1.161740,1.160970,1.161020
2018/06/18 12:00:00,1.161130,1.162070,1.161130,1.161950,1.161020,1.161940,1.161020,1.161830
2018/06/18 12:30:00,1.161950,1.162040,1.160460,1.160600,1.161830,1.161920,1.160330,1.160470
2018/06/18 13:00:00,1.160600,1.160930,1.159590,1.160050,1.160470,1.160820,1.159480,1.159950
2018/06/18 13:30:00,1.160050,1.160730,1.159720,1.160490,1.159950,1.160610,1.159610,1.160380
2018/06/18 14:00:00,1.160490,1.160930,1.159830,1.160580,1.160380,1.160800,1.159700,1.160450
2018/06/18 14:30:00,1.160580,1.162110,1.159780,1.161260,1.160450,1.161990,1.159650,1.161130
2018/06/18 15:00:00,1.161260,1.161800,1.160880,1.161700,1.161130,1.161690,1.160750,1.161570
2018/06/18 15:30:00,1.161700,1.161750,1.160510,1.160590,1.161570,1.161620,1.160380,1.160470
2018/06/18 16:00:00,1.160590,1.161020,1.160230,1.160690,1.160470,1.160890,1.160110,1.160570
2018/06/18 16:30:00,1.160690,1.160940,1.160190,1.160530,1.160570,1.160810,1.160050,1.160400
2018/06/18 17:00:00,1.160530,1.161140,1.160340,1.160840,1.160400,1.161020,1.160210,1.160720
2018/06/18 17:30:00,1.160840,1.161550,1.160430,1.161460,1.160720,1.161430,1.160310,1.161340
2018/06/18 18:00:00,1.161460,1.161940,1.161240,1.161880,1.161340,1.161820,1.161120,1.161760
2018/06/18 18:30:00,1.161880,1.162210,1.161470,1.161530,1.161760,1.162080,1.161340,1.161410
2018/06/18 19:00:00,1.161530,1.162080,1.161530,1.161720,1.161410,1.161950,1.161400,1.161600
2018/06/18 19:30:00,1.161720,1.161940,1.161410,1.161720,1.161600,1.161810,1.161320,1.161590
2018/06/18 20:00:00,1.161720,1.162000,1.161520,1.161950,1.161590,1.161870,1.161390,1.161820
2018/06/18 20:30:00,1.161950,1.162450,1.161920,1.162380,1.161820,1.162320,1.161790,1.162170
2018/06/18 21:00:00,1.162380,1.162470,1.162090,1.162270,1.162170,1.162200,1.161700,1.162080
2018/06/18 21:30:00,1.162270,1.162490,1.162120,1.162240,1.162080,1.162350,1.161840,1.162030
2018/06/18 22:00:00,1.162240,1.162400,1.162090,1.162320,1.162030,1.162240,1.161870,1.162180
2018/06/18 22:30:00,1.162320,1.162520,1.162160,1.162220,1.162180,1.162390,1.162020,1.162070
2018/06/18 23:00:00,1.162220,1.162600,1.162170,1.162530,1.162070,1.162470,1.162040,1.162380
2018/06/18 23:30:00,1.162530,1.164180,1.162240,1.163050,1.162380,1.164030,1.162120,1.162920
2018/06/19 00:00:00,1.163050,1.163470,1.162640,1.162910,1.162920,1.163350,1.162520,1.162790
2018/06/19 00:30:00,1.162910,1.163620,1.162780,1.163500,1.162790,1.163490,1.162650,1.163370
2018/06/19 01:00:00,1.163500,1.163600,1.163070,1.163230,1.163370,1.163470,1.162950,1.163110
2018/06/19 01:30:00,1.163230,1.164150,1.162910,1.163700,1.163110,1.164030,1.162780,1.163580
2018/06/19 02:00:00,1.163700,1.164030,1.163500,1.163660,1.163580,1.163900,1.163370,1.163530
2018/06/19 02:30:00,1.163660,1.163700,1.163160,1.163250,1.163530,1.163580,1.163040,1.163120
2018/06/19 03:00:00,1.163250,1.164520,1.163190,1.164360,1.163120,1.164390,1.163060,1.164250
2018/06/19 03:30:00,1.164360,1.164470,1.164020,1.164100,1.164250,1.164340,1.163880,1.163980
2018/06/19 04:00:00,1.164100,1.164120,1.162680,1.162960,1.163980,1.163980,1.162550,1.162830
2018/06/19 04:30:00,1.162960,1.163080,1.162470,1.162820,1.162830,1.162970,1.162360,1.162680
2018/06/19 05:00:00,1.162820,1.163430,1.162510,1.162560,1.162680,1.163300,1.162380,1.162430
2018/06/19 05:30:00,1.162560,1.162660,1.161970,1.162210,1.162430,1.162530,1.161830,1.162080
2018/06/19 06:00:00,1.162210,1.162490,1.160330,1.160470,1.162080,1.162370,1.160190,1.160340
2018/06/19 06:30:00,1.160470,1.160700,1.158240,1.158380,1.160340,1.160570,1.158110,1.158260
2018/06/19 07:00:00,1.158380,1.158720,1.157170,1.158370,1.158260,1.158600,1.157050,1.158240
2018/06/19 07:30:00,1.158370,1.159150,1.157480,1.158110,1.158240,1.159030,1.157360,1.157980
2018/06/19 08:00:00,1.158110,1.159840,1.155350,1.155750,1.157980,1.159700,1.155260,1.155610
2018/06/19 08:30:00,1.155750,1.156100,1.154270,1.155460,1.155610,1.155960,1.154120,1.155330
2018/06/19 09:00:00,1.155460,1.156080,1.153110,1.153690,1.155330,1.155970,1.153000,1.153550
2018/06/19 09:30:00,1.153690,1.155560,1.153410,1.155180,1.153550,1.155440,1.153300,1.155060
2018/06/19 10:00:00,1.155180,1.156080,1.154640,1.155010,1.155060,1.155950,1.154520,1.154880
2018/06/19 10:30:00,1.155010,1.155440,1.154400,1.155320,1.154880,1.155320,1.154260,1.155180
2018/06/19 11:00:00,1.155320,1.155380,1.154100,1.155070,1.155180,1.155250,1.153970,1.154930
2018/06/19 11:30:00,1.155070,1.155370,1.154050,1.154560,1.154930,1.155230,1.153930,1.154420
2018/06/19 12:00:00,1.154560,1.154920,1.153390,1.154890,1.154420,1.154790,1.153260,1.154760
2018/06/19 12:30:00,1.154890,1.156400,1.154200,1.155500,1.154760,1.156280,1.154060,1.155370
2018/06/19 13:00:00,1.155500,1.156750,1.155110,1.156710,1.155370,1.156630,1.154980,1.156580
2018/06/19 13:30:00,1.156710,1.156710,1.155270,1.156180,1.156580,1.156580,1.155160,1.156060
2018/06/19 14:00:00,1.156180,1.157230,1.155640,1.156430,1.156060,1.157090,1.155510,1.156290
2018/06/19 14:30:00,1.156430,1.157330,1.156120,1.156560,1.156290,1.157220,1.155990,1.156430
2018/06/19 15:00:00,1.156560,1.158500,1.156110,1.157710,1.156430,1.158360,1.156000,1.157580
2018/06/19 15:30:00,1.157710,1.158810,1.157570,1.157860,1.157580,1.158700,1.157450,1.157730
2018/06/19 16:00:00,1.157860,1.157890,1.156700,1.156880,1.157730,1.157770,1.156570,1.156760
2018/06/19 16:30:00,1.156880,1.157350,1.156610,1.157070,1.156760,1.157230,1.156490,1.156940
2018/06/19 17:00:00,1.157070,1.158410,1.156890,1.157810,1.156940,1.158290,1.156770,1.157680
2018/06/19 17:30:00,1.157810,1.158270,1.157300,1.157340,1.157680,1.158150,1.157180,1.157230
2018/06/19 18:00:00,1.157340,1.158820,1.156930,1.158320,1.157230,1.158700,1.156810,1.158190
2018/06/19 18:30:00,1.158320,1.158410,1.157350,1.157510,1.158190,1.158280,1.157230,1.157380
2018/06/19 19:00:00,1.157510,1.157820,1.157140,1.157750,1.157380,1.157680,1.157010,1.157630
2018/06/19 19:30:00,1.157750,1.158170,1.157310,1.158140,1.157630,1.158050,1.157210,1.158030
2018/06/19 20:00:00,1.158140,1.159460,1.158030,1.159420,1.158030,1.159330,1.157920,1.159280
2018/06/19 20:30:00,1.159420,1.159420,1.158920,1.159190,1.159280,1.159290,1.158630,1.158710
2018/06/19 21:00:00,1.159190,1.159310,1.158600,1.158700,1.158710,1.158880,1.158410,1.158420
2018/06/19 21:30:00,1.158700,1.158860,1.158470,1.158550,1.158420,1.158620,1.158250,1.158400
2018/06/19 22:00:00,1.158550,1.158740,1.158530,1.158590,1.158400,1.158610,1.158360,1.158450
2018/06/19 22:30:00,1.158590,1.159000,1.158490,1.158940,1.158450,1.158860,1.158360,1.158800
2018/06/19 23:00:00,1.158940,1.159600,1.158830,1.159530,1.158800,1.159480,1.158700,1.159400
2018/06/19 23:30:00,1.159530,1.159630,1.158820,1.158870,1.159400,1.159500,1.158690,1.158760
2018/06/20 00:00:00,1.158870,1.158970,1.157890,1.157970,1.158760,1.158850,1.157770,1.157840
2018/06/20 00:30:00,1.157970,1.158230,1.157660,1.157660,1.157840,1.158110,1.157540,1.157550
2018/06/20 01:00:00,1.157660,1.158480,1.157380,1.158470,1.157550,1.158350,1.157240,1.158340
2018/06/20 01:30:00,1.158470,1.158730,1.157820,1.158240,1.158340,1.158600,1.157690,1.158120
2018/06/20 02:00:00,1.158240,1.158910,1.158240,1.158690,1.158120,1.158770,1.158110,1.158580
2018/06/20 02:30:00,1.158690,1.158840,1.157790,1.158150,1.158580,1.158720,1.157650,1.158020
2018/06/20 03:00:00,1.158150,1.158230,1.157740,1.158020,1.158020,1.158100,1.157610,1.157890
2018/06/20 03:30:00,1.158020,1.158020,1.157180,1.157550,1.157890,1.157890,1.157050,1.157420
2018/06/20 04:00:00,1.157550,1.157560,1.156830,1.156930,1.157420,1.157420,1.156710,1.156800
2018/06/20 04:30:00,1.156930,1.157240,1.156900,1.157090,1.156800,1.157120,1.156780,1.156960
2018/06/20 05:00:00,1.157090,1.157810,1.156770,1.157600,1.156960,1.157680,1.156650,1.157480
2018/06/20 05:30:00,1.157600,1.157970,1.157070,1.157330,1.157480,1.157840,1.156960,1.157210
2018/06/20 06:00:00,1.157330,1.158500,1.156880,1.158310,1.157210,1.158370,1.156750,1.158190
2018/06/20 06:30:00,1.158310,1.158310,1.156410,1.156740,1.158190,1.158190,1.156290,1.156620
2018/06/20 07:00:00,1.156740,1.157680,1.156370,1.157450,1.156620,1.157550,1.156230,1.157310
2018/06/20 07:30:00,1.157450,1.159340,1.157180,1.157730,1.157310,1.159230,1.157070,1.157610
2018/06/20 08:00:00,1.157730,1.157730,1.153750,1.156100,1.157610,1.157610,1.153560,1.155960
2018/06/20 08:30:00,1.156100,1.156600,1.155570,1.155810,1.155960,1.156470,1.155450,1.155670
2018/06/20 09:00:00,1.155810,1.156620,1.155680,1.156620,1.155670,1.156490,1.155560,1.156490
2018/06/20 09:30:00,1.156620,1.157640,1.156440,1.156520,1.156490,1.157510,1.156320,1.156390
2018/06/20 10:00:00,1.156520,1.157440,1.156260,1.156350,1.156390,1.157310,1.156140,1.156230
2018/06/20 10:30:00,1.156350,1.156750,1.155750,1.156180,1.156230,1.156630,1.155630,1.156050
2018/06/20 11:00:00,1.156180,1.156720,1.155780,1.156610,1.156050,1.156590,1.155660,1.156480
2018/06/20 11:30:00,1.156610,1.157550,1.156560,1.157480,1.156480,1.157440,1.156430,1.157350
2018/06/20 12:00:00,1.157480,1.158410,1.157040,1.158150,1.157350,1.158280,1.156910,1.158020
2018/06/20 12:30:00,1.158150,1.159750,1.157660,1.159450,1.158020,1.159630,1.157530,1.159320
2018/06/20 13:00:00,1.159450,1.160060,1.158520,1.158820,1.159320,1.159940,1.158380,1.158700
2018/06/20 13:30:00,1.158820,1.158940,1.157690,1.158370,1.158700,1.158810,1.157550,1.158230
2018/06/20 14:00:00,1.158370,1.158690,1.156710,1.157770,1.158230,1.158550,1.156580,1.157630
2018/06/20 14:30:00,1.157770,1.158400,1.157090,1.157930,1.157630,1.158280,1.156960,1.157810
2018/06/20 15:00:00,1.157930,1.158480,1.157420,1.158070,1.157810,1.158370,1.157300,1.157940
2018/06/20 15:30:00,1.158070,1.159240,1.158070,1.159220,1.157940,1.159120,1.157930,1.159100
2018/06/20 16:00:00,1.159220,1.159470,1.158630,1.158990,1.159100,1.159340,1.158500,1.158860
2018/06/20 16:30:00,1.158990,1.159290,1.158640,1.158970,1.158860,1.159160,1.158510,1.158840
2018/06/20 17:00:00,1.158970,1.159140,1.158570,1.159050,1.158840,1.159020,1.158450,1.158920
2018/06/20 17:30:00,1.159050,1.159640,1.158810,1.159230,1.158920,1.159520,1.158700,1.159110
2018/06/20 18:00:00,1.159230,1.159350,1.158310,1.158490,1.159110,1.159220,1.158190,1.158360
2018/06/20 18:30:00,1.158490,1.158820,1.157840,1.158710,1.158360,1.158700,1.157710,1.158580
2018/06/20 19:00:00,1.158710,1.158970,1.158040,1.158210,1.158580,1.158840,1.157920,1.158090
2018/06/20 19:30:00,1.158210,1.158430,1.158030,1.158140,1.158090,1.158320,1.157920,1.158020
2018/06/20 20:00:00,1.158140,1.158450,1.158000,1.158160,1.158020,1.158330,1.157870,1.158020
2018/06/20 20:30:00,1.158160,1.158500,1.157320,1.157330,1.158020,1.158370,1.156940,1.156940
2018/06/20 21:00:00,1.157330,1.157940,1.157140,1.157600,1.156940,1.157580,1.156830,1.157430
2018/06/20 21:30:00,1.157600,1.157610,1.157090,1.157460,1.157430,1.157440,1.156880,1.157260
2018/06/20 22:00:00,1.157460,1.157640,1.157330,1.157640,1.157260,1.157500,1.157170,1.157500
2018/06/20 22:30:00,1.157640,1.157800,1.157500,1.157740,1.157500,1.157650,1.157350,1.157610
2018/06/20 23:00:00,1.157740,1.158040,1.157410,1.157520,1.157610,1.157900,1.157280,1.157390
2018/06/20 23:30:00,1.157520,1.157970,1.157270,1.157820,1.157390,1.157850,1.157130,1.157690
2018/06/21 00:00:00,1.157820,1.157940,1.157130,1.157540,1.157690,1.157810,1.156990,1.157410
2018/06/21 00:30:00,1.157540,1.158100,1.157450,1.157730,1.157410,1.157960,1.157310,1.157610
2018/06/21 01:00:00,1.157730,1.157730,1.156580,1.156630,1.157610,1.157610,1.156470,1.156510
2018/06/21 01:30:00,1.156630,1.156930,1.156240,1.156750,1.156510,1.156810,1.156110,1.156630
2018/06/21 02:00:00,1.156750,1.157690,1.156690,1.157690,1.156630,1.157570,1.156560,1.157560
2018/06/21 02:30:00,1.157690,1.157690,1.156770,1.156770,1.157560,1.157560,1.156640,1.156650
2018/06/21 03:00:00,1.156770,1.156830,1.156080,1.156360,1.156650,1.156700,1.155960,1.156240
2018/06/21 03:30:00,1.156360,1.156510,1.155830,1.156470,1.156240,1.156390,1.155720,1.156340
2018/06/21 04:00:00,1.156470,1.156570,1.155990,1.156220,1.156340,1.156440,1.155870,1.156090
2018/06/21 04:30:00,1.156220,1.156390,1.155730,1.156280,1.156090,1.156260,1.155600,1.156160
2018/06/21 05:00:00,1.156280,1.156430,1.155470,1.155820,1.156160,1.156310,1.155350,1.155690
2018/06/21 05:30:00,1.155820,1.156100,1.155470,1.156070,1.155690,1.155970,1.155340,1.155950
2018/06/21 06:00:00,1.156070,1.156120,1.154320,1.155080,1.155950,1.156000,1.154200,1.154950
2018/06/21 06:30:00,1.155080,1.155750,1.154070,1.154160,1.154950,1.155620,1.153940,1.154020
2018/06/21 07:00:00,1.154160,1.155900,1.153570,1.155310,1.154020,1.155770,1.153440,1.155160
2018/06/21 07:30:00,1.155310,1.156760,1.155120,1.156570,1.155160,1.156630,1.154990,1.156420
2018/06/21 08:00:00,1.156570,1.156840,1.154310,1.155930,1.156420,1.156700,1.154210,1.155790
2018/06/21 08:30:00,1.155930,1.155930,1.151800,1.151990,1.155790,1.155800,1.151660,1.151850
2018/06/21 09:00:00,1.151990,1.152930,1.150880,1.152700,1.151850,1.152820,1.150740,1.152570
2018/06/21 09:30:00,1.152700,1.152920,1.151560,1.152080,1.152570,1.152790,1.151440,1.151950
2018/06/21 10:00:00,1.152080,1.152700,1.151590,1.152350,1.151950,1.152600,1.151470,1.152220
2018/06/21 10:30:00,1.152350,1.154250,1.151920,1.153910,1.152220,1.154130,1.151800,1.153760
2018/06/21 11:00:00,1.153910,1.154820,1.152950,1.153490,1.153760,1.154670,1.152830,1.153360
2018/06/21 11:30:00,1.153490,1.154820,1.153470,1.154380,1.153360,1.154690,1.153340,1.154260
2018/06/21 12:00:00,1.154380,1.155180,1.153260,1.154570,1.154260,1.155060,1.153140,1.154340
2018/06/21 12:30:00,1.154570,1.161190,1.154250,1.158980,1.154340,1.161040,1.154160,1.158870
2018/06/21 13:00:00,1.158980,1.160240,1.158300,1.159280,1.158870,1.160110,1.158170,1.159150
2018/06/21 13:30:00,1.159280,1.160020,1.158370,1.158710,1.159150,1.159910,1.158230,1.158580
2018/06/21 14:00:00,1.158710,1.159770,1.157580,1.159710,1.158580,1.159660,1.157460,1.159580
2018/06/21 14:30:00,1.159710,1.163430,1.159390,1.160750,1.159580,1.163300,1.159250,1.160620
2018/06/21 15:00:00,1.160750,1.161340,1.160050,1.160140,1.160620,1.161220,1.159940,1.160020
2018/06/21 15:30:00,1.160140,1.160930,1.159840,1.160050,1.160020,1.160810,1.159700,1.159910
2018/06/21 16:00:00,1.160050,1.160310,1.159700,1.159900,1.159910,1.160190,1.159570,1.159770
2018/06/21 16:30:00,1.159900,1.160830,1.159570,1.160780,1.159770,1.160710,1.159440,1.160660
2018/06/21 17:00:00,1.160780,1.161720,1.160670,1.161620,1.160660,1.161600,1.160540,1.161500
2018/06/21 17:30:00,1.161620,1.161780,1.161280,1.161540,1.161500,1.161660,1.161140,1.161410
2018/06/21 18:00:00,1.161540,1.162870,1.161470,1.161870,1.161410,1.162780,1.161340,1.161740
2018/06/21 18:30:00,1.161870,1.162910,1.161620,1.162370,1.161740,1.162790,1.161500,1.162240
2018/06/21 19:00:00,1.162370,1.162420,1.161760,1.161790,1.162240,1.162300,1.161630,1.161660
2018/06/21 19:30:00,1.161790,1.162180,1.161250,1.161250,1.161660,1.162060,1.161120,1.161140
2018/06/21 20:00:00,1.161250,1.161450,1.160380,1.160690,1.161140,1.161310,1.160260,1.160580
2018/06/21 20:30:00,1.160690,1.161110,1.160330,1.160470,1.160580,1.160990,1.160200,1.160200
2018/06/21 21:00:00,1.160470,1.161330,1.160150,1.160610,1.160200,1.160650,1.159750,1.160160
2018/06/21 21:30:00,1.160610,1.161420,1.160600,1.160900,1.160160,1.160760,1.160010,1.160690
2018/06/21 22:00:00,1.160900,1.161100,1.160470,1.160690,1.160690,1.160690,1.160030,1.160560
2018/06/21 22:30:00,1.160690,1.161070,1.160610,1.161050,1.160560,1.160950,1.160480,1.160900
2018/06/21 23:00:00,1.161050,1.161070,1.160590,1.160630,1.160900,1.160930,1.160450,1.160500
2018/06/21 23:30:00,1.160630,1.160950,1.160410,1.160500,1.160500,1.160820,1.160260,1.160370
2018/06/22 00:00:00,1.160500,1.161840,1.160500,1.161440,1.160370,1.161710,1.160370,1.161310
2018/06/22 00:30:00,1.161440,1.161840,1.161000,1.161240,1.161310,1.161720,1.160880,1.161110
2018/06/22 01:00:00,1.161240,1.161350,1.160490,1.161150,1.161110,1.161220,1.160360,1.161020
2018/06/22 01:30:00,1.161150,1.161150,1.160130,1.160400,1.161020,1.161030,1.160000,1.160270
2018/06/22 02:00:00,1.160400,1.160750,1.160180,1.160510,1.160270,1.160640,1.160050,1.160380
2018/06/22 02:30:00,1.160510,1.160750,1.160170,1.160590,1.160380,1.160640,1.160040,1.160470
2018/06/22 03:00:00,1.160590,1.161610,1.160490,1.161400,1.160470,1.161490,1.160370,1.161270
2018/06/22 03:30:00,1.161400,1.161520,1.161130,1.161380,1.161270,1.161390,1.161010,1.161260
2018/06/22 04:00:00,1.161380,1.161600,1.161140,1.161230,1.161260,1.161470,1.161010,1.161100
2018/06/22 04:30:00,1.161230,1.161600,1.160930,1.161440,1.161100,1.161470,1.160800,1.161330
2018/06/22 05:00:00,1.161440,1.163070,1.161440,1.163000,1.161330,1.162940,1.161320,1.162860
2018/06/22 05:30:00,1.163000,1.163900,1.162680,1.163340,1.162860,1.163750,1.162550,1.163210
2018/06/22 06:00:00,1.163340,1.163740,1.162530,1.163700,1.163210,1.163610,1.162400,1.163580
2018/06/22 06:30:00,1.163700,1.164180,1.163320,1.163780,1.163580,1.164060,1.163190,1.163630
2018/06/22 07:00:00,1.163780,1.167240,1.163780,1.165860,1.163630,1.167120,1.163630,1.165690
2018/06/22 07:30:00,1.165860,1.167460,1.164600,1.165210,1.165690,1.167310,1.164470,1.165090
2018/06/22 08:00:00,1.165210,1.166520,1.164180,1.165340,1.165090,1.166400,1.164050,1.165220
2018/06/22 08:30:00,1.165340,1.167180,1.164810,1.166990,1.165220,1.167050,1.164690,1.166860
2018/06/22 09:00:00,1.166990,1.167570,1.166020,1.166960,1.166860,1.167440,1.165900,1.166830
2018/06/22 09:30:00,1.166960,1.167280,1.165800,1.165890,1.166830,1.167150,1.165670,1.165770
2018/06/22 10:00:00,1.165890,1.166000,1.163280,1.164300,1.165770,1.165870,1.163140,1.164160
2018/06/22 10:30:00,1.164300,1.164480,1.163410,1.164370,1.164160,1.164350,1.163280,1.164230
2018/06/22 11:00:00,1.164370,1.164700,1.163550,1.163920,1.164230,1.164580,1.163420,1.163790
2018/06/22 11:30:00,1.163920,1.165350,1.163820,1.164300,1.163790,1.165220,1.163680,1.164170
2018/06/22 12:00:00,1.164300,1.165690,1.164030,1.165070,1.164170,1.165590,1.163910,1.164950
2018/06/22 12:30:00,1.165070,1.165660,1.164040,1.165460,1.164950,1.165530,1.163920,1.165350
2018/06/22 13:00:00,1.165460,1.166700,1.165090,1.166220,1.165350,1.166570,1.164940,1.166090
2018/06/22 13:30:00,1.166220,1.166220,1.164360,1.165070,1.166090,1.166090,1.164230,1.164950
2018/06/22 14:00:00,1.165070,1.165520,1.161830,1.162550,1.164950,1.165390,1.161700,1.162420
2018/06/22 14:30:00,1.162550,1.164160,1.162280,1.163840,1.162420,1.164050,1.162150,1.163710
2018/06/22 15:00:00,1.163840,1.164100,1.163070,1.163460,1.163710,1.163980,1.162950,1.163340
2018/06/22 15:30:00,1.163460,1.164030,1.163000,1.163020,1.163340,1.163910,1.162870,1.162900
2018/06/22 16:00:00,1.163020,1.164770,1.162990,1.164670,1.162900,1.164640,1.162860,1.164540
2018/06/22 16:30:00,1.164670,1.165300,1.164510,1.164840,1.164540,1.165180,1.164400,1.164720
2018/06/22 17:00:00,1.164840,1.165550,1.164740,1.165550,1.164720,1.165450,1.164610,1.165430
2018/06/22 17:30:00,1.165550,1.166280,1.165360,1.166210,1.165430,1.166150,1.165270,1.166070
2018/06/22 18:00:00,1.166210,1.166820,1.165640,1.166150,1.166070,1.166680,1.165510,1.166020
2018/06/22 18:30:00,1.166150,1.166570,1.166030,1.166330,1.166020,1.166460,1.165900,1.166210
2018/06/22 19:00:00,1.166330,1.166490,1.165870,1.166020,1.166210,1.166360,1.165730,1.165890
2018/06/22 19:30:00,1.166020,1.166650,1.165830,1.165920,1.165890,1.166530,1.165700,1.165810
2018/06/22 20:00:00,1.165920,1.166420,1.165840,1.166310,1.165810,1.166290,1.165710,1.166170
2018/06/22 20:30:00,1.166310,1.166340,1.165770,1.165980,1.166170,1.166210,1.165460,1.165460
2018/06/24 19:00:00,1.165980,1.166550,1.165980,1.166040,1.165460,1.166070,1.165440,1.165510
2018/06/24 19:30:00,1.166040,1.166320,1.165710,1.165800,1.165510,1.165910,1.165440,1.165480
2018/06/24 20:00:00,1.165800,1.166510,1.165800,1.166490,1.165480,1.166140,1.165480,1.165960
2018/06/24 20:30:00,1.166490,1.167110,1.166320,1.166740,1.165960,1.166860,1.165910,1.166140
2018/06/24 21:00:00,1.166740,1.166910,1.166150,1.166330,1.166140,1.166690,1.165630,1.166010
2018/06/24 21:30:00,1.166330,1.166830,1.166320,1.166790,1.166010,1.166470,1.165980,1.166290
2018/06/24 22:00:00,1.166790,1.166880,1.166380,1.166760,1.166290,1.166760,1.166250,1.166600
2018/06/24 22:30:00,1.166760,1.167010,1.166410,1.166990,1.166600,1.166870,1.166250,1.166860
2018/06/24 23:00:00,1.166990,1.167340,1.166670,1.166770,1.166860,1.167220,1.166540,1.166640
2018/06/24 23:30:00,1.166770,1.166930,1.166080,1.166080,1.166640,1.166810,1.165940,1.165950
2018/06/25 00:00:00,1.166080,1.166160,1.165460,1.165720,1.165950,1.166030,1.165340,1.165580
2018/06/25 00:30:00,1.165720,1.166210,1.165250,1.165740,1.165580,1.166070,1.165120,1.165600
2018/06/25 01:00:00,1.165740,1.165850,1.165060,1.165310,1.165600,1.165720,1.164930,1.165190
2018/06/25 01:30:00,1.165310,1.166120,1.165260,1.165760,1.165190,1.165990,1.165130,1.165640
2018/06/25 02:00:00,1.165760,1.165860,1.165310,1.165460,1.165640,1.165740,1.165180,1.165330
2018/06/25 02:30:00,1.165460,1.165460,1.164770,1.164790,1.165330,1.165330,1.164650,1.164650
2018/06/25 03:00:00,1.164790,1.165370,1.164690,1.165130,1.164650,1.165260,1.164560,1.165010
2018/06/25 03:30:00,1.165130,1.165740,1.165130,1.165680,1.165010,1.165610,1.165010,1.165550
2018/06/25 04:00:00,1.165680,1.165740,1.165220,1.165420,1.165550,1.165620,1.165100,1.165300
2018/06/25 04:30:00,1.165420,1.165500,1.165090,1.165290,1.165300,1.165370,1.164970,1.165160
2018/06/25 05:00:00,1.165290,1.165740,1.164740,1.164760,1.165160,1.165620,1.164620,1.164650
2018/06/25 05:30:00,1.164760,1.164820,1.164020,1.164250,1.164650,1.164700,1.163890,1.164130
2018/06/25 06:00:00,1.164250,1.164830,1.163540,1.164050,1.164130,1.164710,1.163430,1.163930
2018/06/25 06:30:00,1.164050,1.164890,1.163050,1.163160,1.163930,1.164760,1.162920,1.163030
2018/06/25 07:00:00,1.163160,1.164110,1.162900,1.163470,1.163030,1.163990,1.162780,1.163340
2018/06/25 07:30:00,1.163470,1.164640,1.163330,1.164490,1.163340,1.164520,1.163220,1.164240
2018/06/25 08:00:00,1.164490,1.167150,1.163960,1.166450,1.164240,1.167020,1.163980,1.166320
2018/06/25 08:30:00,1.166450,1.166580,1.165610,1.165960,1.166320,1.166460,1.165480,1.165840
2018/06/25 09:00:00,1.165960,1.166530,1.163970,1.164220,1.165840,1.166420,1.163870,1.164090
2018/06/25 09:30:00,1.164220,1.165920,1.164110,1.165030,1.164090,1.165820,1.163970,1.164900
2018/06/25 10:00:00,1.165030,1.165290,1.164400,1.164870,1.164900,1.165170,1.164280,1.164740
2018/06/25 10:30:00,1.164870,1.165250,1.164010,1.165240,1.164740,1.165120,1.163890,1.165120
2018/06/25 11:00:00,1.165240,1.168540,1.165230,1.168160,1.165120,1.168420,1.165110,1.168030
2018/06/25 11:30:00,1.168160,1.169410,1.167850,1.168840,1.168030,1.169260,1.167730,1.168710
2018/06/25 12:00:00,1.168840,1.170230,1.168360,1.169410,1.168710,1.170110,1.168230,1.169270
2018/06/25 12:30:00,1.169410,1.169700,1.168000,1.168270,1.169270,1.169590,1.167880,1.168140
2018/06/25 13:00:00,1.168270,1.168830,1.168130,1.168820,1.168140,1.168690,1.168010,1.168680
2018/06/25 13:30:00,1.168820,1.169440,1.167860,1.168040,1.168680,1.169320,1.167740,1.167900
2018/06/25 14:00:00,1.168040,1.168550,1.167180,1.168410,1.167900,1.168430,1.167050,1.168300
2018/06/25 14:30:00,1.168410,1.169110,1.168070,1.168840,1.168300,1.168980,1.167950,1.168720
2018/06/25 15:00:00,1.168840,1.169770,1.168320,1.169690,1.168720,1.169660,1.168180,1.169570
2018/06/25 15:30:00,1.169690,1.169870,1.168910,1.169360,1.169570,1.169750,1.168790,1.169250
2018/06/25 16:00:00,1.169360,1.170230,1.169160,1.169240,1.169250,1.170120,1.169030,1.169110
2018/06/25 16:30:00,1.169240,1.169860,1.169060,1.169240,1.169110,1.169740,1.168940,1.169120
2018/06/25 17:00:00,1.169240,1.170250,1.169190,1.170000,1.169120,1.170120,1.169060,1.169880
2018/06/25 17:30:00,1.170000,1.170030,1.169580,1.169750,1.169880,1.169910,1.169460,1.169630
2018/06/25 18:00:00,1.169750,1.170770,1.169750,1.170520,1.169630,1.170650,1.169620,1.170400
2018/06/25 18:30:00,1.170520,1.171370,1.170130,1.170490,1.170400,1.171250,1.170000,1.170370
2018/06/25 19:00:00,1.170490,1.171110,1.170430,1.171030,1.170370,1.171000,1.170310,1.170900
2018/06/25 19:30:00,1.171030,1.171290,1.169930,1.170000,1.170900,1.171170,1.169810,1.169880
2018/06/25 20:00:00,1.170000,1.170560,1.169800,1.170420,1.169880,1.170430,1.169670,1.170290
2018/06/25 20:30:00,1.170420,1.170570,1.170140,1.170520,1.170290,1.170440,1.170010,1.170250
2018/06/25 21:00:00,1.170520,1.170970,1.170270,1.170530,1.170250,1.170380,1.169980,1.170350
2018/06/25 21:30:00,1.170530,1.170830,1.170060,1.170210,1.170350,1.170350,1.169810,1.169930
2018/06/25 22:00:00,1.170210,1.170580,1.170140,1.170270,1.169930,1.170450,1.169870,1.170140
2018/06/25 22:30:00,1.170270,1.170740,1.170260,1.170300,1.170140,1.170600,1.170130,1.170170
2018/06/25 23:00:00,1.170300,1.170660,1.170150,1.170440,1.170170,1.170520,1.170010,1.170300
2018/06/25 23:30:00,1.170440,1.170470,1.170030,1.170160,1.170300,1.170340,1.169920,1.170030
2018/06/26 00:00:00,1.170160,1.170550,1.169960,1.170450,1.170030,1.170420,1.169820,1.170320
2018/06/26 00:30:00,1.170450,1.171110,1.170240,1.170510,1.170320,1.170980,1.170110,1.170390
2018/06/26 01:00:00,1.170510,1.171260,1.170190,1.170660,1.170390,1.171130,1.170060,1.170530
2018/06/26 01:30:00,1.170660,1.171200,1.170320,1.170870,1.170530,1.171080,1.170200,1.170740
2018/06/26 02:00:00,1.170870,1.171760,1.170810,1.171680,1.170740,1.171650,1.170680,1.171540
2018/06/26 02:30:00,1.171680,1.171850,1.171520,1.171730,1.171540,1.171730,1.171390,1.171610
2018/06/26 03:00:00,1.171730,1.172120,1.171380,1.171520,1.171610,1.172000,1.171250,1.171400
2018/06/26 03:30:00,1.171520,1.171890,1.170990,1.171030,1.171400,1.171770,1.170860,1.170910
2018/06/26 04:00:00,1.171030,1.171570,1.171030,1.171490,1.170910,1.171460,1.170910,1.171360
2018/06/26 04:30:00,1.171490,1.171640,1.171380,1.171520,1.171360,1.171520,1.171250,1.171410
2018/06/26 05:00:00,1.171520,1.171810,1.171320,1.171590,1.171410,1.171680,1.171200,1.171470
2018/06/26 05:30:00,1.171590,1.171960,1.171020,1.171070,1.171470,1.171840,1.170900,1.170950
2018/06/26 06:00:00,1.171070,1.171180,1.169480,1.169610,1.170950,1.171040,1.169360,1.169490
2018/06/26 06:30:00,1.169610,1.170580,1.169180,1.169370,1.169490,1.170440,1.169060,1.169250
2018/06/26 07:00:00,1.169370,1.170280,1.168890,1.169890,1.169250,1.170150,1.168760,1.169770
2018/06/26 07:30:00,1.169890,1.170270,1.168560,1.168670,1.169770,1.170140,1.168430,1.168530
2018/06/26 08:00:00,1.168670,1.168910,1.167010,1.167570,1.168530,1.168790,1.166900,1.167460
2018/06/26 08:30:00,1.167570,1.168360,1.167080,1.167340,1.167460,1.168240,1.167010,1.167210
2018/06/26 09:00:00,1.167340,1.167760,1.166340,1.166520,1.167210,1.167640,1.166220,1.166400
2018/06/26 09:30:00,1.166520,1.166700,1.165160,1.166090,1.166400,1.166570,1.165050,1.165960
2018/06/26 10:00:00,1.166090,1.166880,1.165640,1.166690,1.165960,1.166770,1.165530,1.166560
2018/06/26 10:30:00,1.166690,1.167150,1.166320,1.167040,1.166560,1.167030,1.166190,1.166920
2018/06/26 11:00:00,1.167040,1.167680,1.166530,1.167490,1.166920,1.167560,1.166420,1.167360
2018/06/26 11:30:00,1.167490,1.167980,1.166490,1.167460,1.167360,1.167850,1.166370,1.167350
2018/06/26 12:00:00,1.167460,1.168190,1.166870,1.167750,1.167350,1.168080,1.166760,1.167620
2018/06/26 12:30:00,1.167750,1.168520,1.167040,1.167170,1.167620,1.168380,1.166920,1.167040
2018/06/26 13:00:00,1.167170,1.167510,1.166380,1.166850,1.167040,1.167390,1.166270,1.166730
2018/06/26 13:30:00,1.166850,1.167460,1.166070,1.166520,1.166730,1.167330,1.165960,1.166390
2018/06/26 14:00:00,1.166520,1.167190,1.165090,1.165440,1.166390,1.167080,1.164960,1.165310
2018/06/26 14:30:00,1.165440,1.166930,1.165050,1.166650,1.165310,1.166830,1.164950,1.166530
2018/06/26 15:00:00,1.166650,1.167720,1.166490,1.167030,1.166530,1.167610,1.166370,1.166910
2018/06/26 15:30:00,1.167030,1.167780,1.166490,1.167600,1.166910,1.167670,1.166380,1.167470
2018/06/26 16:00:00,1.167600,1.167700,1.166370,1.166810,1.167470,1.167570,1.166250,1.166680
2018/06/26 16:30:00,1.166810,1.166950,1.165610,1.165870,1.166680,1.166820,1.165500,1.165750
2018/06/26 17:00:00,1.165870,1.166170,1.163540,1.164360,1.165750,1.166050,1.163420,1.164240
2018/06/26 17:30:00,1.164360,1.165020,1.163940,1.164240,1.164240,1.164880,1.163830,1.164130
2018/06/26 18:00:00,1.164240,1.165090,1.164190,1.164810,1.164130,1.164970,1.164090,1.164690
2018/06/26 18:30:00,1.164810,1.165190,1.164370,1.165150,1.164690,1.165060,1.164280,1.165030
2018/06/26 19:00:00,1.165150,1.165480,1.164460,1.164630,1.165030,1.165370,1.164350,1.164500
2018/06/26 19:30:00,1.164630,1.164630,1.163660,1.164460,1.164500,1.164500,1.163530,1.164340
2018/06/26 20:00:00,1.164460,1.165200,1.164220,1.165070,1.164340,1.165090,1.164090,1.164940
2018/06/26 20:30:00,1.165070,1.165260,1.164640,1.164980,1.164940,1.165150,1.164520,1.164570
2018/06/26 21:00:00,1.164980,1.165110,1.164650,1.164820,1.164570,1.164760,1.164480,1.164620
2018/06/26 21:30:00,1.164820,1.165040,1.164780,1.164820,1.164620,1.164810,1.164550,1.164560
2018/06/26 22:00:00,1.164820,1.165240,1.164730,1.164830,1.164560,1.165100,1.164500,1.164690
2018/06/26 22:30:00,1.164830,1.165170,1.164810,1.165070,1.164690,1.165040,1.164670,1.164930
2018/06/26 23:00:00,1.165070,1.165290,1.164890,1.165220,1.164930,1.165160,1.164760,1.165090
2018/06/26 23:30:00,1.165220,1.165230,1.164980,1.165020,1.165090,1.165110,1.164860,1.164880
2018/06/27 00:00:00,1.165020,1.165130,1.164460,1.165070,1.164880,1.165010,1.164320,1.164940
2018/06/27 00:30:00,1.165070,1.165530,1.164980,1.165520,1.164940,1.165420,1.164860,1.165390
2018/06/27 01:00:00,1.165520,1.166040,1.165230,1.166040,1.165390,1.165910,1.165100,1.165910
2018/06/27 01:30:00,1.166040,1.166070,1.165010,1.165370,1.165910,1.165940,1.164890,1.165250
2018/06/27 02:00:00,1.165370,1.165880,1.165070,1.165730,1.165250,1.165750,1.164950,1.165610
2018/06/27 02:30:00,1.165730,1.165780,1.165200,1.165370,1.165610,1.165670,1.165080,1.165250
2018/06/27 03:00:00,1.165370,1.166490,1.165020,1.166010,1.165250,1.166350,1.164900,1.165890
2018/06/27 03:30:00,1.166010,1.166330,1.165720,1.166010,1.165890,1.166200,1.165590,1.165880
2018/06/27 04:00:00,1.166010,1.166120,1.165560,1.165570,1.165880,1.165990,1.165440,1.165450
2018/06/27 04:30:00,1.165570,1.165770,1.165250,1.165520,1.165450,1.165660,1.165140,1.165390
2018/06/27 05:00:00,1.165520,1.165780,1.164010,1.164820,1.165390,1.165650,1.163890,1.164690
2018/06/27 05:30:00,1.164820,1.165480,1.164270,1.165360,1.164690,1.165370,1.164150,1.165240
2018/06/27 06:00:00,1.165360,1.166560,1.164990,1.166070,1.165240,1.166430,1.164870,1.165940
2018/06/27 06:30:00,1.166070,1.166740,1.165400,1.166680,1.165940,1.166630,1.165270,1.166560
2018/06/27 07:00:00,1.166680,1.167290,1.165730,1.166840,1.166560,1.167160,1.165600,1.166720
2018/06/27 07:30:00,1.166840,1.167040,1.165370,1.165510,1.166720,1.166920,1.165240,1.165370
2018/06/27 08:00:00,1.165510,1.165780,1.163730,1.164120,1.165370,1.165660,1.163590,1.164010
2018/06/27 08:30:00,1.164120,1.164340,1.162440,1.162840,1.164010,1.164210,1.162330,1.162720
2018/06/27 09:00:00,1.162840,1.164060,1.162210,1.163910,1.162720,1.163940,1.162090,1.163790
2018/06/27 09:30:00,1.163910,1.164190,1.163400,1.164100,1.163790,1.164070,1.163270,1.163970
2018/06/27 10:00:00,1.164100,1.164410,1.163830,1.164340,1.163970,1.164300,1.163710,1.164220
2018/06/27 10:30:00,1.164340,1.164340,1.163440,1.163470,1.164220,1.164220,1.163320,1.163350
2018/06/27 11:00:00,1.163470,1.164060,1.161660,1.161930,1.163350,1.163930,1.161550,1.161810
2018/06/27 11:30:00,1.161930,1.163900,1.160830,1.162930,1.161810,1.163800,1.160710,1.162800
2018/06/27 12:00:00,1.162930,1.163120,1.161290,1.161810,1.162800,1.162990,1.161170,1.161670
2018/06/27 12:30:00,1.161810,1.162100,1.159460,1.159750,1.161670,1.161790,1.159340,1.159620
2018/06/27 13:00:00,1.159750,1.161060,1.159720,1.161020,1.159620,1.160950,1.159600,1.160900
2018/06/27 13:30:00,1.161020,1.161360,1.160050,1.160810,1.160900,1.161240,1.159940,1.160680
2018/06/27 14:00:00,1.160810,1.161210,1.160200,1.160290,1.160680,1.161090,1.160080,1.160160
2018/06/27 14:30:00,1.160290,1.161160,1.159390,1.159460,1.160160,1.161040,1.159280,1.159330
2018/06/27 15:00:00,1.159460,1.159800,1.158670,1.159380,1.159330,1.159670,1.158550,1.159250
2018/06/27 15:30:00,1.159380,1.159630,1.158230,1.158800,1.159250,1.159510,1.158100,1.158700
2018/06/27 16:00:00,1.158800,1.159200,1.158120,1.158380,1.158700,1.159080,1.158000,1.158250
2018/06/27 16:30:00,1.158380,1.158600,1.157560,1.158330,1.158250,1.158480,1.157450,1.158220
2018/06/27 17:00:00,1.158330,1.158980,1.158010,1.158630,1.158220,1.158890,1.157890,1.158510
2018/06/27 17:30:00,1.158630,1.158790,1.156480,1.156800,1.158510,1.158680,1.156380,1.156670
2018/06/27 18:00:00,1.156800,1.156920,1.156260,1.156370,1.156670,1.156790,1.156140,1.156250
2018/06/27 18:30:00,1.156370,1.156500,1.155320,1.155770,1.156250,1.156380,1.155200,1.155650
2018/06/27 19:00:00,1.155770,1.155880,1.154110,1.154970,1.155650,1.155760,1.153990,1.154850
2018/06/27 19:30:00,1.154970,1.155460,1.154450,1.155380,1.154850,1.155350,1.154340,1.155260
2018/06/27 20:00:00,1.155380,1.156010,1.155260,1.156000,1.155260,1.155880,1.155150,1.155880
2018/06/27 20:30:00,1.156000,1.156160,1.155420,1.155630,1.155880,1.156050,1.155200,1.155240
2018/06/27 21:00:00,1.155630,1.156440,1.155240,1.156090,1.155240,1.156160,1.155030,1.155860
2018/06/27 21:30:00,1.156090,1.156400,1.155770,1.155960,1.155860,1.156040,1.155470,1.155790
2018/06/27 22:00:00,1.155960,1.156250,1.155840,1.156030,1.155790,1.156040,1.155690,1.155890
2018/06/27 22:30:00,1.156030,1.156340,1.155930,1.156050,1.155890,1.156200,1.155790,1.155910
2018/06/27 23:00:00,1.156050,1.156080,1.155610,1.155840,1.155910,1.155950,1.155480,1.155700
2018/06/27 23:30:00,1.155840,1.156440,1.155830,1.156360,1.155700,1.156320,1.155700,1.156230
2018/06/28 00:00:00,1.156360,1.156370,1.155460,1.156190,1.156230,1.156240,1.155320,1.156070
2018/06/28 00:30:00,1.156190,1.156590,1.156120,1.156580,1.156070,1.156470,1.155990,1.156450
2018/06/28 01:00:00,1.156580,1.156780,1.156220,1.156610,1.156450,1.156650,1.156100,1.156490
2018/06/28 01:30:00,1.156610,1.156750,1.156030,1.156660,1.156490,1.156630,1.155910,1.156530
2018/06/28 02:00:00,1.156660,1.157030,1.156470,1.156730,1.156530,1.156910,1.156340,1.156610
2018/06/28 02:30:00,1.156730,1.157210,1.156630,1.157150,1.156610,1.157080,1.156510,1.157030
2018/06/28 03:00:00,1.157150,1.157370,1.156870,1.156990,1.157030,1.157240,1.156750,1.156870
2018/06/28 03:30:00,1.156990,1.157060,1.156600,1.156860,1.156870,1.156930,1.156470,1.156740
2018/06/28 04:00:00,1.156860,1.156960,1.156560,1.156600,1.156740,1.156850,1.156450,1.156470
2018/06/28 04:30:00,1.156600,1.156700,1.156260,1.156300,1.156470,1.156580,1.156140,1.156180
2018/06/28 05:00:00,1.156300,1.156440,1.155730,1.155770,1.156180,1.156320,1.155610,1.155640
2018/06/28 05:30:00,1.155770,1.155770,1.154810,1.155670,1.155640,1.155660,1.154690,1.155530
2018/06/28 06:00:00,1.155670,1.155980,1.154700,1.154870,1.155530,1.155850,1.154580,1.154740
2018/06/28 06:30:00,1.154870,1.154950,1.152780,1.154140,1.154740,1.154830,1.152660,1.154010
2018/06/28 07:00:00,1.154140,1.155590,1.152820,1.155580,1.154010,1.155470,1.152700,1.155470
2018/06/28 07:30:00,1.155580,1.157040,1.154970,1.156080,1.155470,1.156930,1.154860,1.155950
2018/06/28 08:00:00,1.156080,1.156620,1.154220,1.154420,1.155950,1.156480,1.154110,1.154300
2018/06/28 08:30:00,1.154420,1.155950,1.153610,1.155570,1.154300,1.155850,1.153480,1.155440
2018/06/28 09:00:00,1.155570,1.156590,1.155470,1.156290,1.155440,1.156470,1.155350,1.156170
2018/06/28 09:30:00,1.156290,1.158060,1.155370,1.157670,1.156170,1.157950,1.155240,1.157550
2018/06/28 10:00:00,1.157670,1.157890,1.156670,1.157870,1.157550,1.157760,1.156540,1.157750
2018/06/28 10:30:00,1.157870,1.159840,1.157710,1.159310,1.157750,1.159720,1.157570,1.159200
2018/06/28 11:00:00,1.159310,1.159350,1.158330,1.158450,1.159200,1.159220,1.158200,1.158320
2018/06/28 11:30:00,1.158450,1.159000,1.157720,1.158650,1.158320,1.158880,1.157600,1.158530
2018/06/28 12:00:00,1.158650,1.158930,1.157580,1.158300,1.158530,1.158810,1.157470,1.158060
2018/06/28 12:30:00,1.158300,1.160140,1.156470,1.156520,1.158060,1.160020,1.156340,1.156400
2018/06/28 13:00:00,1.156520,1.157200,1.155130,1.156490,1.156400,1.157090,1.155000,1.156360
2018/06/28 13:30:00,1.156490,1.158050,1.155940,1.157200,1.156360,1.157930,1.155840,1.157070
2018/06/28 14:00:00,1.157200,1.159170,1.157140,1.158920,1.157070,1.159060,1.157010,1.158800
2018/06/28 14:30:00,1.158920,1.159620,1.157640,1.158110,1.158800,1.159490,1.157510,1.158000
2018/06/28 15:00:00,1.158110,1.159140,1.157420,1.158980,1.158000,1.159020,1.157300,1.158860
2018/06/28 15:30:00,1.158980,1.159180,1.156770,1.158240,1.158860,1.159060,1.156660,1.158140
2018/06/28 16:00:00,1.158240,1.158540,1.157670,1.158200,1.158140,1.158420,1.157540,1.158070
2018/06/28 16:30:00,1.158200,1.158570,1.157630,1.158400,1.158070,1.158450,1.157510,1.158280
2018/06/28 17:00:00,1.158400,1.158700,1.157730,1.158490,1.158280,1.158580,1.157610,1.158370
2018/06/28 17:30:00,1.158490,1.158560,1.157530,1.158390,1.158370,1.158430,1.157400,1.158260
2018/06/28 18:00:00,1.158390,1.158600,1.155980,1.156160,1.158260,1.158480,1.155870,1.156030
2018/06/28 18:30:00,1.156160,1.156480,1.155150,1.155510,1.156030,1.156350,1.155040,1.155390
2018/06/28 19:00:00,1.155510,1.156040,1.155470,1.155860,1.155390,1.155920,1.155340,1.155740
2018/06/28 19:30:00,1.155860,1.156740,1.155710,1.156490,1.155740,1.156620,1.155580,1.156360
2018/06/28 20:00:00,1.156490,1.156810,1.156330,1.156490,1.156360,1.156680,1.156200,1.156360
2018/06/28 20:30:00,1.156490,1.157040,1.156050,1.156940,1.156360,1.156890,1.155930,1.156670
2018/06/28 21:00:00,1.156940,1.157360,1.156450,1.156650,1.156670,1.157040,1.156130,1.156430
2018/06/28 21:30:00,1.156650,1.156890,1.156050,1.156320,1.156430,1.156710,1.155930,1.156050
2018/06/28 22:00:00,1.156320,1.156680,1.155910,1.156230,1.156050,1.156320,1.155740,1.156070
2018/06/28 22:30:00,1.156230,1.156540,1.156010,1.156500,1.156070,1.156380,1.155860,1.156340
2018/06/28 23:00:00,1.156500,1.157170,1.156260,1.156610,1.156340,1.157050,1.156120,1.156470
2018/06/28 23:30:00,1.156610,1.156740,1.156250,1.156410,1.156470,1.156610,1.156120,1.156280
2018/06/29 00:00:00,1.156410,1.157410,1.156380,1.157310,1.156280,1.157290,1.156260,1.157180
2018/06/29 00:30:00,1.157310,1.157670,1.156940,1.157020,1.157180,1.157540,1.156820,1.156900
2018/06/29 01:00:00,1.157020,1.157310,1.156520,1.156740,1.156900,1.157180,1.156400,1.156620
2018/06/29 01:30:00,1.156740,1.157360,1.156690,1.156780,1.156620,1.157230,1.156570,1.156670
2018/06/29 02:00:00,1.156780,1.157340,1.156730,1.157120,1.156670,1.157220,1.156620,1.157000
2018/06/29 02:30:00,1.157120,1.164590,1.157060,1.164130,1.157000,1.164460,1.156940,1.163990
2018/06/29 03:00:00,1.164130,1.165060,1.163130,1.163530,1.163990,1.164930,1.163010,1.163410
2018/06/29 03:30:00,1.163530,1.163750,1.162570,1.163630,1.163410,1.163610,1.162440,1.163500
2018/06/29 04:00:00,1.163630,1.166700,1.163530,1.165910,1.163500,1.166570,1.163400,1.165780
2018/06/29 04:30:00,1.165910,1.166020,1.165230,1.165540,1.165780,1.165890,1.165100,1.165410
2018/06/29 05:00:00,1.165540,1.165760,1.164670,1.165090,1.165410,1.165630,1.164550,1.164970
2018/06/29 05:30:00,1.165090,1.165700,1.164610,1.165060,1.164970,1.165560,1.164480,1.164900
2018/06/29 06:00:00,1.165060,1.165060,1.163520,1.163810,1.164900,1.164910,1.163410,1.163690
2018/06/29 06:30:00,1.163810,1.164770,1.163210,1.163390,1.163690,1.164650,1.163100,1.163260
2018/06/29 07:00:00,1.163390,1.164800,1.162220,1.163170,1.163260,1.164670,1.162100,1.163050
2018/06/29 07:30:00,1.163170,1.163990,1.162050,1.162360,1.163050,1.163870,1.161930,1.162230
2018/06/29 08:00:00,1.162360,1.163040,1.161350,1.162940,1.162230,1.162910,1.161230,1.162810
2018/06/29 08:30:00,1.162940,1.165430,1.162580,1.165050,1.162810,1.165310,1.162450,1.164850
2018/06/29 09:00:00,1.165050,1.166380,1.164540,1.164580,1.164850,1.166260,1.164410,1.164460
2018/06/29 09:30:00,1.164580,1.165550,1.163970,1.165110,1.164460,1.165440,1.163860,1.164990
2018/06/29 10:00:00,1.165110,1.166140,1.164640,1.164790,1.164990,1.166020,1.164520,1.164670
2018/06/29 10:30:00,1.164790,1.164910,1.163550,1.164060,1.164670,1.164790,1.163440,1.163940
2018/06/29 11:00:00,1.164060,1.165850,1.163970,1.165290,1.163940,1.165730,1.163850,1.165170
2018/06/29 11:30:00,1.165290,1.166030,1.164980,1.165030,1.165170,1.165910,1.164860,1.164900
2018/06/29 12:00:00,1.165030,1.166180,1.164720,1.165120,1.164900,1.166050,1.164580,1.164930
2018/06/29 12:30:00,1.165120,1.166540,1.163570,1.164490,1.164930,1.166420,1.163460,1.164360
2018/06/29 13:00:00,1.164490,1.165390,1.163660,1.164280,1.164360,1.165270,1.163550,1.164150
2018/06/29 13:30:00,1.164280,1.164660,1.162870,1.164380,1.164150,1.164550,1.162730,1.164240
2018/06/29 14:00:00,1.164380,1.165770,1.163370,1.165260,1.164240,1.165670,1.163250,1.165140
2018/06/29 14:30:00,1.165260,1.167970,1.165210,1.167680,1.165140,1.167860,1.165080,1.167560
2018/06/29 15:00:00,1.167680,1.167760,1.166560,1.166720,1.167560,1.167640,1.166450,1.166620
2018/06/29 15:30:00,1.166720,1.168400,1.166620,1.167740,1.166620,1.168260,1.166520,1.167620
2018/06/29 16:00:00,1.167740,1.168250,1.167370,1.167670,1.167620,1.168140,1.167250,1.167550
2018/06/29 16:30:00,1.167670,1.168240,1.167420,1.167760,1.167550,1.168110,1.167300,1.167630
2018/06/29 17:00:00,1.167760,1.168320,1.167160,1.167570,1.167630,1.168200,1.167030,1.167450
2018/06/29 17:30:00,1.167570,1.168020,1.167220,1.167870,1.167450,1.167900,1.167100,1.167750
2018/06/29 18:00:00,1.167870,1.168220,1.167290,1.167450,1.167750,1.168100,1.167160,1.167340
2018/06/29 18:30:00,1.167450,1.167750,1.166740,1.166910,1.167340,1.167640,1.166620,1.166780
2018/06/29 19:00:00,1.166910,1.166970,1.166450,1.166940,1.166780,1.166850,1.166320,1.166810
2018/06/29 19:30:00,1.166940,1.167990,1.166710,1.167800,1.166810,1.167860,1.166600,1.167680
2018/06/29 20:00:00,1.167800,1.169120,1.167650,1.168980,1.167680,1.168980,1.167520,1.168840
2018/06/29 20:30:00,1.168980,1.169030,1.168240,1.168660,1.168840,1.168890,1.167980,1.168100
