StartDate,AskOpen,AskHigh,AskLow,AskClose,BidOpen,BidHigh,BidLow,BidClose
2018/02/01 00:00:00,1.241750,1.242940,1.241730,1.242160,1.241630,1.242820,1.241610,1.242050
2018/02/01 00:30:00,1.242160,1.242810,1.241810,1.242140,1.242050,1.242710,1.241690,1.242000
2018/02/01 01:00:00,1.242140,1.242140,1.240620,1.241080,1.242000,1.242000,1.240500,1.240970
2018/02/01 01:30:00,1.241080,1.242680,1.241020,1.241920,1.240970,1.242580,1.240910,1.241800
2018/02/01 02:00:00,1.241920,1.242830,1.241850,1.242300,1.241800,1.242710,1.241730,1.242160
2018/02/01 02:30:00,1.242300,1.242350,1.241580,1.241840,1.242160,1.242230,1.241460,1.241720
2018/02/01 03:00:00,1.241840,1.242420,1.241490,1.242300,1.241720,1.242300,1.241370,1.242170
2018/02/01 03:30:00,1.242300,1.242680,1.242050,1.242550,1.242170,1.242570,1.241930,1.242430
2018/02/01 04:00:00,1.242550,1.242890,1.242190,1.242640,1.242430,1.242770,1.242070,1.242530
2018/02/01 04:30:00,1.242640,1.242690,1.241740,1.242240,1.242530,1.242570,1.241620,1.242110
2018/02/01 05:00:00,1.242240,1.242860,1.242040,1.242540,1.242110,1.242740,1.241940,1.242410
2018/02/01 05:30:00,1.242540,1.242700,1.241920,1.242150,1.242410,1.242580,1.241830,1.242040
2018/02/01 06:00:00,1.242150,1.242290,1.240870,1.241190,1.242040,1.242160,1.240740,1.241070
2018/02/01 06:30:00,1.241190,1.241380,1.239400,1.239480,1.241070,1.241250,1.239270,1.239360
2018/02/01 07:00:00,1.239480,1.239750,1.238570,1.239300,1.239360,1.239640,1.238470,1.239180
2018/02/01 07:30:00,1.239300,1.240490,1.239270,1.240340,1.239180,1.240370,1.239170,1.240210
2018/02/01 08:00:00,1.240340,1.243500,1.240230,1.242770,1.240210,1.243380,1.240110,1.242650
2018/02/01 08:30:00,1.242770,1.243960,1.242620,1.242900,1.242650,1.243860,1.242510,1.242770
2018/02/01 09:00:00,1.242900,1.245040,1.242830,1.244760,1.242770,1.244930,1.242710,1.244640
2018/02/01 09:30:00,1.244760,1.244920,1.243820,1.244680,1.244640,1.244800,1.243700,1.244560
2018/02/01 10:00:00,1.244680,1.245160,1.243890,1.244080,1.244560,1.245040,1.243770,1.243960
2018/02/01 10:30:00,1.244080,1.244690,1.242950,1.243060,1.243960,1.244560,1.242830,1.242940
2018/02/01 11:00:00,1.243060,1.243690,1.242770,1.243620,1.242940,1.243560,1.242660,1.243500
2018/02/01 11:30:00,1.243620,1.243880,1.242510,1.243830,1.243500,1.243760,1.242410,1.243720
2018/02/01 12:00:00,1.243830,1.244890,1.243280,1.244360,1.243720,1.244780,1.243160,1.244230
2018/02/01 12:30:00,1.244360,1.246040,1.244090,1.245470,1.244230,1.245930,1.243970,1.245340
2018/02/01 13:00:00,1.245470,1.246290,1.244930,1.245350,1.245340,1.246170,1.244850,1.245210
2018/02/01 13:30:00,1.245350,1.246070,1.244500,1.244980,1.245210,1.245970,1.244380,1.244860
2018/02/01 14:00:00,1.244980,1.245310,1.244120,1.244410,1.244860,1.245190,1.244010,1.244280
2018/02/01 14:30:00,1.244410,1.245430,1.243760,1.244270,1.244280,1.245310,1.243640,1.244140
2018/02/01 15:00:00,1.244270,1.245360,1.243220,1.244940,1.244140,1.245240,1.243100,1.244820
2018/02/01 15:30:00,1.244940,1.247490,1.244930,1.246990,1.244820,1.247390,1.244810,1.246860
2018/02/01 16:00:00,1.246990,1.248560,1.246260,1.247220,1.246860,1.248460,1.246150,1.247100
2018/02/01 16:30:00,1.247220,1.248930,1.247130,1.248180,1.247100,1.248810,1.247000,1.248050
2018/02/01 17:00:00,1.248180,1.249890,1.248130,1.249370,1.248050,1.249770,1.248010,1.249260
2018/02/01 17:30:00,1.249370,1.249460,1.247510,1.247890,1.249260,1.249350,1.247440,1.247770
2018/02/01 18:00:00,1.247890,1.248790,1.247810,1.248030,1.247770,1.248680,1.247690,1.247910
2018/02/01 18:30:00,1.248030,1.249580,1.247820,1.249430,1.247910,1.249470,1.247700,1.249310
2018/02/01 19:00:00,1.249430,1.250530,1.248430,1.250380,1.249310,1.250410,1.248300,1.250260
2018/02/01 19:30:00,1.250380,1.250700,1.249760,1.250330,1.250260,1.250590,1.249640,1.250210
2018/02/01 20:00:00,1.250330,1.252340,1.250190,1.251240,1.250210,1.252240,1.250070,1.251110
2018/02/01 20:30:00,1.251240,1.252190,1.250950,1.251530,1.251110,1.252060,1.250830,1.251420
2018/02/01 21:00:00,1.251530,1.251900,1.250840,1.250840,1.251420,1.251770,1.250730,1.250730
2018/02/01 21:30:00,1.250840,1.251550,1.250540,1.251310,1.250730,1.251410,1.250410,1.250760
2018/02/01 22:00:00,1.251310,1.251650,1.250660,1.250820,1.250760,1.251320,1.250430,1.250550
2018/02/01 22:30:00,1.250820,1.251040,1.250310,1.250620,1.250550,1.250820,1.250180,1.250360
2018/02/01 23:00:00,1.250620,1.250980,1.250600,1.250780,1.250360,1.250860,1.250360,1.250650
2018/02/01 23:30:00,1.250780,1.251620,1.250730,1.251140,1.250650,1.251490,1.250630,1.251000
2018/02/02 00:00:00,1.251140,1.251300,1.249830,1.250080,1.251000,1.251180,1.249700,1.249960
2018/02/02 00:30:00,1.250080,1.251080,1.250080,1.250780,1.249960,1.250950,1.249960,1.250650
2018/02/02 01:00:00,1.250780,1.251460,1.249640,1.251430,1.250650,1.251350,1.249510,1.251300
2018/02/02 01:30:00,1.251430,1.251570,1.249260,1.249970,1.251300,1.251450,1.249140,1.249860
2018/02/02 02:00:00,1.249970,1.250280,1.249390,1.250080,1.249860,1.250160,1.249260,1.249940
2018/02/02 02:30:00,1.250080,1.250470,1.248930,1.249490,1.249940,1.250360,1.248820,1.249370
2018/02/02 03:00:00,1.249490,1.250030,1.249320,1.249560,1.249370,1.249910,1.249200,1.249450
2018/02/02 03:30:00,1.249560,1.250110,1.249350,1.250070,1.249450,1.249990,1.249230,1.249950
2018/02/02 04:00:00,1.250070,1.250130,1.249450,1.249740,1.249950,1.250000,1.249310,1.249610
2018/02/02 04:30:00,1.249740,1.250090,1.249270,1.249360,1.249610,1.249970,1.249150,1.249250
2018/02/02 05:00:00,1.249360,1.249880,1.249130,1.249570,1.249250,1.249760,1.249020,1.249440
2018/02/02 05:30:00,1.249570,1.249790,1.249150,1.249640,1.249440,1.249670,1.249020,1.249510
2018/02/02 06:00:00,1.249640,1.249870,1.248730,1.249770,1.249510,1.249770,1.248620,1.249670
2018/02/02 06:30:00,1.249770,1.249790,1.248730,1.249570,1.249670,1.249690,1.248620,1.249450
2018/02/02 07:00:00,1.249570,1.251390,1.249460,1.250570,1.249450,1.251270,1.249350,1.250450
2018/02/02 07:30:00,1.250570,1.251480,1.250040,1.251030,1.250450,1.251380,1.249930,1.250920
2018/02/02 08:00:00,1.251030,1.251870,1.250480,1.251340,1.250920,1.251760,1.250360,1.251210
2018/02/02 08:30:00,1.251340,1.251700,1.248590,1.249420,1.251210,1.251570,1.248480,1.249310
2018/02/02 09:00:00,1.249420,1.249560,1.248580,1.248890,1.249310,1.249470,1.248470,1.248770
2018/02/02 09:30:00,1.248890,1.248910,1.248090,1.248740,1.248770,1.248800,1.247980,1.248620
2018/02/02 10:00:00,1.248740,1.248950,1.247620,1.248420,1.248620,1.248830,1.247500,1.248300
2018/02/02 10:30:00,1.248420,1.249190,1.248070,1.249030,1.248300,1.249060,1.247940,1.248920
2018/02/02 11:00:00,1.249030,1.249960,1.248620,1.249650,1.248920,1.249850,1.248500,1.249530
2018/02/02 11:30:00,1.249650,1.249840,1.248600,1.249110,1.249530,1.249740,1.248480,1.248990
2018/02/02 12:00:00,1.249110,1.249290,1.248590,1.248810,1.248990,1.249170,1.248480,1.248700
2018/02/02 12:30:00,1.248810,1.249400,1.248590,1.249100,1.248700,1.249280,1.248470,1.248970
2018/02/02 13:00:00,1.249100,1.249950,1.248830,1.249620,1.248970,1.249620,1.248720,1.249080
2018/02/02 13:30:00,1.249620,1.249670,1.243870,1.244550,1.249080,1.249080,1.243750,1.244450
2018/02/02 14:00:00,1.244550,1.246080,1.243650,1.245910,1.244450,1.245950,1.243540,1.245800
2018/02/02 14:30:00,1.245910,1.246070,1.242780,1.242880,1.245800,1.245960,1.242680,1.242750
2018/02/02 15:00:00,1.242880,1.243240,1.241250,1.242440,1.242750,1.243110,1.241150,1.242320
2018/02/02 15:30:00,1.242440,1.243840,1.240950,1.243620,1.242320,1.243740,1.240860,1.243500
2018/02/02 16:00:00,1.243620,1.244890,1.243620,1.244070,1.243500,1.244760,1.243500,1.243950
2018/02/02 16:30:00,1.244070,1.245530,1.244050,1.244570,1.243950,1.245400,1.243940,1.244450
2018/02/02 17:00:00,1.244570,1.247360,1.244570,1.246860,1.244450,1.247250,1.244450,1.246730
2018/02/02 17:30:00,1.246860,1.247840,1.246030,1.246990,1.246730,1.247750,1.245910,1.246870
2018/02/02 18:00:00,1.246990,1.249080,1.246800,1.248110,1.246870,1.248970,1.246670,1.248000
2018/02/02 18:30:00,1.248110,1.249130,1.246880,1.247010,1.248000,1.249010,1.246760,1.246880
2018/02/02 19:00:00,1.247010,1.247250,1.245130,1.245400,1.246880,1.247120,1.245010,1.245270
2018/02/02 19:30:00,1.245400,1.246880,1.244910,1.245150,1.245270,1.246770,1.244790,1.245030
2018/02/02 20:00:00,1.245150,1.246340,1.244970,1.246300,1.245030,1.246230,1.244870,1.246180
2018/02/02 20:30:00,1.246300,1.246520,1.245130,1.246220,1.246180,1.246420,1.245020,1.246100
2018/02/02 21:00:00,1.246220,1.246320,1.245580,1.245870,1.246100,1.246210,1.245460,1.245730
2018/02/02 21:30:00,1.245870,1.246130,1.245290,1.245980,1.245730,1.245820,1.245120,1.245470
2018/02/04 19:30:00,1.245980,1.245980,1.244080,1.244110,1.245470,1.245470,1.243580,1.243600
2018/02/04 20:00:00,1.244110,1.244110,1.244060,1.244080,1.243600,1.243620,1.243600,1.243600
2018/02/04 20:30:00,1.244080,1.244110,1.243470,1.243590,1.243600,1.243600,1.243180,1.243180
2018/02/04 21:00:00,1.243590,1.243670,1.242880,1.243090,1.243180,1.243230,1.242530,1.242840
2018/02/04 21:30:00,1.243090,1.243700,1.242770,1.243660,1.242840,1.243470,1.242530,1.243450
2018/02/04 22:00:00,1.243660,1.244610,1.243070,1.243360,1.243450,1.244410,1.242830,1.243100
2018/02/04 22:30:00,1.243360,1.243730,1.243060,1.243290,1.243100,1.243370,1.242750,1.243020
2018/02/04 23:00:00,1.243290,1.244200,1.242520,1.244140,1.243020,1.244050,1.242370,1.244000
2018/02/04 23:30:00,1.244140,1.245560,1.244140,1.244700,1.244000,1.245430,1.244000,1.244570
2018/02/05 00:00:00,1.244700,1.245590,1.244080,1.245270,1.244570,1.245460,1.243950,1.245140
2018/02/05 00:30:00,1.245270,1.245890,1.244900,1.245850,1.245140,1.245780,1.244830,1.245760
2018/02/05 01:00:00,1.245850,1.245860,1.244500,1.244920,1.245760,1.245760,1.244370,1.244790
2018/02/05 01:30:00,1.244920,1.245910,1.244900,1.245490,1.244790,1.245790,1.244770,1.245390
2018/02/05 02:00:00,1.245490,1.245530,1.244460,1.245320,1.245390,1.245440,1.244320,1.245190
2018/02/05 02:30:00,1.245320,1.246320,1.245190,1.246180,1.245190,1.246200,1.245070,1.246040
2018/02/05 03:00:00,1.246180,1.246720,1.245900,1.246370,1.246040,1.246590,1.245790,1.246250
2018/02/05 03:30:00,1.246370,1.246430,1.245460,1.245540,1.246250,1.246310,1.245340,1.245430
2018/02/05 04:00:00,1.245540,1.246170,1.245400,1.245960,1.245430,1.246050,1.245280,1.245830
2018/02/05 04:30:00,1.245960,1.246180,1.245560,1.245980,1.245830,1.246040,1.245460,1.245850
2018/02/05 05:00:00,1.245980,1.246190,1.245370,1.245810,1.245850,1.246070,1.245240,1.245680
2018/02/05 05:30:00,1.245810,1.246470,1.245770,1.246120,1.245680,1.246330,1.245650,1.245980
2018/02/05 06:00:00,1.246120,1.246320,1.245230,1.245340,1.245980,1.246200,1.245100,1.245220
2018/02/05 06:30:00,1.245340,1.245810,1.244750,1.245350,1.245220,1.245690,1.244640,1.245230
2018/02/05 07:00:00,1.245350,1.246320,1.244590,1.245260,1.245230,1.246210,1.244470,1.245130
2018/02/05 07:30:00,1.245260,1.245360,1.243990,1.244030,1.245130,1.245250,1.243860,1.243920
2018/02/05 08:00:00,1.244030,1.245610,1.243980,1.245330,1.243920,1.245490,1.243860,1.245210
2018/02/05 08:30:00,1.245330,1.246860,1.245080,1.246310,1.245210,1.246760,1.244960,1.246170
2018/02/05 09:00:00,1.246310,1.247540,1.245690,1.247040,1.246170,1.247440,1.245570,1.246910
2018/02/05 09:30:00,1.247040,1.247460,1.245570,1.246150,1.246910,1.247340,1.245470,1.246010
2018/02/05 10:00:00,1.246150,1.247250,1.245910,1.246780,1.246010,1.247150,1.245790,1.246650
2018/02/05 10:30:00,1.246780,1.247250,1.246280,1.246280,1.246650,1.247140,1.246160,1.246170
2018/02/05 11:00:00,1.246280,1.246280,1.245520,1.245870,1.246170,1.246180,1.245400,1.245740
2018/02/05 11:30:00,1.245870,1.246380,1.244700,1.244830,1.245740,1.246260,1.244590,1.244720
2018/02/05 12:00:00,1.244830,1.245090,1.244010,1.244590,1.244720,1.244990,1.243880,1.244460
2018/02/05 12:30:00,1.244590,1.245020,1.244020,1.244120,1.244460,1.244910,1.243890,1.244010
2018/02/05 13:00:00,1.244120,1.244870,1.243660,1.244550,1.244010,1.244740,1.243550,1.244430
2018/02/05 13:30:00,1.244550,1.244940,1.243740,1.243810,1.244430,1.244830,1.243620,1.243700
2018/02/05 14:00:00,1.243810,1.243850,1.240810,1.241920,1.243700,1.243740,1.240710,1.241790
2018/02/05 14:30:00,1.241920,1.241930,1.240020,1.240850,1.241790,1.241800,1.239910,1.240670
2018/02/05 15:00:00,1.240850,1.242490,1.239940,1.242490,1.240670,1.242370,1.239860,1.242370
2018/02/05 15:30:00,1.242490,1.243020,1.241820,1.242070,1.242370,1.242910,1.241700,1.241940
2018/02/05 16:00:00,1.242070,1.242840,1.240720,1.241580,1.241940,1.242750,1.240610,1.241460
2018/02/05 16:30:00,1.241580,1.241900,1.240450,1.241710,1.241460,1.241810,1.240330,1.241580
2018/02/05 17:00:00,1.241710,1.242270,1.240650,1.241780,1.241580,1.242160,1.240520,1.241650
2018/02/05 17:30:00,1.241780,1.243080,1.241690,1.242930,1.241650,1.242990,1.241580,1.242810
2018/02/05 18:00:00,1.242930,1.242940,1.241200,1.241730,1.242810,1.242820,1.241090,1.241600
2018/02/05 18:30:00,1.241730,1.242590,1.241600,1.242170,1.241600,1.242500,1.241480,1.242040
2018/02/05 19:00:00,1.242170,1.242210,1.240900,1.241260,1.242040,1.242100,1.240810,1.241150
2018/02/05 19:30:00,1.241260,1.241300,1.239460,1.239930,1.241150,1.241180,1.239340,1.239800
2018/02/05 20:00:00,1.239930,1.242260,1.239320,1.241020,1.239800,1.242130,1.239230,1.240880
2018/02/05 20:30:00,1.241020,1.241800,1.238850,1.238880,1.240880,1.241670,1.238730,1.238740
2018/02/05 21:00:00,1.238880,1.239560,1.238370,1.239310,1.238740,1.239470,1.238260,1.239170
2018/02/05 21:30:00,1.239310,1.239540,1.236330,1.236830,1.239170,1.239430,1.236190,1.236620
2018/02/05 22:00:00,1.236830,1.238100,1.236790,1.238000,1.236620,1.237870,1.236520,1.237780
2018/02/05 22:30:00,1.238000,1.238860,1.237630,1.237630,1.237780,1.238510,1.237390,1.237420
2018/02/05 23:00:00,1.237630,1.238440,1.237360,1.238200,1.237420,1.238300,1.237200,1.238060
2018/02/05 23:30:00,1.238200,1.238200,1.236590,1.236780,1.238060,1.238060,1.236460,1.236640
2018/02/06 00:00:00,1.236780,1.238320,1.236450,1.238030,1.236640,1.238200,1.236340,1.237900
2018/02/06 00:30:00,1.238030,1.238710,1.237630,1.238370,1.237900,1.238640,1.237510,1.238270
2018/02/06 01:00:00,1.238370,1.238910,1.238060,1.238800,1.238270,1.238770,1.237930,1.238690
2018/02/06 01:30:00,1.238800,1.238810,1.236960,1.237640,1.238690,1.238690,1.236840,1.237520
2018/02/06 02:00:00,1.237640,1.237880,1.235540,1.236150,1.237520,1.237760,1.235430,1.236020
2018/02/06 02:30:00,1.236150,1.237430,1.236140,1.237190,1.236020,1.237310,1.236010,1.237060
2018/02/06 03:00:00,1.237190,1.237960,1.236970,1.237460,1.237060,1.237840,1.236850,1.237370
2018/02/06 03:30:00,1.237460,1.237840,1.236380,1.236780,1.237370,1.237710,1.236260,1.236660
2018/02/06 04:00:00,1.236780,1.237680,1.236200,1.236440,1.236660,1.237560,1.236120,1.236340
2018/02/06 04:30:00,1.236440,1.236720,1.235160,1.235690,1.236340,1.236590,1.235040,1.235560
2018/02/06 05:00:00,1.235690,1.237540,1.235670,1.237360,1.235560,1.237420,1.235540,1.237220
2018/02/06 05:30:00,1.237360,1.237680,1.236870,1.237640,1.237220,1.237570,1.236750,1.237520
2018/02/06 06:00:00,1.237640,1.238330,1.237170,1.237350,1.237520,1.238190,1.237040,1.237210
2018/02/06 06:30:00,1.237350,1.239060,1.237180,1.238230,1.237210,1.238940,1.237060,1.238100
2018/02/06 07:00:00,1.238230,1.240520,1.237610,1.238870,1.238100,1.240420,1.237500,1.238760
2018/02/06 07:30:00,1.238870,1.239950,1.238520,1.239670,1.238760,1.239830,1.238450,1.239540
2018/02/06 08:00:00,1.239670,1.243520,1.239270,1.242090,1.239540,1.243410,1.239150,1.241960
2018/02/06 08:30:00,1.242090,1.242500,1.241140,1.241820,1.241960,1.242390,1.241030,1.241710
2018/02/06 09:00:00,1.241820,1.242130,1.240180,1.241000,1.241710,1.242020,1.240060,1.240870
2018/02/06 09:30:00,1.241000,1.241350,1.239100,1.240350,1.240870,1.241220,1.238980,1.240220
2018/02/06 10:00:00,1.240350,1.241140,1.240020,1.241010,1.240220,1.241010,1.239910,1.240880
2018/02/06 10:30:00,1.241010,1.241780,1.239630,1.240950,1.240880,1.241660,1.239510,1.240820
2018/02/06 11:00:00,1.240950,1.241210,1.240100,1.240740,1.240820,1.241110,1.239990,1.240630
2018/02/06 11:30:00,1.240740,1.240960,1.237160,1.237320,1.240630,1.240840,1.237050,1.237200
2018/02/06 12:00:00,1.237320,1.237350,1.235030,1.235840,1.237200,1.237230,1.234910,1.235720
2018/02/06 12:30:00,1.235840,1.236030,1.233560,1.234050,1.235720,1.235920,1.233440,1.233940
2018/02/06 13:00:00,1.234050,1.234480,1.232450,1.234080,1.233940,1.234370,1.232340,1.233950
2018/02/06 13:30:00,1.234080,1.234800,1.232270,1.234440,1.233950,1.234700,1.232170,1.234320
2018/02/06 14:00:00,1.234440,1.235860,1.233590,1.233660,1.234320,1.235740,1.233460,1.233540
2018/02/06 14:30:00,1.233660,1.235230,1.232700,1.233670,1.233540,1.235110,1.232590,1.233560
2018/02/06 15:00:00,1.233670,1.234180,1.231550,1.232150,1.233560,1.234070,1.231440,1.232040
2018/02/06 15:30:00,1.232150,1.234730,1.231440,1.234480,1.232040,1.234620,1.231320,1.234360
2018/02/06 16:00:00,1.234480,1.236480,1.234230,1.236340,1.234360,1.236360,1.234100,1.236210
2018/02/06 16:30:00,1.236340,1.238510,1.236210,1.238120,1.236210,1.238390,1.236090,1.238030
2018/02/06 17:00:00,1.238120,1.239650,1.237370,1.238430,1.238030,1.239530,1.237270,1.238310
2018/02/06 17:30:00,1.238430,1.240480,1.238390,1.239170,1.238310,1.240370,1.238260,1.239040
2018/02/06 18:00:00,1.239170,1.240380,1.238710,1.240150,1.239040,1.240260,1.238580,1.240050
2018/02/06 18:30:00,1.240150,1.240510,1.238730,1.239940,1.240050,1.240420,1.238610,1.239810
2018/02/06 19:00:00,1.239940,1.240000,1.239030,1.239180,1.239810,1.239880,1.238900,1.239050
2018/02/06 19:30:00,1.239180,1.239870,1.238600,1.239240,1.239050,1.239760,1.238480,1.239110
2018/02/06 20:00:00,1.239240,1.239610,1.237740,1.237780,1.239110,1.239520,1.237630,1.237660
2018/02/06 20:30:00,1.237780,1.238190,1.237050,1.237230,1.237660,1.238070,1.236930,1.237110
2018/02/06 21:00:00,1.237230,1.238080,1.237060,1.237800,1.237110,1.237970,1.236940,1.237670
2018/02/06 21:30:00,1.237800,1.238210,1.237710,1.237830,1.237670,1.238090,1.237520,1.237650
2018/02/06 22:00:00,1.237830,1.237870,1.237240,1.237710,1.237650,1.237650,1.236950,1.237400
2018/02/06 22:30:00,1.237710,1.238470,1.237670,1.238240,1.237400,1.238220,1.237340,1.237930
2018/02/06 23:00:00,1.238240,1.238640,1.237790,1.238180,1.237930,1.238520,1.237660,1.238050
2018/02/06 23:30:00,1.238180,1.238610,1.238010,1.238110,1.238050,1.238480,1.237880,1.237980
2018/02/07 00:00:00,1.238110,1.238390,1.237650,1.237860,1.237980,1.238270,1.237520,1.237740
2018/02/07 00:30:00,1.237860,1.239410,1.237810,1.238730,1.237740,1.239280,1.237690,1.238600
2018/02/07 01:00:00,1.238730,1.239040,1.237870,1.237970,1.238600,1.238920,1.237730,1.237850
2018/02/07 01:30:00,1.237970,1.239120,1.237900,1.238930,1.237850,1.239010,1.237760,1.238820
2018/02/07 02:00:00,1.238930,1.239080,1.238200,1.238210,1.238820,1.238960,1.238080,1.238090
2018/02/07 02:30:00,1.238210,1.238590,1.237910,1.238420,1.238090,1.238460,1.237790,1.238290
2018/02/07 03:00:00,1.238420,1.238840,1.238410,1.238780,1.238290,1.238730,1.238290,1.238650
2018/02/07 03:30:00,1.238780,1.239340,1.238610,1.238610,1.238650,1.239200,1.238490,1.238490
2018/02/07 04:00:00,1.238610,1.239370,1.238370,1.239140,1.238490,1.239250,1.238240,1.239010
2018/02/07 04:30:00,1.239140,1.239260,1.238850,1.238890,1.239010,1.239150,1.238730,1.238770
2018/02/07 05:00:00,1.238890,1.239240,1.238820,1.238990,1.238770,1.239130,1.238710,1.238880
2018/02/07 05:30:00,1.238990,1.239270,1.238430,1.239130,1.238880,1.239150,1.238300,1.238990
2018/02/07 06:00:00,1.239130,1.239170,1.237790,1.238260,1.238990,1.239040,1.237660,1.238130
2018/02/07 06:30:00,1.238260,1.239880,1.238130,1.239680,1.238130,1.239770,1.238010,1.239550
2018/02/07 07:00:00,1.239680,1.240680,1.238620,1.238820,1.239550,1.240560,1.238500,1.238700
2018/02/07 07:30:00,1.238820,1.239670,1.238130,1.238340,1.238700,1.239540,1.238020,1.238220
2018/02/07 08:00:00,1.238340,1.238650,1.236310,1.237130,1.238220,1.238540,1.236190,1.237020
2018/02/07 08:30:00,1.237130,1.238900,1.236830,1.237830,1.237020,1.238770,1.236720,1.237700
2018/02/07 09:00:00,1.237830,1.238220,1.235780,1.235880,1.237700,1.238120,1.235660,1.235760
2018/02/07 09:30:00,1.235880,1.236390,1.235040,1.235120,1.235760,1.236270,1.234920,1.235010
2018/02/07 10:00:00,1.235120,1.235320,1.234610,1.234770,1.235010,1.235200,1.234490,1.234660
2018/02/07 10:30:00,1.234770,1.234990,1.233810,1.233930,1.234660,1.234880,1.233690,1.233810
2018/02/07 11:00:00,1.233930,1.234900,1.233880,1.234630,1.233810,1.234780,1.233760,1.234510
2018/02/07 11:30:00,1.234630,1.235550,1.234430,1.235020,1.234510,1.235430,1.234320,1.234940
2018/02/07 12:00:00,1.235020,1.235040,1.233420,1.234860,1.234940,1.234940,1.233370,1.234740
2018/02/07 12:30:00,1.234860,1.235150,1.234030,1.234310,1.234740,1.235030,1.233910,1.234180
2018/02/07 13:00:00,1.234310,1.234630,1.233690,1.234120,1.234180,1.234510,1.233560,1.234000
2018/02/07 13:30:00,1.234120,1.234650,1.233420,1.233790,1.234000,1.234530,1.233310,1.233670
2018/02/07 14:00:00,1.233790,1.233890,1.232420,1.233700,1.233670,1.233770,1.232310,1.233590
2018/02/07 14:30:00,1.233700,1.234570,1.233350,1.234290,1.233590,1.234460,1.233230,1.234160
2018/02/07 15:00:00,1.234290,1.234450,1.231530,1.231660,1.234160,1.234350,1.231450,1.231540
2018/02/07 15:30:00,1.231660,1.231660,1.228550,1.229370,1.231540,1.231540,1.228450,1.229250
2018/02/07 16:00:00,1.229370,1.230530,1.228250,1.228690,1.229250,1.230420,1.228150,1.228580
2018/02/07 16:30:00,1.228690,1.228950,1.227820,1.228180,1.228580,1.228830,1.227730,1.228060
2018/02/07 17:00:00,1.228180,1.228200,1.227040,1.227690,1.228060,1.228080,1.226940,1.227560
2018/02/07 17:30:00,1.227690,1.228190,1.225590,1.227050,1.227560,1.228070,1.225480,1.226940
2018/02/07 18:00:00,1.227050,1.227250,1.224610,1.224730,1.226940,1.227150,1.224520,1.224610
2018/02/07 18:30:00,1.224730,1.226780,1.224700,1.226110,1.224610,1.226650,1.224580,1.225990
2018/02/07 19:00:00,1.226110,1.227630,1.225430,1.227330,1.225990,1.227520,1.225310,1.227230
2018/02/07 19:30:00,1.227330,1.228290,1.227180,1.227720,1.227230,1.228170,1.227050,1.227590
2018/02/07 20:00:00,1.227720,1.228080,1.226680,1.226800,1.227590,1.227960,1.226560,1.226700
2018/02/07 20:30:00,1.226800,1.226880,1.225850,1.226130,1.226700,1.226770,1.225760,1.226010
2018/02/07 21:00:00,1.226130,1.227280,1.226050,1.226970,1.226010,1.227160,1.225930,1.226840
2018/02/07 21:30:00,1.226970,1.227120,1.226340,1.226630,1.226840,1.226990,1.226160,1.226240
2018/02/07 22:00:00,1.226630,1.226740,1.225470,1.226030,1.226240,1.226360,1.225280,1.225840
2018/02/07 22:30:00,1.226030,1.226410,1.225300,1.225480,1.225840,1.226000,1.225080,1.225310
2018/02/07 23:00:00,1.225480,1.226180,1.225440,1.225830,1.225310,1.226050,1.225260,1.225700
2018/02/07 23:30:00,1.225830,1.227090,1.225810,1.227070,1.225700,1.226960,1.225690,1.226930
2018/02/08 00:00:00,1.227070,1.227530,1.226680,1.227240,1.226930,1.227400,1.226550,1.227110
2018/02/08 00:30:00,1.227240,1.227740,1.226830,1.227300,1.227110,1.227620,1.226710,1.227180
2018/02/08 01:00:00,1.227300,1.227850,1.226610,1.227840,1.227180,1.227730,1.226480,1.227710
2018/02/08 01:30:00,1.227840,1.228080,1.226930,1.227230,1.227710,1.227960,1.226800,1.227110
2018/02/08 02:00:00,1.227230,1.227880,1.226970,1.227820,1.227110,1.227760,1.226840,1.227710
2018/02/08 02:30:00,1.227820,1.228100,1.227480,1.227530,1.227710,1.227970,1.227360,1.227400
2018/02/08 03:00:00,1.227530,1.228480,1.227390,1.228060,1.227400,1.228360,1.227280,1.227940
2018/02/08 03:30:00,1.228060,1.228730,1.227560,1.227580,1.227940,1.228610,1.227450,1.227450
2018/02/08 04:00:00,1.227580,1.227730,1.225690,1.225880,1.227450,1.227620,1.225560,1.225750
2018/02/08 04:30:00,1.225880,1.226470,1.225520,1.225940,1.225750,1.226350,1.225390,1.225820
2018/02/08 05:00:00,1.225940,1.227300,1.225840,1.227270,1.225820,1.227170,1.225720,1.227140
2018/02/08 05:30:00,1.227270,1.227680,1.226580,1.227530,1.227140,1.227550,1.226470,1.227430
2018/02/08 06:00:00,1.227530,1.228370,1.227350,1.227430,1.227430,1.228270,1.227240,1.227300
2018/02/08 06:30:00,1.227430,1.227590,1.226300,1.226460,1.227300,1.227480,1.226190,1.226340
2018/02/08 07:00:00,1.226460,1.229550,1.226410,1.228930,1.226340,1.229440,1.226300,1.228800
2018/02/08 07:30:00,1.228930,1.228960,1.226560,1.226840,1.228800,1.228840,1.226460,1.226720
2018/02/08 08:00:00,1.226840,1.227120,1.223690,1.223700,1.226720,1.226990,1.223570,1.223570
2018/02/08 08:30:00,1.223700,1.225320,1.223630,1.224180,1.223570,1.225200,1.223510,1.224060
2018/02/08 09:00:00,1.224180,1.224270,1.223300,1.223330,1.224060,1.224150,1.223180,1.223210
2018/02/08 09:30:00,1.223330,1.223650,1.222560,1.223120,1.223210,1.223540,1.222450,1.223030
2018/02/08 10:00:00,1.223120,1.224150,1.222720,1.224040,1.223030,1.224040,1.222620,1.223930
2018/02/08 10:30:00,1.224040,1.224880,1.223510,1.224760,1.223930,1.224780,1.223390,1.224650
2018/02/08 11:00:00,1.224760,1.224780,1.223340,1.224300,1.224650,1.224650,1.223230,1.224180
2018/02/08 11:30:00,1.224300,1.224480,1.223280,1.223390,1.224180,1.224350,1.223160,1.223270
2018/02/08 12:00:00,1.223390,1.225210,1.222520,1.222830,1.223270,1.225100,1.222400,1.222710
2018/02/08 12:30:00,1.222830,1.223760,1.221260,1.223680,1.222710,1.223660,1.221160,1.223570
2018/02/08 13:00:00,1.223680,1.227230,1.223470,1.227090,1.223570,1.227100,1.223350,1.226950
2018/02/08 13:30:00,1.227090,1.227730,1.225970,1.227580,1.226950,1.227610,1.225870,1.227480
2018/02/08 14:00:00,1.227580,1.229570,1.227280,1.229230,1.227480,1.229440,1.227180,1.229110
2018/02/08 14:30:00,1.229230,1.229260,1.227580,1.227760,1.229110,1.229120,1.227500,1.227650
2018/02/08 15:00:00,1.227760,1.227990,1.225350,1.225490,1.227650,1.227860,1.225220,1.225370
2018/02/08 15:30:00,1.225490,1.227330,1.224430,1.226050,1.225370,1.227220,1.224390,1.225930
2018/02/08 16:00:00,1.226050,1.226710,1.223550,1.224150,1.225930,1.226600,1.223440,1.224030
2018/02/08 16:30:00,1.224150,1.225950,1.223740,1.223990,1.224030,1.225840,1.223620,1.223870
2018/02/08 17:00:00,1.223990,1.224570,1.223280,1.224470,1.223870,1.224450,1.223170,1.224360
2018/02/08 17:30:00,1.224470,1.225560,1.223570,1.225080,1.224360,1.225450,1.223450,1.224970
2018/02/08 18:00:00,1.225080,1.226890,1.224510,1.226220,1.224970,1.226760,1.224390,1.226090
2018/02/08 18:30:00,1.226220,1.227330,1.225520,1.226730,1.226090,1.227220,1.225420,1.226620
2018/02/08 19:00:00,1.226730,1.227340,1.226220,1.226630,1.226620,1.227230,1.226110,1.226510
2018/02/08 19:30:00,1.226630,1.227000,1.226020,1.226450,1.226510,1.226880,1.225890,1.226330
2018/02/08 20:00:00,1.226450,1.226580,1.225370,1.225520,1.226330,1.226470,1.225250,1.225400
2018/02/08 20:30:00,1.225520,1.225700,1.224270,1.224410,1.225400,1.225580,1.224130,1.224270
2018/02/08 21:00:00,1.224410,1.224950,1.224270,1.224820,1.224270,1.224830,1.224140,1.224690
2018/02/08 21:30:00,1.224820,1.225290,1.224620,1.224810,1.224690,1.225160,1.224490,1.224630
2018/02/08 22:00:00,1.224810,1.225320,1.224610,1.224690,1.224630,1.224920,1.224330,1.224360
2018/02/08 22:30:00,1.224690,1.225250,1.224450,1.224850,1.224360,1.224990,1.224180,1.224670
2018/02/08 23:00:00,1.224850,1.226310,1.224790,1.226200,1.224670,1.226160,1.224640,1.226040
2018/02/08 23:30:00,1.226200,1.226480,1.225770,1.226150,1.226040,1.226330,1.225660,1.226030
2018/02/09 00:00:00,1.226150,1.226350,1.225160,1.225540,1.226030,1.226220,1.225020,1.225400
2018/02/09 00:30:00,1.225540,1.225790,1.224930,1.225530,1.225400,1.225690,1.224800,1.225420
2018/02/09 01:00:00,1.225530,1.226390,1.225480,1.225600,1.225420,1.226260,1.225340,1.225460
2018/02/09 01:30:00,1.225600,1.226430,1.225070,1.225290,1.225460,1.226320,1.224950,1.225150
2018/02/09 02:00:00,1.225290,1.225710,1.224080,1.224740,1.225150,1.225590,1.223960,1.224620
2018/02/09 02:30:00,1.224740,1.225670,1.224350,1.225590,1.224620,1.225540,1.224260,1.225460
2018/02/09 03:00:00,1.225590,1.226240,1.225420,1.226000,1.225460,1.226110,1.225290,1.225860
2018/02/09 03:30:00,1.226000,1.226250,1.225480,1.225770,1.225860,1.226120,1.225350,1.225660
2018/02/09 04:00:00,1.225770,1.225810,1.225440,1.225590,1.225660,1.225700,1.225300,1.225470
2018/02/09 04:30:00,1.225590,1.225920,1.225260,1.225450,1.225470,1.225790,1.225120,1.225330
2018/02/09 05:00:00,1.225450,1.225970,1.224830,1.225950,1.225330,1.225830,1.224710,1.225830
2018/02/09 05:30:00,1.225950,1.226250,1.225770,1.225820,1.225830,1.226130,1.225630,1.225700
2018/02/09 06:00:00,1.225820,1.226290,1.225250,1.226110,1.225700,1.226190,1.225120,1.225990
2018/02/09 06:30:00,1.226110,1.226900,1.225860,1.226600,1.225990,1.226780,1.225740,1.226460
2018/02/09 07:00:00,1.226600,1.227850,1.226340,1.226750,1.226460,1.227720,1.226220,1.226620
2018/02/09 07:30:00,1.226750,1.228790,1.226700,1.228430,1.226620,1.228670,1.226560,1.228320
2018/02/09 08:00:00,1.228430,1.228440,1.225950,1.226380,1.228320,1.228320,1.225820,1.226280
2018/02/09 08:30:00,1.226380,1.227890,1.226020,1.227150,1.226280,1.227770,1.225930,1.227030
2018/02/09 09:00:00,1.227150,1.227280,1.226230,1.226300,1.227030,1.227150,1.226120,1.226180
2018/02/09 09:30:00,1.226300,1.227470,1.225550,1.226540,1.226180,1.227350,1.225420,1.226410
2018/02/09 10:00:00,1.226540,1.227090,1.226410,1.226740,1.226410,1.226960,1.226280,1.226600
2018/02/09 10:30:00,1.226740,1.226960,1.225030,1.225840,1.226600,1.226850,1.224820,1.225720
2018/02/09 11:00:00,1.225840,1.226010,1.224590,1.224840,1.225720,1.225880,1.224470,1.224710
2018/02/09 11:30:00,1.224840,1.224880,1.223430,1.224140,1.224710,1.224760,1.223310,1.224010
2018/02/09 12:00:00,1.224140,1.224730,1.222770,1.224070,1.224010,1.224610,1.222680,1.223950
2018/02/09 12:30:00,1.224070,1.225160,1.223770,1.224850,1.223950,1.225040,1.223640,1.224760
2018/02/09 13:00:00,1.224850,1.227860,1.224760,1.226660,1.224760,1.227750,1.224630,1.226550
2018/02/09 13:30:00,1.226660,1.228020,1.225990,1.227730,1.226550,1.227900,1.225880,1.227600
2018/02/09 14:00:00,1.227730,1.227730,1.225360,1.225480,1.227600,1.227600,1.225270,1.225350
2018/02/09 14:30:00,1.225480,1.226310,1.224960,1.225810,1.225350,1.226200,1.224850,1.225680
2018/02/09 15:00:00,1.225810,1.226060,1.223620,1.223990,1.225680,1.225950,1.223500,1.223870
2018/02/09 15:30:00,1.223990,1.226150,1.223850,1.224910,1.223870,1.226030,1.223730,1.224790
2018/02/09 16:00:00,1.224910,1.224940,1.222820,1.223900,1.224790,1.224820,1.222700,1.223790
2018/02/09 16:30:00,1.223900,1.224190,1.222510,1.222640,1.223790,1.224070,1.222390,1.222530
2018/02/09 17:00:00,1.222640,1.222860,1.221530,1.222220,1.222530,1.222730,1.221400,1.222100
2018/02/09 17:30:00,1.222220,1.222390,1.220630,1.221490,1.222100,1.222260,1.220500,1.221370
2018/02/09 18:00:00,1.221490,1.221900,1.221020,1.221550,1.221370,1.221790,1.220910,1.221440
2018/02/09 18:30:00,1.221550,1.223740,1.221100,1.222980,1.221440,1.223620,1.220980,1.222850
2018/02/09 19:00:00,1.222980,1.223800,1.222490,1.222920,1.222850,1.223680,1.222360,1.222790
2018/02/09 19:30:00,1.222920,1.223580,1.222590,1.223170,1.222790,1.223460,1.222460,1.223050
2018/02/09 20:00:00,1.223170,1.223640,1.223010,1.223380,1.223050,1.223510,1.222880,1.223280
2018/02/09 20:30:00,1.223380,1.224540,1.223230,1.223560,1.223280,1.224440,1.223110,1.223440
2018/02/09 21:00:00,1.223560,1.224560,1.223340,1.224460,1.223440,1.224440,1.223190,1.224340
2018/02/09 21:30:00,1.224460,1.225640,1.224430,1.225570,1.224340,1.225450,1.224290,1.224890
2018/02/11 19:30:00,1.225570,1.225570,1.224890,1.224920,1.224890,1.224890,1.224410,1.224410
2018/02/11 20:00:00,1.224920,1.224960,1.224840,1.224920,1.224410,1.224770,1.224410,1.224410
2018/02/11 20:30:00,1.224920,1.224940,1.224780,1.224920,1.224410,1.224630,1.224410,1.224410
2018/02/11 21:00:00,1.224920,1.224930,1.224810,1.224930,1.224410,1.224520,1.224410,1.224420
2018/02/11 21:30:00,1.224930,1.225310,1.224860,1.225110,1.224420,1.225030,1.224420,1.224730
2018/02/11 22:00:00,1.225110,1.225230,1.224490,1.225200,1.224730,1.224860,1.224100,1.224860
2018/02/11 22:30:00,1.225200,1.225410,1.224870,1.225390,1.224860,1.225130,1.224630,1.225120
2018/02/11 23:00:00,1.225390,1.225390,1.224490,1.225020,1.225120,1.225130,1.224340,1.224880
2018/02/11 23:30:00,1.225020,1.225330,1.224570,1.225300,1.224880,1.225210,1.224440,1.225170
2018/02/12 00:00:00,1.225300,1.226080,1.225230,1.225480,1.225170,1.225960,1.225110,1.225350
2018/02/12 00:30:00,1.225480,1.226500,1.225330,1.226350,1.225350,1.226380,1.225200,1.226210
2018/02/12 01:00:00,1.226350,1.227850,1.226190,1.227720,1.226210,1.227730,1.226060,1.227600
2018/02/12 01:30:00,1.227720,1.228120,1.227230,1.227240,1.227600,1.228010,1.227100,1.227110
2018/02/12 02:00:00,1.227240,1.228090,1.227080,1.227310,1.227110,1.227970,1.226950,1.227200
2018/02/12 02:30:00,1.227310,1.228580,1.227170,1.228460,1.227200,1.228480,1.227040,1.228340
2018/02/12 03:00:00,1.228460,1.228620,1.227970,1.228080,1.228340,1.228500,1.227830,1.227970
2018/02/12 03:30:00,1.228080,1.229120,1.227910,1.228740,1.227970,1.229020,1.227800,1.228620
2018/02/12 04:00:00,1.228740,1.229820,1.228380,1.228450,1.228620,1.229720,1.228250,1.228320
2018/02/12 04:30:00,1.228450,1.228980,1.228120,1.228750,1.228320,1.228850,1.227990,1.228620
2018/02/12 05:00:00,1.228750,1.228750,1.227860,1.228590,1.228620,1.228620,1.227730,1.228480
2018/02/12 05:30:00,1.228590,1.228790,1.227850,1.228340,1.228480,1.228650,1.227730,1.228210
2018/02/12 06:00:00,1.228340,1.229210,1.227960,1.228860,1.228210,1.229090,1.227840,1.228750
2018/02/12 06:30:00,1.228860,1.229110,1.227810,1.229090,1.228750,1.229020,1.227700,1.228960
2018/02/12 07:00:00,1.229090,1.229650,1.228400,1.228700,1.228960,1.229540,1.228290,1.228580
2018/02/12 07:30:00,1.228700,1.228880,1.226970,1.227020,1.228580,1.228750,1.226850,1.226910
2018/02/12 08:00:00,1.227020,1.227360,1.226160,1.227160,1.226910,1.227240,1.226040,1.227030
2018/02/12 08:30:00,1.227160,1.228310,1.226430,1.227340,1.227030,1.228200,1.226330,1.227220
2018/02/12 09:00:00,1.227340,1.228240,1.227030,1.227240,1.227220,1.228120,1.226920,1.227110
2018/02/12 09:30:00,1.227240,1.227420,1.226410,1.226440,1.227110,1.227310,1.226290,1.226320
2018/02/12 10:00:00,1.226440,1.227220,1.225900,1.226540,1.226320,1.227120,1.225790,1.226420
2018/02/12 10:30:00,1.226540,1.227590,1.226370,1.226880,1.226420,1.227480,1.226270,1.226760
2018/02/12 11:00:00,1.226880,1.227450,1.226620,1.226720,1.226760,1.227330,1.226490,1.226610
2018/02/12 11:30:00,1.226720,1.227590,1.226360,1.227040,1.226610,1.227460,1.226250,1.226920
2018/02/12 12:00:00,1.227040,1.227080,1.226130,1.226140,1.226920,1.226960,1.226000,1.226020
2018/02/12 12:30:00,1.226140,1.226400,1.225420,1.226290,1.226020,1.226270,1.225300,1.226170
2018/02/12 13:00:00,1.226290,1.226840,1.224330,1.224460,1.226170,1.226740,1.224230,1.224340
2018/02/12 13:30:00,1.224460,1.224630,1.223560,1.224370,1.224340,1.224520,1.223440,1.224240
2018/02/12 14:00:00,1.224370,1.224940,1.223790,1.224890,1.224240,1.224840,1.223670,1.224770
2018/02/12 14:30:00,1.224890,1.226550,1.224830,1.226330,1.224770,1.226430,1.224710,1.226210
2018/02/12 15:00:00,1.226330,1.226780,1.225160,1.225830,1.226210,1.226660,1.225050,1.225710
2018/02/12 15:30:00,1.225830,1.228060,1.225380,1.227750,1.225710,1.227950,1.225260,1.227630
2018/02/12 16:00:00,1.227750,1.228310,1.226910,1.227840,1.227630,1.228220,1.226780,1.227720
2018/02/12 16:30:00,1.227840,1.227880,1.226490,1.226740,1.227720,1.227790,1.226360,1.226630
2018/02/12 17:00:00,1.226740,1.227490,1.226130,1.226930,1.226630,1.227360,1.226040,1.226810
2018/02/12 17:30:00,1.226930,1.227800,1.226580,1.227570,1.226810,1.227680,1.226460,1.227450
2018/02/12 18:00:00,1.227570,1.228860,1.227540,1.228840,1.227450,1.228740,1.227430,1.228720
2018/02/12 18:30:00,1.228840,1.229050,1.228310,1.228340,1.228720,1.228940,1.228190,1.228210
2018/02/12 19:00:00,1.228340,1.228530,1.228040,1.228100,1.228210,1.228420,1.227910,1.227980
2018/02/12 19:30:00,1.228100,1.228830,1.227970,1.228330,1.227980,1.228710,1.227860,1.228200
2018/02/12 20:00:00,1.228330,1.229810,1.228240,1.229490,1.228200,1.229690,1.228110,1.229370
2018/02/12 20:30:00,1.229490,1.229700,1.228900,1.229160,1.229370,1.229580,1.228790,1.229050
2018/02/12 21:00:00,1.229160,1.229530,1.228870,1.229300,1.229050,1.229420,1.228750,1.229200
2018/02/12 21:30:00,1.229300,1.229410,1.228980,1.229340,1.229200,1.229280,1.228890,1.229030
2018/02/12 22:00:00,1.229340,1.229450,1.228750,1.229160,1.229030,1.229140,1.228530,1.228890
2018/02/12 22:30:00,1.229160,1.229250,1.229030,1.229180,1.228890,1.229040,1.228810,1.229000
2018/02/12 23:00:00,1.229180,1.230070,1.229130,1.229800,1.229000,1.229930,1.228960,1.229680
2018/02/12 23:30:00,1.229800,1.230820,1.229740,1.230130,1.229680,1.230680,1.229630,1.230030
2018/02/13 00:00:00,1.230130,1.230200,1.229210,1.229280,1.230030,1.230080,1.229080,1.229150
2018/02/13 00:30:00,1.229280,1.229970,1.228650,1.228700,1.229150,1.229860,1.228530,1.228570
2018/02/13 01:00:00,1.228700,1.229220,1.228610,1.228890,1.228570,1.229110,1.228490,1.228760
2018/02/13 01:30:00,1.228890,1.229690,1.228680,1.229430,1.228760,1.229570,1.228550,1.229330
2018/02/13 02:00:00,1.229430,1.229550,1.228810,1.228900,1.229330,1.229420,1.228680,1.228780
2018/02/13 02:30:00,1.228900,1.229140,1.228520,1.229090,1.228780,1.229020,1.228380,1.228960
2018/02/13 03:00:00,1.229090,1.229800,1.228970,1.229020,1.228960,1.229690,1.228850,1.228910
2018/02/13 03:30:00,1.229020,1.229600,1.228790,1.229230,1.228910,1.229480,1.228670,1.229130
2018/02/13 04:00:00,1.229230,1.230140,1.229210,1.229950,1.229130,1.230030,1.229110,1.229810
2018/02/13 04:30:00,1.229950,1.230540,1.229700,1.230510,1.229810,1.230440,1.229560,1.230370
2018/02/13 05:00:00,1.230510,1.231350,1.230000,1.230670,1.230370,1.231230,1.229870,1.230550
2018/02/13 05:30:00,1.230670,1.231640,1.230660,1.231420,1.230550,1.231520,1.230550,1.231300
2018/02/13 06:00:00,1.231420,1.232580,1.231410,1.232340,1.231300,1.232470,1.231300,1.232200
2018/02/13 06:30:00,1.232340,1.232530,1.231380,1.231730,1.232200,1.232400,1.231270,1.231620
2018/02/13 07:00:00,1.231730,1.232330,1.231000,1.231400,1.231620,1.232210,1.230890,1.231300
2018/02/13 07:30:00,1.231400,1.233280,1.231300,1.231690,1.231300,1.233170,1.231200,1.231590
2018/02/13 08:00:00,1.231690,1.233050,1.231060,1.232930,1.231590,1.232930,1.230950,1.232840
2018/02/13 08:30:00,1.232930,1.233840,1.231700,1.232180,1.232840,1.233740,1.231580,1.232050
2018/02/13 09:00:00,1.232180,1.233300,1.231830,1.232580,1.232050,1.233190,1.231710,1.232460
2018/02/13 09:30:00,1.232580,1.232950,1.231390,1.231440,1.232460,1.232830,1.231260,1.231310
2018/02/13 10:00:00,1.231440,1.233620,1.231270,1.233500,1.231310,1.233510,1.231160,1.233380
2018/02/13 10:30:00,1.233500,1.235120,1.233010,1.234940,1.233380,1.235000,1.232900,1.234810
2018/02/13 11:00:00,1.234940,1.235200,1.234270,1.234970,1.234810,1.235080,1.234160,1.234850
2018/02/13 11:30:00,1.234970,1.235050,1.233980,1.233990,1.234850,1.234950,1.233860,1.233860
2018/02/13 12:00:00,1.233990,1.235650,1.233900,1.235240,1.233860,1.235550,1.233780,1.235120
2018/02/13 12:30:00,1.235240,1.235430,1.233960,1.234090,1.235120,1.235300,1.233850,1.233970
2018/02/13 13:00:00,1.234090,1.234250,1.232840,1.233290,1.233970,1.234140,1.232760,1.233180
2018/02/13 13:30:00,1.233290,1.234670,1.232690,1.234380,1.233180,1.234560,1.232580,1.234290
2018/02/13 14:00:00,1.234380,1.235080,1.234330,1.234860,1.234290,1.234960,1.234220,1.234750
2018/02/13 14:30:00,1.234860,1.236840,1.234460,1.236600,1.234750,1.236740,1.234350,1.236520
2018/02/13 15:00:00,1.236600,1.237180,1.235420,1.236060,1.236520,1.237050,1.235310,1.235970
2018/02/13 15:30:00,1.236060,1.237170,1.235040,1.235870,1.235970,1.237050,1.234920,1.235740
2018/02/13 16:00:00,1.235870,1.236880,1.235420,1.236340,1.235740,1.236780,1.235310,1.236220
2018/02/13 16:30:00,1.236340,1.236800,1.235900,1.236350,1.236220,1.236680,1.235780,1.236240
2018/02/13 17:00:00,1.236350,1.236850,1.235800,1.235970,1.236240,1.236730,1.235680,1.235850
2018/02/13 17:30:00,1.235970,1.236030,1.235030,1.235370,1.235850,1.235920,1.234910,1.235240
2018/02/13 18:00:00,1.235370,1.236140,1.235370,1.235570,1.235240,1.236030,1.235240,1.235440
2018/02/13 18:30:00,1.235570,1.235660,1.234560,1.234820,1.235440,1.235540,1.234450,1.234700
2018/02/13 19:00:00,1.234820,1.235350,1.234530,1.235130,1.234700,1.235220,1.234410,1.235010
2018/02/13 19:30:00,1.235130,1.235560,1.234700,1.235520,1.235010,1.235450,1.234590,1.235420
2018/02/13 20:00:00,1.235520,1.236640,1.235520,1.236230,1.235420,1.236520,1.235420,1.236100
2018/02/13 20:30:00,1.236230,1.236310,1.235660,1.235680,1.236100,1.236200,1.235540,1.235560
2018/02/13 21:00:00,1.235680,1.236020,1.235260,1.235440,1.235560,1.235900,1.235150,1.235310
2018/02/13 21:30:00,1.235440,1.235570,1.234810,1.235350,1.235310,1.235430,1.234690,1.234940
2018/02/13 22:00:00,1.235350,1.235660,1.235130,1.235500,1.234940,1.235440,1.234770,1.235340
2018/02/13 22:30:00,1.235500,1.235550,1.234840,1.235110,1.235340,1.235340,1.234660,1.234980
2018/02/13 23:00:00,1.235110,1.235570,1.234850,1.235260,1.234980,1.235430,1.234710,1.235120
2018/02/13 23:30:00,1.235260,1.235500,1.235100,1.235430,1.235120,1.235370,1.234970,1.235310
2018/02/14 00:00:00,1.235430,1.235880,1.235220,1.235560,1.235310,1.235760,1.235110,1.235440
2018/02/14 00:30:00,1.235560,1.236260,1.235240,1.235280,1.235440,1.236150,1.235110,1.235160
2018/02/14 01:00:00,1.235280,1.236290,1.235180,1.235840,1.235160,1.236170,1.235060,1.235740
2018/02/14 01:30:00,1.235840,1.235900,1.235240,1.235480,1.235740,1.235780,1.235130,1.235360
2018/02/14 02:00:00,1.235480,1.236850,1.235470,1.236670,1.235360,1.236730,1.235340,1.236540
2018/02/14 02:30:00,1.236670,1.238120,1.236430,1.238100,1.236540,1.238000,1.236310,1.237980
2018/02/14 03:00:00,1.238100,1.238740,1.237780,1.238650,1.237980,1.238640,1.237680,1.238520
2018/02/14 03:30:00,1.238650,1.239310,1.238390,1.239040,1.238520,1.239200,1.238270,1.238910
2018/02/14 04:00:00,1.239040,1.239300,1.238330,1.238460,1.238910,1.239170,1.238210,1.238330
2018/02/14 04:30:00,1.238460,1.239270,1.237550,1.237790,1.238330,1.239150,1.237440,1.237660
2018/02/14 05:00:00,1.237790,1.238260,1.237380,1.237490,1.237660,1.238140,1.237250,1.237370
2018/02/14 05:30:00,1.237490,1.238690,1.237420,1.237930,1.237370,1.238570,1.237310,1.237800
2018/02/14 06:00:00,1.237930,1.238070,1.237550,1.237720,1.237800,1.237940,1.237450,1.237600
2018/02/14 06:30:00,1.237720,1.237720,1.236880,1.237420,1.237600,1.237600,1.236760,1.237290
2018/02/14 07:00:00,1.237420,1.237910,1.236920,1.237440,1.237290,1.237790,1.236800,1.237330
2018/02/14 07:30:00,1.237440,1.237550,1.236480,1.237320,1.237330,1.237440,1.236370,1.237220
2018/02/14 08:00:00,1.237320,1.238650,1.236120,1.236630,1.237220,1.238520,1.236000,1.236510
2018/02/14 08:30:00,1.236630,1.237290,1.236210,1.236680,1.236510,1.237170,1.236120,1.236570
2018/02/14 09:00:00,1.236680,1.236820,1.235760,1.236430,1.236570,1.236720,1.235640,1.236300
2018/02/14 09:30:00,1.236430,1.236440,1.235120,1.235360,1.236300,1.236310,1.235010,1.235250
2018/02/14 10:00:00,1.235360,1.235740,1.234640,1.235050,1.235250,1.235630,1.234520,1.234930
2018/02/14 10:30:00,1.235050,1.235820,1.234730,1.235710,1.234930,1.235700,1.234610,1.235600
2018/02/14 11:00:00,1.235710,1.235800,1.234340,1.234660,1.235600,1.235690,1.234220,1.234550
2018/02/14 11:30:00,1.234660,1.235070,1.234240,1.234300,1.234550,1.234960,1.234140,1.234180
2018/02/14 12:00:00,1.234300,1.234640,1.234040,1.234300,1.234180,1.234540,1.233930,1.234190
2018/02/14 12:30:00,1.234300,1.235190,1.234060,1.234380,1.234190,1.235070,1.233960,1.234270
2018/02/14 13:00:00,1.234380,1.235160,1.234110,1.234920,1.234270,1.235040,1.233980,1.234440
2018/02/14 13:30:00,1.234920,1.235420,1.227650,1.230500,1.234440,1.234860,1.227530,1.230380
2018/02/14 14:00:00,1.230500,1.233120,1.230170,1.231700,1.230380,1.233010,1.230060,1.231580
2018/02/14 14:30:00,1.231700,1.233000,1.231420,1.232320,1.231580,1.232890,1.231290,1.232210
2018/02/14 15:00:00,1.232320,1.238140,1.232290,1.236110,1.232210,1.238020,1.232170,1.235980
2018/02/14 15:30:00,1.236110,1.240740,1.236000,1.240360,1.235980,1.240630,1.235890,1.240240
2018/02/14 16:00:00,1.240360,1.241580,1.239470,1.240590,1.240240,1.241490,1.239360,1.240460
2018/02/14 16:30:00,1.240590,1.241660,1.239250,1.239520,1.240460,1.241550,1.239130,1.239400
2018/02/14 17:00:00,1.239520,1.240890,1.238540,1.240440,1.239400,1.240780,1.238410,1.240330
2018/02/14 17:30:00,1.240440,1.242090,1.240070,1.241830,1.240330,1.241990,1.240000,1.241710
2018/02/14 18:00:00,1.241830,1.244270,1.241690,1.243420,1.241710,1.244160,1.241560,1.243310
2018/02/14 18:30:00,1.243420,1.243460,1.242370,1.242490,1.243310,1.243340,1.242270,1.242370
2018/02/14 19:00:00,1.242490,1.243980,1.242300,1.243550,1.242370,1.243860,1.242190,1.243420
2018/02/14 19:30:00,1.243550,1.244240,1.242510,1.243740,1.243420,1.244130,1.242410,1.243620
2018/02/14 20:00:00,1.243740,1.245370,1.243480,1.245370,1.243620,1.245280,1.243350,1.245240
2018/02/14 20:30:00,1.245370,1.246520,1.244520,1.246470,1.245240,1.246400,1.244440,1.246360
2018/02/14 21:00:00,1.246470,1.246560,1.245410,1.245530,1.246360,1.246470,1.245310,1.245420
2018/02/14 21:30:00,1.245530,1.245560,1.244810,1.245240,1.245420,1.245420,1.244710,1.244880
2018/02/14 22:00:00,1.245240,1.246330,1.245070,1.245740,1.244880,1.246080,1.244780,1.245560
2018/02/14 22:30:00,1.245740,1.246090,1.245430,1.245520,1.245560,1.245730,1.245070,1.245260
2018/02/14 23:00:00,1.245520,1.245520,1.245070,1.245410,1.245260,1.245330,1.244930,1.245250
2018/02/14 23:30:00,1.245410,1.247040,1.245250,1.246900,1.245250,1.246920,1.245120,1.246780
2018/02/15 00:00:00,1.246900,1.247040,1.245400,1.245900,1.246780,1.246910,1.245270,1.245770
2018/02/15 00:30:00,1.245900,1.246200,1.244870,1.245410,1.245770,1.246060,1.244740,1.245270
2018/02/15 01:00:00,1.245410,1.247350,1.245300,1.246830,1.245270,1.247210,1.245180,1.246730
2018/02/15 01:30:00,1.246830,1.247390,1.246120,1.246150,1.246730,1.247300,1.245980,1.246020
2018/02/15 02:00:00,1.246150,1.246190,1.245510,1.245800,1.246020,1.246080,1.245400,1.245680
2018/02/15 02:30:00,1.245800,1.246880,1.245660,1.245860,1.245680,1.246760,1.245530,1.245740
2018/02/15 03:00:00,1.245860,1.246140,1.245270,1.245650,1.245740,1.246020,1.245150,1.245520
2018/02/15 03:30:00,1.245650,1.246050,1.245500,1.246010,1.245520,1.245930,1.245370,1.245880
2018/02/15 04:00:00,1.246010,1.246780,1.245620,1.246760,1.245880,1.246660,1.245490,1.246640
2018/02/15 04:30:00,1.246760,1.246820,1.245590,1.245720,1.246640,1.246690,1.245460,1.245590
2018/02/15 05:00:00,1.245720,1.246270,1.245540,1.245760,1.245590,1.246140,1.245420,1.245630
2018/02/15 05:30:00,1.245760,1.246830,1.245610,1.246620,1.245630,1.246690,1.245480,1.246500
2018/02/15 06:00:00,1.246620,1.247110,1.246190,1.246210,1.246500,1.246990,1.246080,1.246110
2018/02/15 06:30:00,1.246210,1.247450,1.246110,1.246820,1.246110,1.247320,1.245990,1.246690
2018/02/15 07:00:00,1.246820,1.249040,1.246730,1.248880,1.246690,1.248920,1.246620,1.248770
2018/02/15 07:30:00,1.248880,1.251100,1.248470,1.250100,1.248770,1.250980,1.248350,1.249980
2018/02/15 08:00:00,1.250100,1.250480,1.248660,1.249760,1.249980,1.250360,1.248550,1.249630
2018/02/15 08:30:00,1.249760,1.250120,1.248480,1.249200,1.249630,1.250000,1.248380,1.249100
2018/02/15 09:00:00,1.249200,1.249840,1.248400,1.248830,1.249100,1.249740,1.248280,1.248720
2018/02/15 09:30:00,1.248830,1.250100,1.248420,1.248780,1.248720,1.249990,1.248310,1.248660
2018/02/15 10:00:00,1.248780,1.248780,1.247650,1.248380,1.248660,1.248660,1.247520,1.248260
2018/02/15 10:30:00,1.248380,1.249090,1.247990,1.248150,1.248260,1.248960,1.247860,1.248030
2018/02/15 11:00:00,1.248150,1.248790,1.247420,1.247870,1.248030,1.248680,1.247300,1.247740
2018/02/15 11:30:00,1.247870,1.248560,1.246550,1.247250,1.247740,1.248450,1.246440,1.247120
2018/02/15 12:00:00,1.247250,1.247890,1.246180,1.247460,1.247120,1.247780,1.246050,1.247340
2018/02/15 12:30:00,1.247460,1.248770,1.247410,1.247650,1.247340,1.248670,1.247290,1.247520
2018/02/15 13:00:00,1.247650,1.249550,1.246540,1.246680,1.247520,1.249460,1.246370,1.246480
2018/02/15 13:30:00,1.246680,1.248770,1.246410,1.247430,1.246480,1.248680,1.246140,1.247320
2018/02/15 14:00:00,1.247430,1.248690,1.246860,1.248270,1.247320,1.248570,1.246750,1.248170
2018/02/15 14:30:00,1.248270,1.249920,1.247240,1.249910,1.248170,1.249800,1.247130,1.249790
2018/02/15 15:00:00,1.249910,1.250640,1.247470,1.248760,1.249790,1.250520,1.247360,1.248650
2018/02/15 15:30:00,1.248760,1.249650,1.247780,1.247790,1.248650,1.249530,1.247660,1.247660
2018/02/15 16:00:00,1.247790,1.248890,1.247240,1.248790,1.247660,1.248770,1.247110,1.248660
2018/02/15 16:30:00,1.248790,1.249320,1.247990,1.248310,1.248660,1.249210,1.247880,1.248180
2018/02/15 17:00:00,1.248310,1.248540,1.245760,1.245890,1.248180,1.248430,1.245670,1.245770
2018/02/15 17:30:00,1.245890,1.247340,1.245820,1.247220,1.245770,1.247210,1.245690,1.247090
2018/02/15 18:00:00,1.247220,1.249710,1.247100,1.249240,1.247090,1.249580,1.247000,1.249120
2018/02/15 18:30:00,1.249240,1.249700,1.248980,1.249400,1.249120,1.249580,1.248850,1.249270
2018/02/15 19:00:00,1.249400,1.250100,1.249200,1.249900,1.249270,1.250010,1.249090,1.249790
2018/02/15 19:30:00,1.249900,1.250860,1.249390,1.250850,1.249790,1.250740,1.249260,1.250730
2018/02/15 20:00:00,1.250850,1.250920,1.250310,1.250690,1.250730,1.250810,1.250190,1.250570
2018/02/15 20:30:00,1.250690,1.250940,1.250340,1.250550,1.250570,1.250840,1.250220,1.250420
2018/02/15 21:00:00,1.250550,1.250550,1.249620,1.249660,1.250420,1.250420,1.249500,1.249530
2018/02/15 21:30:00,1.249660,1.250950,1.249640,1.250740,1.249530,1.250840,1.249530,1.250560
2018/02/15 22:00:00,1.250740,1.250740,1.250250,1.250270,1.250560,1.250560,1.250050,1.250110
2018/02/15 22:30:00,1.250270,1.250790,1.250020,1.250180,1.250110,1.250400,1.249780,1.249980
2018/02/15 23:00:00,1.250180,1.250380,1.249740,1.250100,1.249980,1.250250,1.249610,1.249960
2018/02/15 23:30:00,1.250100,1.250800,1.250060,1.250350,1.249960,1.250670,1.249930,1.250230
2018/02/16 00:00:00,1.250350,1.250860,1.249770,1.250430,1.250230,1.250730,1.249660,1.250320
2018/02/16 00:30:00,1.250430,1.250810,1.250400,1.250560,1.250320,1.250680,1.250260,1.250440
2018/02/16 01:00:00,1.250560,1.250920,1.250450,1.250820,1.250440,1.250800,1.250320,1.250690
2018/02/16 01:30:00,1.250820,1.251550,1.250520,1.251420,1.250690,1.251440,1.250400,1.251310
2018/02/16 02:00:00,1.251420,1.253110,1.250770,1.253110,1.251310,1.252990,1.250650,1.252990
2018/02/16 02:30:00,1.253110,1.254630,1.252920,1.253980,1.252990,1.254480,1.252800,1.253840
2018/02/16 03:00:00,1.253980,1.254160,1.252820,1.253010,1.253840,1.254060,1.252700,1.252910
2018/02/16 03:30:00,1.253010,1.254190,1.252750,1.254000,1.252910,1.254070,1.252630,1.253870
2018/02/16 04:00:00,1.254000,1.254940,1.253600,1.254490,1.253870,1.254840,1.253480,1.254370
2018/02/16 04:30:00,1.254490,1.255600,1.253490,1.254900,1.254370,1.255520,1.253390,1.254780
2018/02/16 05:00:00,1.254900,1.255530,1.254390,1.254920,1.254780,1.255410,1.254280,1.254800
2018/02/16 05:30:00,1.254920,1.255400,1.254480,1.254960,1.254800,1.255270,1.254350,1.254840
2018/02/16 06:00:00,1.254960,1.254970,1.254240,1.254450,1.254840,1.254840,1.254120,1.254320
2018/02/16 06:30:00,1.254450,1.254930,1.253580,1.253890,1.254320,1.254820,1.253470,1.253760
2018/02/16 07:00:00,1.253890,1.254580,1.253260,1.253690,1.253760,1.254450,1.253140,1.253580
2018/02/16 07:30:00,1.253690,1.254300,1.252690,1.252970,1.253580,1.254170,1.252580,1.252880
2018/02/16 08:00:00,1.252970,1.253940,1.252620,1.253480,1.252880,1.253810,1.252510,1.253360
2018/02/16 08:30:00,1.253480,1.253900,1.252380,1.253480,1.253360,1.253780,1.252260,1.253360
2018/02/16 09:00:00,1.253480,1.254240,1.252820,1.252960,1.253360,1.254120,1.252700,1.252850
2018/02/16 09:30:00,1.252960,1.253950,1.252710,1.252810,1.252850,1.253840,1.252590,1.252690
2018/02/16 10:00:00,1.252810,1.252960,1.249900,1.250480,1.252690,1.252860,1.249790,1.250360
2018/02/16 10:30:00,1.250480,1.250620,1.248520,1.248840,1.250360,1.250510,1.248420,1.248720
2018/02/16 11:00:00,1.248840,1.248960,1.247480,1.248590,1.248720,1.248860,1.247360,1.248470
2018/02/16 11:30:00,1.248590,1.248850,1.248030,1.248310,1.248470,1.248730,1.247920,1.248180
2018/02/16 12:00:00,1.248310,1.248490,1.246060,1.246580,1.248180,1.248380,1.245940,1.246460
2018/02/16 12:30:00,1.246580,1.248000,1.246480,1.247440,1.246460,1.247890,1.246360,1.247310
2018/02/16 13:00:00,1.247440,1.247500,1.245390,1.246150,1.247310,1.247400,1.245280,1.246020
2018/02/16 13:30:00,1.246150,1.246520,1.245010,1.245310,1.246020,1.246400,1.244920,1.245200
2018/02/16 14:00:00,1.245310,1.245350,1.242920,1.243890,1.245200,1.245240,1.242830,1.243770
2018/02/16 14:30:00,1.243890,1.245390,1.243260,1.244530,1.243770,1.245290,1.243140,1.244370
2018/02/16 15:00:00,1.244530,1.245340,1.243340,1.244860,1.244370,1.245220,1.243250,1.244740
2018/02/16 15:30:00,1.244860,1.246070,1.244340,1.244810,1.244740,1.245970,1.244220,1.244720
2018/02/16 16:00:00,1.244810,1.246040,1.244520,1.244520,1.244720,1.245930,1.244410,1.244420
2018/02/16 16:30:00,1.244520,1.244980,1.244110,1.244130,1.244420,1.244850,1.244000,1.244010
2018/02/16 17:00:00,1.244130,1.244450,1.243190,1.244320,1.244010,1.244340,1.243060,1.244190
2018/02/16 17:30:00,1.244320,1.244660,1.243920,1.244140,1.244190,1.244540,1.243820,1.244010
2018/02/16 18:00:00,1.244140,1.244330,1.243440,1.243960,1.244010,1.244200,1.243320,1.243850
2018/02/16 18:30:00,1.243960,1.244010,1.241080,1.241220,1.243850,1.243900,1.240950,1.241090
2018/02/16 19:00:00,1.241220,1.241540,1.239380,1.241190,1.241090,1.241440,1.239280,1.241070
2018/02/16 19:30:00,1.241190,1.242000,1.241090,1.241670,1.241070,1.241880,1.241000,1.241550
2018/02/16 20:00:00,1.241670,1.241680,1.240440,1.241440,1.241550,1.241550,1.240350,1.241310
2018/02/16 20:30:00,1.241440,1.241690,1.240530,1.240620,1.241310,1.241560,1.240450,1.240510
2018/02/16 21:00:00,1.240620,1.241220,1.240480,1.241000,1.240510,1.241080,1.240350,1.240880
2018/02/16 21:30:00,1.241000,1.241350,1.240890,1.241350,1.240880,1.241140,1.240760,1.240860
2018/02/18 20:30:00,1.241350,1.241350,1.240040,1.240420,1.240860,1.240860,1.239630,1.239730
2018/02/18 21:00:00,1.240420,1.240530,1.240420,1.240420,1.239730,1.240030,1.239730,1.239730
2018/02/18 21:30:00,1.240420,1.240570,1.240400,1.240570,1.239730,1.240130,1.239730,1.239930
2018/02/18 22:00:00,1.240570,1.241720,1.240460,1.241290,1.239930,1.241320,1.239930,1.240960
2018/02/18 22:30:00,1.241290,1.241860,1.240990,1.241640,1.240960,1.241590,1.240680,1.241440
2018/02/18 23:00:00,1.241640,1.242150,1.241500,1.241660,1.241440,1.242010,1.241300,1.241530
2018/02/18 23:30:00,1.241660,1.242070,1.241140,1.241260,1.241530,1.241940,1.241010,1.241120
2018/02/19 00:00:00,1.241260,1.242140,1.241150,1.242040,1.241120,1.242010,1.241010,1.241920
2018/02/19 00:30:00,1.242040,1.242960,1.241980,1.242340,1.241920,1.242850,1.241860,1.242210
2018/02/19 01:00:00,1.242340,1.243100,1.242270,1.243050,1.242210,1.242990,1.242150,1.242930
2018/02/19 01:30:00,1.243050,1.243600,1.242590,1.243420,1.242930,1.243460,1.242490,1.243310
2018/02/19 02:00:00,1.243420,1.243420,1.242920,1.243090,1.243310,1.243310,1.242800,1.242970
2018/02/19 02:30:00,1.243090,1.243240,1.242480,1.242490,1.242970,1.243120,1.242360,1.242370
2018/02/19 03:00:00,1.242490,1.242720,1.242380,1.242610,1.242370,1.242640,1.242260,1.242480
2018/02/19 03:30:00,1.242610,1.242750,1.241950,1.242150,1.242480,1.242620,1.241830,1.242050
2018/02/19 04:00:00,1.242150,1.242460,1.241780,1.241900,1.242050,1.242330,1.241650,1.241780
2018/02/19 04:30:00,1.241900,1.242100,1.241240,1.241640,1.241780,1.241970,1.241110,1.241500
2018/02/19 05:00:00,1.241640,1.241970,1.241200,1.241470,1.241500,1.241840,1.241090,1.241370
2018/02/19 05:30:00,1.241470,1.241470,1.240480,1.241000,1.241370,1.241370,1.240390,1.240880
2018/02/19 06:00:00,1.241000,1.241440,1.240550,1.240640,1.240880,1.241320,1.240420,1.240530
2018/02/19 06:30:00,1.240640,1.241880,1.240640,1.241730,1.240530,1.241760,1.240520,1.241610
2018/02/19 07:00:00,1.241730,1.242180,1.238830,1.239910,1.241610,1.242050,1.238710,1.239780
2018/02/19 07:30:00,1.239910,1.241400,1.239390,1.241300,1.239780,1.241280,1.239280,1.241180
2018/02/19 08:00:00,1.241300,1.242040,1.240330,1.240740,1.241180,1.241930,1.240200,1.240620
2018/02/19 08:30:00,1.240740,1.240940,1.239440,1.239780,1.240620,1.240820,1.239350,1.239680
2018/02/19 09:00:00,1.239780,1.240910,1.239770,1.240830,1.239680,1.240810,1.239670,1.240720
2018/02/19 09:30:00,1.240830,1.241740,1.240460,1.241130,1.240720,1.241620,1.240340,1.241010
2018/02/19 10:00:00,1.241130,1.241820,1.240970,1.241350,1.241010,1.241700,1.240850,1.241240
2018/02/19 10:30:00,1.241350,1.242650,1.241300,1.242580,1.241240,1.242530,1.241180,1.242460
2018/02/19 11:00:00,1.242580,1.242770,1.241130,1.241630,1.242460,1.242650,1.241010,1.241510
2018/02/19 11:30:00,1.241630,1.242570,1.241530,1.242450,1.241510,1.242470,1.241410,1.242330
2018/02/19 12:00:00,1.242450,1.242700,1.241440,1.241700,1.242330,1.242570,1.241320,1.241580
2018/02/19 12:30:00,1.241700,1.241900,1.240180,1.240750,1.241580,1.241770,1.240060,1.240620
2018/02/19 13:00:00,1.240750,1.241150,1.240080,1.240130,1.240620,1.241030,1.239970,1.240020
2018/02/19 13:30:00,1.240130,1.240440,1.237070,1.237350,1.240020,1.240340,1.236970,1.237220
2018/02/19 14:00:00,1.237350,1.238140,1.237050,1.237660,1.237220,1.238020,1.236960,1.237540
2018/02/19 14:30:00,1.237660,1.237940,1.236960,1.237540,1.237540,1.237830,1.236850,1.237440
2018/02/19 15:00:00,1.237540,1.238850,1.237430,1.238500,1.237440,1.238750,1.237340,1.238370
2018/02/19 15:30:00,1.238500,1.239940,1.238070,1.239750,1.238370,1.239820,1.237970,1.239630
2018/02/19 16:00:00,1.239750,1.240100,1.239190,1.240060,1.239630,1.239980,1.239070,1.239950
2018/02/19 16:30:00,1.240060,1.240940,1.239590,1.240840,1.239950,1.240830,1.239470,1.240720
2018/02/19 17:00:00,1.240840,1.240980,1.240220,1.240930,1.240720,1.240880,1.240110,1.240800
2018/02/19 17:30:00,1.240930,1.241620,1.240560,1.241360,1.240800,1.241510,1.240430,1.241230
2018/02/19 18:00:00,1.241360,1.241480,1.240590,1.241020,1.241230,1.241350,1.240460,1.240860
2018/02/19 18:30:00,1.241020,1.241160,1.240920,1.240930,1.240860,1.241020,1.240790,1.240790
2018/02/19 19:00:00,1.240930,1.241220,1.240920,1.241010,1.240790,1.241050,1.240770,1.240850
2018/02/19 19:30:00,1.241010,1.241300,1.240690,1.240850,1.240850,1.241120,1.240560,1.240700
2018/02/19 20:00:00,1.240850,1.240990,1.240620,1.240630,1.240700,1.240820,1.240460,1.240460
2018/02/19 20:30:00,1.240630,1.240910,1.240530,1.240700,1.240460,1.240750,1.240360,1.240550
2018/02/19 21:00:00,1.240700,1.240900,1.240640,1.240810,1.240550,1.240730,1.240470,1.240640
2018/02/19 21:30:00,1.240810,1.240880,1.240710,1.240820,1.240640,1.240710,1.240530,1.240640
2018/02/19 22:00:00,1.240820,1.241230,1.240510,1.241140,1.240640,1.241000,1.240330,1.240780
2018/02/19 22:30:00,1.241140,1.241240,1.240690,1.240690,1.240780,1.240990,1.240500,1.240540
2018/02/19 23:00:00,1.240690,1.241320,1.240010,1.240220,1.240540,1.241160,1.239880,1.240100
2018/02/19 23:30:00,1.240220,1.240380,1.239510,1.240100,1.240100,1.240250,1.239380,1.239970
2018/02/20 00:00:00,1.240100,1.240620,1.239690,1.240340,1.239970,1.240490,1.239550,1.240230
2018/02/20 00:30:00,1.240340,1.241130,1.240340,1.240680,1.240230,1.241020,1.240230,1.240550
2018/02/20 01:00:00,1.240680,1.240700,1.238830,1.239000,1.240550,1.240580,1.238710,1.238870
2018/02/20 01:30:00,1.239000,1.239530,1.238570,1.239460,1.238870,1.239400,1.238440,1.239350
2018/02/20 02:00:00,1.239460,1.239850,1.239170,1.239230,1.239350,1.239740,1.239040,1.239100
2018/02/20 02:30:00,1.239230,1.239230,1.238320,1.238600,1.239100,1.239100,1.238210,1.238480
2018/02/20 03:00:00,1.238600,1.238850,1.238490,1.238700,1.238480,1.238760,1.238360,1.238590
2018/02/20 03:30:00,1.238700,1.238730,1.238000,1.238650,1.238590,1.238610,1.237860,1.238520
2018/02/20 04:00:00,1.238650,1.239400,1.238280,1.238890,1.238520,1.239280,1.238160,1.238770
2018/02/20 04:30:00,1.238890,1.239410,1.238480,1.238810,1.238770,1.239290,1.238380,1.238690
2018/02/20 05:00:00,1.238810,1.239740,1.238670,1.239060,1.238690,1.239620,1.238560,1.238940
2018/02/20 05:30:00,1.239060,1.239150,1.238060,1.238570,1.238940,1.239040,1.237940,1.238450
2018/02/20 06:00:00,1.238570,1.238640,1.237510,1.238390,1.238450,1.238530,1.237430,1.238250
2018/02/20 06:30:00,1.238390,1.238720,1.237570,1.237850,1.238250,1.238600,1.237460,1.237730
2018/02/20 07:00:00,1.237850,1.239250,1.237300,1.237840,1.237730,1.239120,1.237180,1.237710
2018/02/20 07:30:00,1.237840,1.237840,1.235700,1.236100,1.237710,1.237710,1.235600,1.235970
2018/02/20 08:00:00,1.236100,1.236540,1.234590,1.236190,1.235970,1.236420,1.234480,1.236070
2018/02/20 08:30:00,1.236190,1.237360,1.235500,1.235970,1.236070,1.237240,1.235390,1.235860
2018/02/20 09:00:00,1.235970,1.236480,1.235020,1.235410,1.235860,1.236370,1.234900,1.235280
2018/02/20 09:30:00,1.235410,1.235690,1.234360,1.234440,1.235280,1.235580,1.234240,1.234300
2018/02/20 10:00:00,1.234440,1.235130,1.233790,1.234050,1.234300,1.235020,1.233680,1.233920
2018/02/20 10:30:00,1.234050,1.234520,1.233460,1.234050,1.233920,1.234400,1.233370,1.233940
2018/02/20 11:00:00,1.234050,1.234220,1.233350,1.233580,1.233940,1.234090,1.233240,1.233460
2018/02/20 11:30:00,1.233580,1.235310,1.233580,1.234910,1.233460,1.235200,1.233450,1.234790
2018/02/20 12:00:00,1.234910,1.235630,1.234330,1.234810,1.234790,1.235530,1.234220,1.234710
2018/02/20 12:30:00,1.234810,1.235240,1.233830,1.234660,1.234710,1.235130,1.233720,1.234560
2018/02/20 13:00:00,1.234660,1.234780,1.233590,1.234010,1.234560,1.234660,1.233460,1.233880
2018/02/20 13:30:00,1.234010,1.234590,1.232020,1.232610,1.233880,1.234490,1.231950,1.232490
2018/02/20 14:00:00,1.232610,1.236040,1.232330,1.235590,1.232490,1.235950,1.232200,1.235480
2018/02/20 14:30:00,1.235590,1.236240,1.234610,1.234680,1.235480,1.236110,1.234500,1.234550
2018/02/20 15:00:00,1.234680,1.235500,1.234240,1.234720,1.234550,1.235380,1.234130,1.234600
2018/02/20 15:30:00,1.234720,1.234920,1.233890,1.234120,1.234600,1.234810,1.233760,1.234010
2018/02/20 16:00:00,1.234120,1.234490,1.232610,1.233650,1.234010,1.234370,1.232500,1.233550
2018/02/20 16:30:00,1.233650,1.235160,1.233590,1.234870,1.233550,1.235050,1.233460,1.234760
2018/02/20 17:00:00,1.234870,1.235840,1.234100,1.235490,1.234760,1.235710,1.233990,1.235360
2018/02/20 17:30:00,1.235490,1.235660,1.234260,1.234490,1.235360,1.235530,1.234150,1.234370
2018/02/20 18:00:00,1.234490,1.234640,1.233800,1.234110,1.234370,1.234520,1.233690,1.234010
2018/02/20 18:30:00,1.234110,1.234460,1.233070,1.234080,1.234010,1.234340,1.232960,1.233960
2018/02/20 19:00:00,1.234080,1.234440,1.233490,1.233520,1.233960,1.234310,1.233380,1.233400
2018/02/20 19:30:00,1.233520,1.234230,1.233370,1.233580,1.233400,1.234110,1.233260,1.233460
2018/02/20 20:00:00,1.233580,1.233950,1.233310,1.233630,1.233460,1.233830,1.233180,1.233510
2018/02/20 20:30:00,1.233630,1.234080,1.233280,1.233670,1.233510,1.233960,1.233160,1.233550
2018/02/20 21:00:00,1.233670,1.233790,1.233560,1.233640,1.233550,1.233700,1.233450,1.233540
2018/02/20 21:30:00,1.233640,1.233880,1.233630,1.233820,1.233540,1.233740,1.233500,1.233620
2018/02/20 22:00:00,1.233820,1.234270,1.233800,1.233970,1.233620,1.233940,1.233560,1.233740
2018/02/20 22:30:00,1.233970,1.234000,1.233580,1.233640,1.233740,1.233780,1.233340,1.233390
2018/02/20 23:00:00,1.233640,1.233700,1.232930,1.233320,1.233390,1.233560,1.232810,1.233210
2018/02/20 23:30:00,1.233320,1.233770,1.233120,1.233600,1.233210,1.233650,1.233000,1.233480
2018/02/21 00:00:00,1.233600,1.234240,1.233190,1.233970,1.233480,1.234120,1.233090,1.233850
2018/02/21 00:30:00,1.233970,1.234540,1.233530,1.233580,1.233850,1.234410,1.233420,1.233460
2018/02/21 01:00:00,1.233580,1.233890,1.232930,1.233810,1.233460,1.233770,1.232800,1.233670
2018/02/21 01:30:00,1.233810,1.234080,1.233570,1.233840,1.233670,1.233960,1.233450,1.233720
2018/02/21 02:00:00,1.233840,1.234500,1.233770,1.234040,1.233720,1.234380,1.233650,1.233920
2018/02/21 02:30:00,1.234040,1.234070,1.233430,1.233490,1.233920,1.233950,1.233300,1.233360
2018/02/21 03:00:00,1.233490,1.233740,1.233110,1.233270,1.233360,1.233600,1.232990,1.233130
2018/02/21 03:30:00,1.233270,1.233300,1.232450,1.233090,1.233130,1.233180,1.232320,1.232970
2018/02/21 04:00:00,1.233090,1.233540,1.233010,1.233280,1.232970,1.233410,1.232890,1.233180
2018/02/21 04:30:00,1.233280,1.233480,1.231820,1.232260,1.233180,1.233370,1.231710,1.232130
2018/02/21 05:00:00,1.232260,1.232730,1.231720,1.232570,1.232130,1.232600,1.231620,1.232450
2018/02/21 05:30:00,1.232570,1.232670,1.231790,1.232320,1.232450,1.232550,1.231680,1.232200
2018/02/21 06:00:00,1.232320,1.233090,1.232250,1.232770,1.232200,1.232960,1.232130,1.232630
2018/02/21 06:30:00,1.232770,1.233660,1.232550,1.233660,1.232630,1.233550,1.232430,1.233550
2018/02/21 07:00:00,1.233660,1.234030,1.232260,1.232370,1.233550,1.233910,1.232160,1.232240
2018/02/21 07:30:00,1.232370,1.232490,1.231070,1.231650,1.232240,1.232380,1.230960,1.231520
2018/02/21 08:00:00,1.231650,1.232600,1.230810,1.231410,1.231520,1.232490,1.230700,1.231220
2018/02/21 08:30:00,1.231410,1.232450,1.230890,1.231760,1.231220,1.232320,1.230740,1.231640
2018/02/21 09:00:00,1.231760,1.232650,1.230970,1.232600,1.231640,1.232530,1.230850,1.232510
2018/02/21 09:30:00,1.232600,1.233640,1.231590,1.233410,1.232510,1.233540,1.231460,1.233300
2018/02/21 10:00:00,1.233410,1.233410,1.232130,1.232350,1.233300,1.233310,1.232040,1.232240
2018/02/21 10:30:00,1.232350,1.233070,1.231500,1.232730,1.232240,1.232950,1.231380,1.232600
2018/02/21 11:00:00,1.232730,1.232960,1.231730,1.231850,1.232600,1.232880,1.231600,1.231740
2018/02/21 11:30:00,1.231850,1.232310,1.231500,1.231640,1.231740,1.232190,1.231370,1.231530
2018/02/21 12:00:00,1.231640,1.232360,1.230970,1.231330,1.231530,1.232250,1.230850,1.231240
2018/02/21 12:30:00,1.231330,1.231450,1.230030,1.230540,1.231240,1.231330,1.229940,1.230420
2018/02/21 13:00:00,1.230540,1.231440,1.230050,1.230950,1.230420,1.231330,1.229940,1.230820
2018/02/21 13:30:00,1.230950,1.232120,1.230780,1.232120,1.230820,1.232000,1.230660,1.232000
2018/02/21 14:00:00,1.232120,1.233620,1.231860,1.233290,1.232000,1.233520,1.231760,1.233170
2018/02/21 14:30:00,1.233290,1.233540,1.232270,1.232410,1.233170,1.233420,1.232160,1.232300
2018/02/21 15:00:00,1.232410,1.233560,1.232090,1.232590,1.232300,1.233450,1.231980,1.232460
2018/02/21 15:30:00,1.232590,1.233030,1.231500,1.232020,1.232460,1.232950,1.231380,1.231920
2018/02/21 16:00:00,1.232020,1.232510,1.230450,1.230450,1.231920,1.232390,1.230340,1.230340
2018/02/21 16:30:00,1.230450,1.231700,1.230410,1.231530,1.230340,1.231580,1.230310,1.231420
2018/02/21 17:00:00,1.231530,1.231940,1.231170,1.231660,1.231420,1.231830,1.231050,1.231540
2018/02/21 17:30:00,1.231660,1.232800,1.231330,1.232750,1.231540,1.232680,1.231220,1.232640
2018/02/21 18:00:00,1.232750,1.232840,1.232330,1.232560,1.232640,1.232720,1.232220,1.232450
2018/02/21 18:30:00,1.232560,1.232830,1.231820,1.232550,1.232450,1.232710,1.231700,1.232240
2018/02/21 19:00:00,1.232550,1.236060,1.231580,1.232550,1.232240,1.235940,1.231410,1.232430
2018/02/21 19:30:00,1.232550,1.233520,1.229960,1.230290,1.232430,1.233400,1.229870,1.230160
2018/02/21 20:00:00,1.230290,1.230310,1.228170,1.229680,1.230160,1.230180,1.228040,1.229540
2018/02/21 20:30:00,1.229680,1.229800,1.228660,1.229090,1.229540,1.229680,1.228540,1.228960
2018/02/21 21:00:00,1.229090,1.229970,1.228410,1.228770,1.228960,1.229860,1.228320,1.228650
2018/02/21 21:30:00,1.228770,1.229450,1.228320,1.228520,1.228650,1.229320,1.228160,1.228200
2018/02/21 22:00:00,1.228520,1.228700,1.228170,1.228320,1.228200,1.228510,1.228010,1.228150
2018/02/21 22:30:00,1.228320,1.228350,1.227430,1.227650,1.228150,1.228160,1.227240,1.227480
2018/02/21 23:00:00,1.227650,1.228190,1.227630,1.228100,1.227480,1.228040,1.227460,1.227980
2018/02/21 23:30:00,1.228100,1.228530,1.228100,1.228110,1.227980,1.228400,1.227970,1.227990
2018/02/22 00:00:00,1.228110,1.228170,1.226570,1.227350,1.227990,1.228050,1.226450,1.227230
2018/02/22 00:30:00,1.227350,1.227550,1.227020,1.227310,1.227230,1.227410,1.226900,1.227190
2018/02/22 01:00:00,1.227310,1.227640,1.226850,1.227350,1.227190,1.227520,1.226740,1.227230
2018/02/22 01:30:00,1.227350,1.228540,1.227210,1.227920,1.227230,1.228420,1.227100,1.227790
2018/02/22 02:00:00,1.227920,1.228410,1.227770,1.228390,1.227790,1.228280,1.227630,1.228270
2018/02/22 02:30:00,1.228390,1.228440,1.227770,1.228030,1.228270,1.228310,1.227640,1.227910
2018/02/22 03:00:00,1.228030,1.228110,1.227750,1.227760,1.227910,1.227980,1.227610,1.227630
2018/02/22 03:30:00,1.227760,1.227860,1.227310,1.227780,1.227630,1.227740,1.227180,1.227650
2018/02/22 04:00:00,1.227780,1.227960,1.227480,1.227750,1.227650,1.227830,1.227350,1.227630
2018/02/22 04:30:00,1.227750,1.227810,1.227290,1.227340,1.227630,1.227690,1.227190,1.227230
2018/02/22 05:00:00,1.227340,1.227810,1.227280,1.227390,1.227230,1.227690,1.227160,1.227280
2018/02/22 05:30:00,1.227390,1.228130,1.227210,1.227530,1.227280,1.228000,1.227100,1.227400
2018/02/22 06:00:00,1.227530,1.228070,1.227150,1.227270,1.227400,1.227950,1.227050,1.227140
2018/02/22 06:30:00,1.227270,1.227600,1.226050,1.226640,1.227140,1.227490,1.225940,1.226520
2018/02/22 07:00:00,1.226640,1.226990,1.225980,1.226730,1.226520,1.226870,1.225910,1.226600
2018/02/22 07:30:00,1.226730,1.227980,1.226450,1.227370,1.226600,1.227860,1.226330,1.227250
2018/02/22 08:00:00,1.227370,1.227590,1.226550,1.227580,1.227250,1.227480,1.226440,1.227470
2018/02/22 08:30:00,1.227580,1.228890,1.226980,1.228500,1.227470,1.228780,1.226860,1.228370
2018/02/22 09:00:00,1.228500,1.229020,1.227580,1.228900,1.228370,1.228890,1.227480,1.228780
2018/02/22 09:30:00,1.228900,1.229630,1.228520,1.229440,1.228780,1.229510,1.228430,1.229330
2018/02/22 10:00:00,1.229440,1.229850,1.228820,1.229690,1.229330,1.229730,1.228700,1.229590
2018/02/22 10:30:00,1.229690,1.229940,1.228700,1.229070,1.229590,1.229820,1.228590,1.228960
2018/02/22 11:00:00,1.229070,1.229520,1.228380,1.228500,1.228960,1.229400,1.228280,1.228380
2018/02/22 11:30:00,1.228500,1.229030,1.228060,1.228640,1.228380,1.228910,1.227940,1.228550
2018/02/22 12:00:00,1.228640,1.229270,1.228160,1.228940,1.228550,1.229170,1.228050,1.228810
2018/02/22 12:30:00,1.228940,1.230910,1.226970,1.227010,1.228810,1.230770,1.226850,1.226900
2018/02/22 13:00:00,1.227010,1.229280,1.226520,1.229100,1.226900,1.229140,1.226400,1.228950
2018/02/22 13:30:00,1.229100,1.231570,1.228340,1.231380,1.228950,1.231490,1.228220,1.231270
2018/02/22 14:00:00,1.231380,1.233540,1.230600,1.232590,1.231270,1.233440,1.230490,1.232480
2018/02/22 14:30:00,1.232590,1.233750,1.232460,1.232820,1.232480,1.233640,1.232340,1.232690
2018/02/22 15:00:00,1.232820,1.235040,1.232780,1.234560,1.232690,1.234920,1.232650,1.234450
2018/02/22 15:30:00,1.234560,1.235270,1.231670,1.232250,1.234450,1.235170,1.231560,1.232120
2018/02/22 16:00:00,1.232250,1.232680,1.231520,1.232000,1.232120,1.232560,1.231430,1.231890
2018/02/22 16:30:00,1.232000,1.233250,1.231460,1.232600,1.231890,1.233140,1.231340,1.232480
2018/02/22 17:00:00,1.232600,1.233720,1.232510,1.233720,1.232480,1.233620,1.232390,1.233620
2018/02/22 17:30:00,1.233720,1.234510,1.233010,1.233690,1.233620,1.234400,1.232900,1.233570
2018/02/22 18:00:00,1.233690,1.233990,1.233150,1.233490,1.233570,1.233860,1.233030,1.233380
2018/02/22 18:30:00,1.233490,1.233560,1.232030,1.232560,1.233380,1.233450,1.231910,1.232440
2018/02/22 19:00:00,1.232560,1.233390,1.232370,1.233300,1.232440,1.233270,1.232260,1.233200
2018/02/22 19:30:00,1.233300,1.233680,1.233040,1.233170,1.233200,1.233560,1.232930,1.233060
2018/02/22 20:00:00,1.233170,1.233520,1.232200,1.232220,1.233060,1.233390,1.232070,1.232090
2018/02/22 20:30:00,1.232220,1.232830,1.232000,1.232620,1.232090,1.232710,1.231890,1.232510
2018/02/22 21:00:00,1.232620,1.232930,1.232400,1.232410,1.232510,1.232820,1.232290,1.232320
2018/02/22 21:30:00,1.232410,1.233300,1.232360,1.233240,1.232320,1.233100,1.232260,1.232900
2018/02/22 22:00:00,1.233240,1.233300,1.232720,1.233050,1.232900,1.233030,1.232340,1.232900
2018/02/22 22:30:00,1.233050,1.233710,1.232870,1.233140,1.232900,1.233160,1.232390,1.232910
2018/02/22 23:00:00,1.233140,1.233830,1.233060,1.233210,1.232910,1.233680,1.232870,1.233080
2018/02/22 23:30:00,1.233210,1.233470,1.232580,1.232620,1.233080,1.233350,1.232460,1.232510
2018/02/23 00:00:00,1.232620,1.233230,1.232370,1.232710,1.232510,1.233110,1.232260,1.232590
2018/02/23 00:30:00,1.232710,1.232770,1.232230,1.232770,1.232590,1.232650,1.232110,1.232640
2018/02/23 01:00:00,1.232770,1.232770,1.231690,1.232260,1.232640,1.232640,1.231580,1.232140
2018/02/23 01:30:00,1.232260,1.232980,1.232000,1.232620,1.232140,1.232860,1.231880,1.232510
2018/02/23 02:00:00,1.232620,1.232680,1.231460,1.231780,1.232510,1.232560,1.231340,1.231660
2018/02/23 02:30:00,1.231780,1.232070,1.231220,1.231440,1.231660,1.231950,1.231080,1.231340
2018/02/23 03:00:00,1.231440,1.231670,1.230230,1.230840,1.231340,1.231540,1.230110,1.230710
2018/02/23 03:30:00,1.230840,1.231100,1.230400,1.230770,1.230710,1.230980,1.230280,1.230650
2018/02/23 04:00:00,1.230770,1.231040,1.230450,1.230610,1.230650,1.230940,1.230330,1.230480
2018/02/23 04:30:00,1.230610,1.230790,1.229620,1.230210,1.230480,1.230680,1.229500,1.230090
2018/02/23 05:00:00,1.230210,1.230530,1.229690,1.230030,1.230090,1.230420,1.229570,1.229920
2018/02/23 05:30:00,1.230030,1.230630,1.230030,1.230310,1.229920,1.230510,1.229920,1.230190
2018/02/23 06:00:00,1.230310,1.230860,1.230130,1.230530,1.230190,1.230740,1.230010,1.230410
2018/02/23 06:30:00,1.230530,1.230550,1.228860,1.229460,1.230410,1.230420,1.228750,1.229360
2018/02/23 07:00:00,1.229460,1.229580,1.228350,1.228390,1.229360,1.229480,1.228240,1.228280
2018/02/23 07:30:00,1.228390,1.229770,1.228030,1.229580,1.228280,1.229660,1.227910,1.229460
2018/02/23 08:00:00,1.229580,1.230850,1.228900,1.230810,1.229460,1.230740,1.228790,1.230710
2018/02/23 08:30:00,1.230810,1.232140,1.230400,1.231810,1.230710,1.232040,1.230290,1.231700
2018/02/23 09:00:00,1.231810,1.232120,1.231110,1.231150,1.231700,1.232010,1.231000,1.231030
2018/02/23 09:30:00,1.231150,1.231740,1.230560,1.230830,1.231030,1.231620,1.230440,1.230710
2018/02/23 10:00:00,1.230830,1.231820,1.230540,1.231700,1.230710,1.231690,1.230440,1.231570
2018/02/23 10:30:00,1.231700,1.231790,1.229990,1.230160,1.231570,1.231680,1.229880,1.230040
2018/02/23 11:00:00,1.230160,1.230450,1.228820,1.230170,1.230040,1.230340,1.228720,1.230050
2018/02/23 11:30:00,1.230170,1.230840,1.229730,1.230710,1.230050,1.230710,1.229620,1.230600
2018/02/23 12:00:00,1.230710,1.231020,1.230290,1.230720,1.230600,1.230900,1.230180,1.230600
2018/02/23 12:30:00,1.230720,1.231340,1.229740,1.229890,1.230600,1.231220,1.229620,1.229770
2018/02/23 13:00:00,1.229890,1.230290,1.229110,1.229440,1.229770,1.230200,1.229010,1.229320
2018/02/23 13:30:00,1.229440,1.230650,1.229000,1.229840,1.229320,1.230550,1.228880,1.229730
2018/02/23 14:00:00,1.229840,1.230720,1.229590,1.229760,1.229730,1.230610,1.229470,1.229640
2018/02/23 14:30:00,1.229760,1.230470,1.228770,1.230460,1.229640,1.230350,1.228660,1.230350
2018/02/23 15:00:00,1.230460,1.231890,1.229970,1.231090,1.230350,1.231790,1.229860,1.230980
2018/02/23 15:30:00,1.231090,1.231390,1.229070,1.230000,1.230980,1.231260,1.228960,1.229900
2018/02/23 16:00:00,1.230000,1.230110,1.228560,1.229540,1.229900,1.229980,1.228450,1.229410
2018/02/23 16:30:00,1.229540,1.230470,1.228970,1.229820,1.229410,1.230360,1.228850,1.229700
2018/02/23 17:00:00,1.229820,1.230480,1.229750,1.230200,1.229700,1.230360,1.229630,1.230080
2018/02/23 17:30:00,1.230200,1.230860,1.229900,1.230680,1.230080,1.230740,1.229800,1.230560
2018/02/23 18:00:00,1.230680,1.230690,1.229380,1.229530,1.230560,1.230570,1.229270,1.229410
2018/02/23 18:30:00,1.229530,1.229850,1.229050,1.229480,1.229410,1.229740,1.228940,1.229370
2018/02/23 19:00:00,1.229480,1.229800,1.228980,1.229000,1.229370,1.229680,1.228870,1.228880
2018/02/23 19:30:00,1.229000,1.229780,1.228950,1.229680,1.228880,1.229660,1.228820,1.229550
2018/02/23 20:00:00,1.229680,1.230530,1.229440,1.230430,1.229550,1.230420,1.229340,1.230320
2018/02/23 20:30:00,1.230430,1.230590,1.229400,1.229520,1.230320,1.230470,1.229300,1.229400
2018/02/23 21:00:00,1.229520,1.229920,1.228900,1.229620,1.229400,1.229790,1.228760,1.229480
2018/02/23 21:30:00,1.229620,1.229940,1.229410,1.229920,1.229480,1.229740,1.229200,1.229270
2018/02/25 19:30:00,1.229920,1.229920,1.229400,1.229540,1.229270,1.229310,1.228950,1.229270
2018/02/25 20:00:00,1.229540,1.229580,1.228760,1.228760,1.229270,1.229320,1.228480,1.228480
2018/02/25 20:30:00,1.228760,1.229510,1.228740,1.229350,1.228480,1.229130,1.228480,1.228930
2018/02/25 21:00:00,1.229350,1.229700,1.229040,1.229690,1.228930,1.229230,1.228700,1.229050
2018/02/25 21:30:00,1.229690,1.230540,1.229430,1.229530,1.229050,1.229950,1.228910,1.229250
2018/02/25 22:00:00,1.229530,1.229780,1.228900,1.229080,1.229250,1.229320,1.228560,1.228720
2018/02/25 22:30:00,1.229080,1.229180,1.228670,1.228960,1.228720,1.228960,1.228430,1.228650
2018/02/25 23:00:00,1.228960,1.229570,1.228760,1.229190,1.228650,1.229430,1.228600,1.229060
2018/02/25 23:30:00,1.229190,1.229340,1.228170,1.228920,1.229060,1.229220,1.228040,1.228780
2018/02/26 00:00:00,1.228920,1.229120,1.228090,1.228380,1.228780,1.228990,1.227960,1.228240
2018/02/26 00:30:00,1.228380,1.229390,1.228370,1.229050,1.228240,1.229270,1.228240,1.228910
2018/02/26 01:00:00,1.229050,1.229970,1.228870,1.228870,1.228910,1.229850,1.228750,1.228760
2018/02/26 01:30:00,1.228870,1.230560,1.228870,1.229940,1.228760,1.230440,1.228760,1.229810
2018/02/26 02:00:00,1.229940,1.231200,1.229870,1.231130,1.229810,1.231080,1.229750,1.231000
2018/02/26 02:30:00,1.231130,1.231960,1.231130,1.231580,1.231000,1.231840,1.231000,1.231450
2018/02/26 03:00:00,1.231580,1.231820,1.231300,1.231460,1.231450,1.231680,1.231170,1.231320
2018/02/26 03:30:00,1.231460,1.231490,1.230990,1.231090,1.231320,1.231370,1.230870,1.230960
2018/02/26 04:00:00,1.231090,1.231260,1.230790,1.231040,1.230960,1.231140,1.230670,1.230920
2018/02/26 04:30:00,1.231040,1.231500,1.230980,1.231290,1.230920,1.231380,1.230860,1.231160
2018/02/26 05:00:00,1.231290,1.231870,1.231090,1.231710,1.231160,1.231750,1.230970,1.231610
2018/02/26 05:30:00,1.231710,1.232880,1.231640,1.232870,1.231610,1.232750,1.231520,1.232740
2018/02/26 06:00:00,1.232870,1.233310,1.232530,1.232660,1.232740,1.233190,1.232400,1.232550
2018/02/26 06:30:00,1.232660,1.233510,1.232470,1.233090,1.232550,1.233390,1.232340,1.232980
2018/02/26 07:00:00,1.233090,1.233530,1.231590,1.232040,1.232980,1.233420,1.231480,1.231920
2018/02/26 07:30:00,1.232040,1.233530,1.231870,1.232060,1.231920,1.233400,1.231740,1.231930
2018/02/26 08:00:00,1.232060,1.233540,1.231720,1.232390,1.231930,1.233420,1.231590,1.232270
2018/02/26 08:30:00,1.232390,1.232700,1.231640,1.232000,1.232270,1.232580,1.231510,1.231900
2018/02/26 09:00:00,1.232000,1.233570,1.231940,1.233330,1.231900,1.233450,1.231800,1.233220
2018/02/26 09:30:00,1.233330,1.235040,1.233030,1.234350,1.233220,1.234930,1.232930,1.234240
2018/02/26 10:00:00,1.234350,1.234750,1.233780,1.233880,1.234240,1.234630,1.233670,1.233770
2018/02/26 10:30:00,1.233880,1.235590,1.233810,1.234640,1.233770,1.235460,1.233680,1.234510
2018/02/26 11:00:00,1.234640,1.234900,1.233920,1.233920,1.234510,1.234820,1.233800,1.233800
2018/02/26 11:30:00,1.233920,1.234290,1.233330,1.233620,1.233800,1.234210,1.233210,1.233490
2018/02/26 12:00:00,1.233620,1.233810,1.232840,1.232910,1.233490,1.233690,1.232730,1.232800
2018/02/26 12:30:00,1.232910,1.233340,1.232130,1.232130,1.232800,1.233220,1.232010,1.232020
2018/02/26 13:00:00,1.232130,1.232740,1.231780,1.232340,1.232020,1.232630,1.231660,1.232210
2018/02/26 13:30:00,1.232340,1.232400,1.230470,1.230470,1.232210,1.232270,1.230360,1.230380
2018/02/26 14:00:00,1.230470,1.231540,1.230130,1.230320,1.230380,1.231420,1.230030,1.230200
2018/02/26 14:30:00,1.230320,1.231140,1.229830,1.230440,1.230200,1.231030,1.229710,1.230300
2018/02/26 15:00:00,1.230440,1.230750,1.228710,1.229530,1.230300,1.230630,1.228600,1.229410
2018/02/26 15:30:00,1.229530,1.229860,1.227820,1.229020,1.229410,1.229760,1.227720,1.228910
2018/02/26 16:00:00,1.229020,1.231560,1.228710,1.231110,1.228910,1.231450,1.228600,1.231010
2018/02/26 16:30:00,1.231110,1.231810,1.229460,1.229570,1.231010,1.231690,1.229370,1.229450
2018/02/26 17:00:00,1.229570,1.230190,1.229070,1.230040,1.229450,1.230070,1.228960,1.229930
2018/02/26 17:30:00,1.230040,1.230940,1.229790,1.230840,1.229930,1.230810,1.229690,1.230720
2018/02/26 18:00:00,1.230840,1.231250,1.230400,1.230640,1.230720,1.231130,1.230280,1.230510
2018/02/26 18:30:00,1.230640,1.231200,1.230280,1.231060,1.230510,1.231090,1.230180,1.230950
2018/02/26 19:00:00,1.231060,1.231190,1.230690,1.231080,1.230950,1.231070,1.230560,1.230960
2018/02/26 19:30:00,1.231080,1.231460,1.230950,1.231220,1.230960,1.231340,1.230850,1.231100
2018/02/26 20:00:00,1.231220,1.231660,1.230830,1.231370,1.231100,1.231560,1.230710,1.231250
2018/02/26 20:30:00,1.231370,1.231510,1.231060,1.231380,1.231250,1.231390,1.230950,1.231260
2018/02/26 21:00:00,1.231380,1.231780,1.231160,1.231770,1.231260,1.231670,1.231070,1.231650
2018/02/26 21:30:00,1.231770,1.232040,1.231740,1.231810,1.231650,1.231920,1.231610,1.231650
2018/02/26 22:00:00,1.231810,1.231900,1.231450,1.231550,1.231650,1.231670,1.231190,1.231400
2018/02/26 22:30:00,1.231550,1.231660,1.231340,1.231380,1.231400,1.231440,1.231100,1.231190
2018/02/26 23:00:00,1.231380,1.231470,1.230960,1.231030,1.231190,1.231300,1.230810,1.230890
2018/02/26 23:30:00,1.231030,1.231690,1.230960,1.231590,1.230890,1.231550,1.230830,1.231460
2018/02/27 00:00:00,1.231590,1.232840,1.231500,1.232500,1.231460,1.232720,1.231380,1.232380
2018/02/27 00:30:00,1.232500,1.233750,1.232120,1.233230,1.232380,1.233620,1.232000,1.233100
2018/02/27 01:00:00,1.233230,1.233680,1.232800,1.232880,1.233100,1.233560,1.232690,1.232760
2018/02/27 01:30:00,1.232880,1.233750,1.232860,1.233650,1.232760,1.233620,1.232740,1.233540
2018/02/27 02:00:00,1.233650,1.234340,1.233450,1.234030,1.233540,1.234220,1.233350,1.233910
2018/02/27 02:30:00,1.234030,1.234100,1.233610,1.233650,1.233910,1.233970,1.233490,1.233530
2018/02/27 03:00:00,1.233650,1.233790,1.232370,1.233020,1.233530,1.233670,1.232240,1.232890
2018/02/27 03:30:00,1.233020,1.233210,1.232210,1.232490,1.232890,1.233090,1.232100,1.232360
2018/02/27 04:00:00,1.232490,1.232840,1.232230,1.232420,1.232360,1.232730,1.232100,1.232290
2018/02/27 04:30:00,1.232420,1.232590,1.232190,1.232480,1.232290,1.232470,1.232070,1.232350
2018/02/27 05:00:00,1.232480,1.232860,1.232410,1.232660,1.232350,1.232740,1.232290,1.232540
2018/02/27 05:30:00,1.232660,1.233090,1.232580,1.232670,1.232540,1.232970,1.232460,1.232540
2018/02/27 06:00:00,1.232670,1.233400,1.232060,1.233360,1.232540,1.233270,1.231930,1.233230
2018/02/27 06:30:00,1.233360,1.233410,1.232320,1.232740,1.233230,1.233280,1.232200,1.232640
2018/02/27 07:00:00,1.232740,1.233360,1.232220,1.233040,1.232640,1.233240,1.232100,1.232920
2018/02/27 07:30:00,1.233040,1.234540,1.232470,1.234140,1.232920,1.234430,1.232370,1.234030
2018/02/27 08:00:00,1.234140,1.234690,1.233330,1.233480,1.234030,1.234590,1.233210,1.233350
2018/02/27 08:30:00,1.233480,1.233950,1.232680,1.233340,1.233350,1.233820,1.232570,1.233230
2018/02/27 09:00:00,1.233340,1.233940,1.232830,1.233500,1.233230,1.233810,1.232710,1.233380
2018/02/27 09:30:00,1.233500,1.233640,1.232740,1.233180,1.233380,1.233540,1.232630,1.233060
2018/02/27 10:00:00,1.233180,1.233830,1.232410,1.232790,1.233060,1.233720,1.232290,1.232660
2018/02/27 10:30:00,1.232790,1.233410,1.232220,1.232840,1.232660,1.233290,1.232100,1.232710
2018/02/27 11:00:00,1.232840,1.233130,1.231990,1.232170,1.232710,1.233040,1.231880,1.232050
2018/02/27 11:30:00,1.232170,1.232380,1.231370,1.231780,1.232050,1.232260,1.231250,1.231650
2018/02/27 12:00:00,1.231780,1.232160,1.231550,1.232050,1.231650,1.232060,1.231440,1.231930
2018/02/27 12:30:00,1.232050,1.232130,1.231680,1.231770,1.231930,1.232000,1.231550,1.231660
2018/02/27 13:00:00,1.231770,1.231870,1.229610,1.230060,1.231660,1.231760,1.229490,1.229850
2018/02/27 13:30:00,1.230060,1.231400,1.228640,1.228850,1.229850,1.231310,1.228520,1.228710
2018/02/27 14:00:00,1.228850,1.229940,1.228070,1.229230,1.228710,1.229830,1.227960,1.229110
2018/02/27 14:30:00,1.229230,1.229780,1.227160,1.227430,1.229110,1.229660,1.227060,1.227320
2018/02/27 15:00:00,1.227430,1.227950,1.224800,1.226740,1.227320,1.227830,1.224700,1.226620
2018/02/27 15:30:00,1.226740,1.226740,1.222200,1.223930,1.226620,1.226620,1.222090,1.223830
2018/02/27 16:00:00,1.223930,1.224690,1.223100,1.224220,1.223830,1.224580,1.222990,1.224100
2018/02/27 16:30:00,1.224220,1.224730,1.223560,1.224010,1.224100,1.224610,1.223450,1.223890
2018/02/27 17:00:00,1.224010,1.224020,1.222600,1.223740,1.223890,1.223890,1.222480,1.223620
2018/02/27 17:30:00,1.223740,1.225140,1.223360,1.224830,1.223620,1.225020,1.223250,1.224710
2018/02/27 18:00:00,1.224830,1.225550,1.224320,1.225470,1.224710,1.225430,1.224210,1.225370
2018/02/27 18:30:00,1.225470,1.225480,1.224190,1.224340,1.225370,1.225370,1.224070,1.224210
2018/02/27 19:00:00,1.224340,1.224560,1.223550,1.224390,1.224210,1.224440,1.223430,1.224270
2018/02/27 19:30:00,1.224390,1.224400,1.223460,1.223650,1.224270,1.224280,1.223350,1.223520
2018/02/27 20:00:00,1.223650,1.224080,1.223290,1.223340,1.223520,1.223950,1.223170,1.223220
2018/02/27 20:30:00,1.223340,1.223500,1.222960,1.222990,1.223220,1.223370,1.222850,1.222860
2018/02/27 21:00:00,1.222990,1.223280,1.222620,1.222760,1.222860,1.223160,1.222510,1.222660
2018/02/27 21:30:00,1.222760,1.223430,1.222760,1.223320,1.222660,1.223270,1.222660,1.223140
2018/02/27 22:00:00,1.223320,1.223600,1.223260,1.223430,1.223140,1.223370,1.223070,1.223220
2018/02/27 22:30:00,1.223430,1.223660,1.223170,1.223620,1.223220,1.223490,1.222890,1.223470
2018/02/27 23:00:00,1.223620,1.223760,1.223360,1.223620,1.223470,1.223630,1.223240,1.223480
2018/02/27 23:30:00,1.223620,1.223930,1.222640,1.222680,1.223480,1.223800,1.222520,1.222550
2018/02/28 00:00:00,1.222680,1.223790,1.222180,1.223590,1.222550,1.223670,1.222050,1.223450
2018/02/28 00:30:00,1.223590,1.223720,1.222750,1.223210,1.223450,1.223590,1.222640,1.223110
2018/02/28 01:00:00,1.223210,1.223830,1.223050,1.223480,1.223110,1.223710,1.222940,1.223350
2018/02/28 01:30:00,1.223480,1.223820,1.222760,1.223020,1.223350,1.223700,1.222640,1.222900
2018/02/28 02:00:00,1.223020,1.223430,1.222620,1.222820,1.222900,1.223320,1.222500,1.222710
2018/02/28 02:30:00,1.222820,1.222950,1.221590,1.221720,1.222710,1.222830,1.221470,1.221580
2018/02/28 03:00:00,1.221720,1.222810,1.221600,1.222690,1.221580,1.222700,1.221490,1.222570
2018/02/28 03:30:00,1.222690,1.222980,1.222360,1.222420,1.222570,1.222870,1.222230,1.222310
2018/02/28 04:00:00,1.222420,1.222690,1.222280,1.222420,1.222310,1.222580,1.222160,1.222300
2018/02/28 04:30:00,1.222420,1.222540,1.222130,1.222480,1.222300,1.222410,1.222000,1.222360
2018/02/28 05:00:00,1.222480,1.222580,1.222210,1.222250,1.222360,1.222450,1.222090,1.222140
2018/02/28 05:30:00,1.222250,1.222880,1.222210,1.222790,1.222140,1.222750,1.222110,1.222660
2018/02/28 06:00:00,1.222790,1.222940,1.221870,1.222540,1.222660,1.222810,1.221750,1.222410
2018/02/28 06:30:00,1.222540,1.223900,1.222310,1.223660,1.222410,1.223780,1.222190,1.223530
2018/02/28 07:00:00,1.223660,1.224230,1.223030,1.223700,1.223530,1.224120,1.222910,1.223590
2018/02/28 07:30:00,1.223700,1.224100,1.222270,1.222420,1.223590,1.223980,1.222200,1.222320
2018/02/28 08:00:00,1.222420,1.222490,1.220070,1.220510,1.222320,1.222380,1.219970,1.220380
2018/02/28 08:30:00,1.220510,1.221370,1.219990,1.221140,1.220380,1.221270,1.219890,1.221030
2018/02/28 09:00:00,1.221140,1.221990,1.219920,1.221940,1.221030,1.221890,1.219810,1.221810
2018/02/28 09:30:00,1.221940,1.222380,1.221220,1.222080,1.221810,1.222250,1.221110,1.221970
2018/02/28 10:00:00,1.222080,1.222630,1.221060,1.221930,1.221970,1.222530,1.220950,1.221830
2018/02/28 10:30:00,1.221930,1.223060,1.221890,1.222110,1.221830,1.222970,1.221770,1.221990
2018/02/28 11:00:00,1.222110,1.222510,1.221440,1.222510,1.221990,1.222400,1.221330,1.222390
2018/02/28 11:30:00,1.222510,1.222630,1.221520,1.221880,1.222390,1.222510,1.221410,1.221760
2018/02/28 12:00:00,1.221880,1.222650,1.221330,1.221920,1.221760,1.222530,1.221210,1.221790
2018/02/28 12:30:00,1.221920,1.222060,1.221140,1.221950,1.221790,1.221950,1.221030,1.221840
2018/02/28 13:00:00,1.221950,1.222330,1.221040,1.221830,1.221840,1.222210,1.220930,1.221650
2018/02/28 13:30:00,1.221830,1.222110,1.220290,1.221870,1.221650,1.222000,1.220180,1.221750
2018/02/28 14:00:00,1.221870,1.222880,1.221810,1.222380,1.221750,1.222810,1.221690,1.222260
2018/02/28 14:30:00,1.222380,1.222890,1.220720,1.220870,1.222260,1.222790,1.220590,1.220740
2018/02/28 15:00:00,1.220870,1.221550,1.218840,1.219760,1.220740,1.221450,1.218720,1.219640
2018/02/28 15:30:00,1.219760,1.220830,1.218990,1.219650,1.219640,1.220720,1.218890,1.219540
2018/02/28 16:00:00,1.219650,1.221100,1.219380,1.221000,1.219540,1.220990,1.219260,1.220890
2018/02/28 16:30:00,1.221000,1.222180,1.220690,1.221130,1.220890,1.222060,1.220560,1.221010
2018/02/28 17:00:00,1.221130,1.222290,1.220960,1.221470,1.221010,1.222170,1.220830,1.221350
2018/02/28 17:30:00,1.221470,1.221520,1.220550,1.220910,1.221350,1.221410,1.220430,1.220800
2018/02/28 18:00:00,1.220910,1.221140,1.220150,1.220190,1.220800,1.221020,1.220040,1.220060
2018/02/28 18:30:00,1.220190,1.221170,1.220110,1.221140,1.220060,1.221040,1.220000,1.221020
2018/02/28 19:00:00,1.221140,1.221510,1.220790,1.220800,1.221020,1.221400,1.220670,1.220670
2018/02/28 19:30:00,1.220800,1.221180,1.220090,1.220400,1.220670,1.221060,1.219970,1.220270
2018/02/28 20:00:00,1.220400,1.220510,1.219560,1.219770,1.220270,1.220390,1.219460,1.219660
2018/02/28 20:30:00,1.219770,1.220380,1.219710,1.220080,1.219660,1.220270,1.219600,1.219970
2018/02/28 21:00:00,1.220080,1.220250,1.219730,1.219900,1.219970,1.220170,1.219630,1.219770
2018/02/28 21:30:00,1.219900,1.219960,1.219320,1.219560,1.219770,1.219840,1.219200,1.219270
2018/02/28 22:00:00,1.219560,1.220160,1.219360,1.219700,1.219270,1.219870,1.219180,1.219490
2018/02/28 22:30:00,1.219700,1.219700,1.219080,1.219350,1.219490,1.219490,1.218930,1.219190
2018/02/28 23:00:00,1.219350,1.219690,1.219150,1.219370,1.219190,1.219550,1.219030,1.219260
2018/02/28 23:30:00,1.219370,1.219470,1.219080,1.219220,1.219260,1.219350,1.218960,1.219090
