StartDate,AskOpen,AskHigh,AskLow,AskClose,BidOpen,BidHigh,BidLow,BidClose
2018/07/01 19:00:00,1.168660,1.168660,1.163580,1.163930,1.168100,1.168100,1.163440,1.163670
2018/07/01 19:30:00,1.163930,1.164330,1.163260,1.163570,1.163670,1.163840,1.163030,1.163360
2018/07/01 20:00:00,1.163570,1.164080,1.163570,1.163830,1.163360,1.163840,1.163360,1.163610
2018/07/01 20:30:00,1.163830,1.169560,1.163770,1.168060,1.163610,1.168960,1.163540,1.167480
2018/07/01 21:00:00,1.168060,1.169520,1.166600,1.166730,1.167480,1.168940,1.166000,1.166460
2018/07/01 21:30:00,1.166730,1.168380,1.166480,1.166920,1.166460,1.167720,1.165980,1.166540
2018/07/01 22:00:00,1.166920,1.167530,1.166650,1.167320,1.166540,1.167250,1.166240,1.167100
2018/07/01 22:30:00,1.167320,1.167600,1.167120,1.167490,1.167100,1.167420,1.166910,1.167330
2018/07/01 23:00:00,1.167490,1.168310,1.167110,1.167200,1.167330,1.168180,1.167000,1.167070
2018/07/01 23:30:00,1.167200,1.168020,1.167170,1.167850,1.167070,1.167900,1.167040,1.167710
2018/07/02 00:00:00,1.167850,1.167970,1.166690,1.166800,1.167710,1.167830,1.166570,1.166670
2018/07/02 00:30:00,1.166800,1.166840,1.166470,1.166530,1.166670,1.166710,1.166350,1.166410
2018/07/02 01:00:00,1.166530,1.166980,1.166020,1.166090,1.166410,1.166850,1.165900,1.165970
2018/07/02 01:30:00,1.166090,1.166100,1.165480,1.165990,1.165970,1.165970,1.165350,1.165870
2018/07/02 02:00:00,1.165990,1.166510,1.165750,1.166150,1.165870,1.166390,1.165630,1.166030
2018/07/02 02:30:00,1.166150,1.166330,1.165640,1.165740,1.166030,1.166210,1.165520,1.165620
2018/07/02 03:00:00,1.165740,1.166050,1.165540,1.165960,1.165620,1.165920,1.165420,1.165830
2018/07/02 03:30:00,1.165960,1.166180,1.165240,1.165350,1.165830,1.166050,1.165130,1.165220
2018/07/02 04:00:00,1.165350,1.165800,1.165140,1.165450,1.165220,1.165680,1.165030,1.165330
2018/07/02 04:30:00,1.165450,1.165490,1.164880,1.165050,1.165330,1.165370,1.164760,1.164930
2018/07/02 05:00:00,1.165050,1.165120,1.164380,1.164700,1.164930,1.164980,1.164270,1.164580
2018/07/02 05:30:00,1.164700,1.164860,1.163770,1.164320,1.164580,1.164740,1.163640,1.164190
2018/07/02 06:00:00,1.164320,1.165080,1.163890,1.164380,1.164190,1.164970,1.163770,1.164260
2018/07/02 06:30:00,1.164380,1.165600,1.164330,1.165310,1.164260,1.165480,1.164210,1.165200
2018/07/02 07:00:00,1.165310,1.165330,1.162780,1.163440,1.165200,1.165230,1.162660,1.163310
2018/07/02 07:30:00,1.163440,1.163890,1.162670,1.163130,1.163310,1.163760,1.162530,1.163000
2018/07/02 08:00:00,1.163130,1.164340,1.162730,1.163830,1.163000,1.164220,1.162600,1.163710
2018/07/02 08:30:00,1.163830,1.164850,1.163550,1.164420,1.163710,1.164750,1.163430,1.164310
2018/07/02 09:00:00,1.164420,1.164780,1.163830,1.164610,1.164310,1.164650,1.163730,1.164480
2018/07/02 09:30:00,1.164610,1.164850,1.163690,1.164060,1.164480,1.164740,1.163560,1.163950
2018/07/02 10:00:00,1.164060,1.164470,1.163530,1.163940,1.163950,1.164350,1.163400,1.163820
2018/07/02 10:30:00,1.163940,1.164720,1.163940,1.164280,1.163820,1.164610,1.163810,1.164160
2018/07/02 11:00:00,1.164280,1.164540,1.163260,1.163290,1.164160,1.164410,1.163140,1.163170
2018/07/02 11:30:00,1.163290,1.164350,1.162840,1.163040,1.163170,1.164220,1.162720,1.162920
2018/07/02 12:00:00,1.163040,1.164310,1.162400,1.163800,1.162920,1.164190,1.162280,1.163670
2018/07/02 12:30:00,1.163800,1.163860,1.161690,1.161850,1.163670,1.163730,1.161560,1.161720
2018/07/02 13:00:00,1.161850,1.161860,1.160000,1.160460,1.161720,1.161730,1.159900,1.160330
2018/07/02 13:30:00,1.160460,1.161080,1.159740,1.160930,1.160330,1.160970,1.159640,1.160750
2018/07/02 14:00:00,1.160930,1.161040,1.160010,1.160230,1.160750,1.160930,1.159890,1.160120
2018/07/02 14:30:00,1.160230,1.162450,1.160200,1.160590,1.160120,1.162320,1.160090,1.160470
2018/07/02 15:00:00,1.160590,1.160990,1.159180,1.160000,1.160470,1.160860,1.159080,1.159870
2018/07/02 15:30:00,1.160000,1.160990,1.159960,1.160490,1.159870,1.160880,1.159830,1.160370
2018/07/02 16:00:00,1.160490,1.161180,1.160340,1.160820,1.160370,1.161080,1.160220,1.160690
2018/07/02 16:30:00,1.160820,1.161170,1.160030,1.160050,1.160690,1.161060,1.159930,1.159930
2018/07/02 17:00:00,1.160050,1.160730,1.160050,1.160290,1.159930,1.160620,1.159930,1.160170
2018/07/02 17:30:00,1.160290,1.160950,1.160240,1.160860,1.160170,1.160840,1.160120,1.160740
2018/07/02 18:00:00,1.160860,1.161010,1.160430,1.160550,1.160740,1.160900,1.160310,1.160430
2018/07/02 18:30:00,1.160550,1.161120,1.160520,1.161090,1.160430,1.161000,1.160400,1.160960
2018/07/02 19:00:00,1.161090,1.162290,1.160980,1.162290,1.160960,1.162170,1.160860,1.162160
2018/07/02 19:30:00,1.162290,1.162400,1.161660,1.161790,1.162160,1.162280,1.161540,1.161670
2018/07/02 20:00:00,1.161790,1.164870,1.161670,1.164060,1.161670,1.164790,1.161560,1.163940
2018/07/02 20:30:00,1.164060,1.164580,1.163650,1.163990,1.163940,1.164450,1.163520,1.163840
2018/07/02 21:00:00,1.163990,1.164400,1.163730,1.163970,1.163840,1.164200,1.163530,1.163680
2018/07/02 21:30:00,1.163970,1.164000,1.163520,1.163600,1.163680,1.163780,1.163340,1.163390
2018/07/02 22:00:00,1.163600,1.163920,1.163440,1.163690,1.163390,1.163780,1.163300,1.163570
2018/07/02 22:30:00,1.163690,1.164050,1.163610,1.164040,1.163570,1.163910,1.163470,1.163900
2018/07/02 23:00:00,1.164040,1.164370,1.163920,1.164230,1.163900,1.164240,1.163800,1.164100
2018/07/02 23:30:00,1.164230,1.164300,1.164030,1.164210,1.164100,1.164170,1.163910,1.164100
2018/07/03 00:00:00,1.164210,1.164440,1.163490,1.164100,1.164100,1.164320,1.163370,1.163960
2018/07/03 00:30:00,1.164100,1.164160,1.163510,1.163520,1.163960,1.164030,1.163390,1.163400
2018/07/03 01:00:00,1.163520,1.163830,1.162550,1.162670,1.163400,1.163710,1.162420,1.162550
2018/07/03 01:30:00,1.162670,1.163270,1.162110,1.163220,1.162550,1.163160,1.161990,1.163110
2018/07/03 02:00:00,1.163220,1.163780,1.162660,1.163630,1.163110,1.163650,1.162540,1.163510
2018/07/03 02:30:00,1.163630,1.163840,1.163010,1.163100,1.163510,1.163720,1.162890,1.162980
2018/07/03 03:00:00,1.163100,1.163650,1.162820,1.163080,1.162980,1.163530,1.162700,1.162960
2018/07/03 03:30:00,1.163080,1.163440,1.162980,1.163290,1.162960,1.163330,1.162850,1.163160
2018/07/03 04:00:00,1.163290,1.163890,1.163260,1.163490,1.163160,1.163770,1.163140,1.163360
2018/07/03 04:30:00,1.163490,1.163660,1.162840,1.163290,1.163360,1.163530,1.162710,1.163170
2018/07/03 05:00:00,1.163290,1.163570,1.162740,1.163190,1.163170,1.163460,1.162610,1.163060
2018/07/03 05:30:00,1.163190,1.164500,1.163110,1.163850,1.163060,1.164390,1.162980,1.163740
2018/07/03 06:00:00,1.163850,1.165480,1.163610,1.164610,1.163740,1.165360,1.163490,1.164490
2018/07/03 06:30:00,1.164610,1.165140,1.163960,1.164610,1.164490,1.165020,1.163850,1.164490
2018/07/03 07:00:00,1.164610,1.165990,1.164380,1.164510,1.164490,1.165870,1.164250,1.164380
2018/07/03 07:30:00,1.164510,1.167090,1.164390,1.167030,1.164380,1.166970,1.164270,1.166910
2018/07/03 08:00:00,1.167030,1.167370,1.166180,1.166210,1.166910,1.167260,1.166070,1.166100
2018/07/03 08:30:00,1.166210,1.166980,1.165840,1.166020,1.166100,1.166870,1.165710,1.165880
2018/07/03 09:00:00,1.166020,1.166350,1.165180,1.165820,1.165880,1.166230,1.165060,1.165690
2018/07/03 09:30:00,1.165820,1.166550,1.165160,1.165420,1.165690,1.166440,1.165040,1.165300
2018/07/03 10:00:00,1.165420,1.166240,1.164850,1.165060,1.165300,1.166120,1.164730,1.164940
2018/07/03 10:30:00,1.165060,1.165430,1.164560,1.164760,1.164940,1.165310,1.164440,1.164640
2018/07/03 11:00:00,1.164760,1.165630,1.164700,1.165520,1.164640,1.165510,1.164580,1.165400
2018/07/03 11:30:00,1.165520,1.166650,1.165350,1.166500,1.165400,1.166530,1.165240,1.166390
2018/07/03 12:00:00,1.166500,1.166750,1.165760,1.165950,1.166390,1.166630,1.165640,1.165820
2018/07/03 12:30:00,1.165950,1.166030,1.164440,1.165340,1.165820,1.165970,1.164310,1.165210
2018/07/03 13:00:00,1.165340,1.165650,1.164350,1.164860,1.165210,1.165510,1.164230,1.164740
2018/07/03 13:30:00,1.164860,1.165700,1.164510,1.165700,1.164740,1.165580,1.164390,1.165560
2018/07/03 14:00:00,1.165700,1.166250,1.165230,1.165950,1.165560,1.166130,1.165110,1.165830
2018/07/03 14:30:00,1.165950,1.166550,1.164840,1.165040,1.165830,1.166440,1.164730,1.164920
2018/07/03 15:00:00,1.165040,1.166230,1.164720,1.165780,1.164920,1.166110,1.164620,1.165650
2018/07/03 15:30:00,1.165780,1.165960,1.165210,1.165320,1.165650,1.165840,1.165080,1.165200
2018/07/03 16:00:00,1.165320,1.165420,1.164370,1.164550,1.165200,1.165300,1.164250,1.164430
2018/07/03 16:30:00,1.164550,1.165290,1.164250,1.165030,1.164430,1.165170,1.164130,1.164910
2018/07/03 17:00:00,1.165030,1.165290,1.164480,1.165280,1.164910,1.165170,1.164360,1.165150
2018/07/03 17:30:00,1.165280,1.165950,1.165210,1.165850,1.165150,1.165840,1.165120,1.165730
2018/07/03 18:00:00,1.165850,1.166190,1.165660,1.165740,1.165730,1.166070,1.165530,1.165630
2018/07/03 18:30:00,1.165740,1.165840,1.165170,1.165260,1.165630,1.165730,1.165060,1.165140
2018/07/03 19:00:00,1.165260,1.166010,1.165240,1.165970,1.165140,1.165880,1.165130,1.165840
2018/07/03 19:30:00,1.165970,1.166340,1.165800,1.166200,1.165840,1.166210,1.165680,1.166090
2018/07/03 20:00:00,1.166200,1.166420,1.166090,1.166250,1.166090,1.166300,1.165980,1.166140
2018/07/03 20:30:00,1.166250,1.166420,1.165930,1.166000,1.166140,1.166300,1.165730,1.165730
2018/07/03 21:00:00,1.166000,1.166250,1.165780,1.165960,1.165730,1.166020,1.165430,1.165720
2018/07/03 21:30:00,1.165960,1.166490,1.165770,1.166120,1.165720,1.165970,1.165510,1.165630
2018/07/03 22:00:00,1.166120,1.166240,1.165760,1.165830,1.165630,1.165990,1.165530,1.165700
2018/07/03 22:30:00,1.165830,1.166150,1.165790,1.166050,1.165700,1.166010,1.165650,1.165910
2018/07/03 23:00:00,1.166050,1.166120,1.165690,1.165740,1.165910,1.165990,1.165560,1.165610
2018/07/03 23:30:00,1.165740,1.166070,1.165520,1.165980,1.165610,1.165950,1.165390,1.165830
2018/07/04 00:00:00,1.165980,1.166560,1.165890,1.166530,1.165830,1.166440,1.165750,1.166400
2018/07/04 00:30:00,1.166530,1.167240,1.166470,1.167130,1.166400,1.167120,1.166340,1.167010
2018/07/04 01:00:00,1.167130,1.167170,1.166480,1.166830,1.167010,1.167040,1.166350,1.166710
2018/07/04 01:30:00,1.166830,1.167930,1.166830,1.167440,1.166710,1.167810,1.166710,1.167330
2018/07/04 02:00:00,1.167440,1.167640,1.166980,1.167080,1.167330,1.167520,1.166860,1.166950
2018/07/04 02:30:00,1.167080,1.167180,1.166480,1.167160,1.166950,1.167060,1.166360,1.167030
2018/07/04 03:00:00,1.167160,1.167180,1.166430,1.166550,1.167030,1.167060,1.166310,1.166430
2018/07/04 03:30:00,1.166550,1.166700,1.166390,1.166530,1.166430,1.166580,1.166260,1.166410
2018/07/04 04:00:00,1.166530,1.166690,1.166230,1.166490,1.166410,1.166570,1.166110,1.166360
2018/07/04 04:30:00,1.166490,1.166490,1.166040,1.166360,1.166360,1.166360,1.165910,1.166220
2018/07/04 05:00:00,1.166360,1.167090,1.166150,1.166870,1.166220,1.166950,1.166020,1.166750
2018/07/04 05:30:00,1.166870,1.167340,1.166590,1.166770,1.166750,1.167210,1.166470,1.166640
2018/07/04 06:00:00,1.166770,1.167900,1.166060,1.167430,1.166640,1.167780,1.165940,1.167320
2018/07/04 06:30:00,1.167430,1.168240,1.166920,1.168050,1.167320,1.168120,1.166810,1.167920
2018/07/04 07:00:00,1.168050,1.168050,1.166280,1.166680,1.167920,1.167920,1.166160,1.166560
2018/07/04 07:30:00,1.166680,1.166890,1.165050,1.165170,1.166560,1.166770,1.164930,1.165050
2018/07/04 08:00:00,1.165170,1.165520,1.163660,1.164540,1.165050,1.165400,1.163540,1.164400
2018/07/04 08:30:00,1.164540,1.164990,1.164300,1.164490,1.164400,1.164880,1.164160,1.164380
2018/07/04 09:00:00,1.164490,1.164730,1.163840,1.164030,1.164380,1.164610,1.163720,1.163920
2018/07/04 09:30:00,1.164030,1.164150,1.163120,1.163620,1.163920,1.164020,1.163000,1.163500
2018/07/04 10:00:00,1.163620,1.163930,1.163130,1.163810,1.163500,1.163810,1.163010,1.163690
2018/07/04 10:30:00,1.163810,1.164340,1.163680,1.164180,1.163690,1.164210,1.163550,1.164070
2018/07/04 11:00:00,1.164180,1.164340,1.163520,1.163890,1.164070,1.164210,1.163400,1.163770
2018/07/04 11:30:00,1.163890,1.164240,1.163330,1.163690,1.163770,1.164130,1.163220,1.163580
2018/07/04 12:00:00,1.163690,1.164450,1.163490,1.164150,1.163580,1.164320,1.163370,1.164010
2018/07/04 12:30:00,1.164150,1.164580,1.164030,1.164290,1.164010,1.164460,1.163890,1.164160
2018/07/04 13:00:00,1.164290,1.164590,1.163780,1.164040,1.164160,1.164460,1.163660,1.163930
2018/07/04 13:30:00,1.164040,1.164870,1.163780,1.164630,1.163930,1.164760,1.163660,1.164500
2018/07/04 14:00:00,1.164630,1.165060,1.164390,1.164980,1.164500,1.164940,1.164270,1.164850
2018/07/04 14:30:00,1.164980,1.165030,1.164310,1.164380,1.164850,1.164900,1.164190,1.164250
2018/07/04 15:00:00,1.164380,1.164530,1.163960,1.164320,1.164250,1.164400,1.163840,1.164190
2018/07/04 15:30:00,1.164320,1.164320,1.163770,1.164150,1.164190,1.164190,1.163650,1.164020
2018/07/04 16:00:00,1.164150,1.166730,1.163900,1.166160,1.164020,1.166580,1.163760,1.166010
2018/07/04 16:30:00,1.166160,1.167550,1.165900,1.166760,1.166010,1.167420,1.165760,1.166580
2018/07/04 17:00:00,1.166760,1.167500,1.166450,1.167310,1.166580,1.167320,1.166130,1.167060
2018/07/04 17:30:00,1.167310,1.167540,1.166620,1.166840,1.167060,1.167420,1.166300,1.166610
2018/07/04 18:00:00,1.166840,1.166940,1.166510,1.166720,1.166610,1.166800,1.166310,1.166520
2018/07/04 18:30:00,1.166720,1.166880,1.166650,1.166800,1.166520,1.166710,1.166510,1.166570
2018/07/04 19:00:00,1.166800,1.167230,1.166280,1.166510,1.166570,1.166940,1.166080,1.166270
2018/07/04 19:30:00,1.166510,1.166580,1.165360,1.165610,1.166270,1.166350,1.165110,1.165390
2018/07/04 20:00:00,1.165610,1.166150,1.165350,1.165730,1.165390,1.165750,1.165110,1.165550
2018/07/04 20:30:00,1.165730,1.165860,1.165590,1.165810,1.165550,1.165620,1.165440,1.165500
2018/07/04 21:00:00,1.165810,1.165860,1.165770,1.165810,1.165500,1.165650,1.165460,1.165590
2018/07/04 21:30:00,1.165810,1.165830,1.165580,1.165730,1.165590,1.165660,1.165410,1.165490
2018/07/04 22:00:00,1.165730,1.166390,1.165630,1.166060,1.165490,1.166270,1.165440,1.165910
2018/07/04 22:30:00,1.166060,1.166240,1.165960,1.165990,1.165910,1.166090,1.165810,1.165840
2018/07/04 23:00:00,1.165990,1.166300,1.165830,1.166230,1.165840,1.166160,1.165700,1.166090
2018/07/04 23:30:00,1.166230,1.166410,1.166030,1.166110,1.166090,1.166290,1.165900,1.165980
2018/07/05 00:00:00,1.166110,1.166390,1.165590,1.165910,1.165980,1.166260,1.165460,1.165780
2018/07/05 00:30:00,1.165910,1.165950,1.165410,1.165760,1.165780,1.165830,1.165280,1.165630
2018/07/05 01:00:00,1.165760,1.166460,1.165540,1.166020,1.165630,1.166350,1.165410,1.165910
2018/07/05 01:30:00,1.166020,1.166410,1.165610,1.165940,1.165910,1.166290,1.165490,1.165810
2018/07/05 02:00:00,1.165940,1.166270,1.165870,1.166110,1.165810,1.166140,1.165740,1.165990
2018/07/05 02:30:00,1.166110,1.166810,1.165900,1.166370,1.165990,1.166690,1.165780,1.166240
2018/07/05 03:00:00,1.166370,1.166440,1.166100,1.166280,1.166240,1.166300,1.165980,1.166150
2018/07/05 03:30:00,1.166280,1.166340,1.165710,1.165870,1.166150,1.166220,1.165600,1.165750
2018/07/05 04:00:00,1.165870,1.165930,1.165600,1.165720,1.165750,1.165810,1.165480,1.165600
2018/07/05 04:30:00,1.165720,1.165980,1.165550,1.165770,1.165600,1.165850,1.165420,1.165640
2018/07/05 05:00:00,1.165770,1.166680,1.165040,1.166480,1.165640,1.166550,1.164920,1.166350
2018/07/05 05:30:00,1.166480,1.169470,1.166460,1.169430,1.166350,1.169350,1.166330,1.169310
2018/07/05 06:00:00,1.169430,1.170260,1.168870,1.169180,1.169310,1.170140,1.168750,1.169060
2018/07/05 06:30:00,1.169180,1.171160,1.169010,1.169760,1.169060,1.171040,1.168900,1.169640
2018/07/05 07:00:00,1.169760,1.170600,1.169010,1.169190,1.169640,1.170490,1.168890,1.169060
2018/07/05 07:30:00,1.169190,1.169710,1.168610,1.168660,1.169060,1.169590,1.168490,1.168530
2018/07/05 08:00:00,1.168660,1.169120,1.167900,1.168500,1.168530,1.168990,1.167780,1.168370
2018/07/05 08:30:00,1.168500,1.169680,1.168350,1.169370,1.168370,1.169550,1.168220,1.169250
2018/07/05 09:00:00,1.169370,1.169420,1.168490,1.168810,1.169250,1.169290,1.168360,1.168680
2018/07/05 09:30:00,1.168810,1.169680,1.168250,1.168820,1.168680,1.169560,1.168120,1.168700
2018/07/05 10:00:00,1.168820,1.169440,1.168430,1.168930,1.168700,1.169320,1.168300,1.168810
2018/07/05 10:30:00,1.168930,1.169030,1.168330,1.168690,1.168810,1.168920,1.168220,1.168570
2018/07/05 11:00:00,1.168690,1.170170,1.168600,1.169900,1.168570,1.170050,1.168480,1.169770
2018/07/05 11:30:00,1.169900,1.170940,1.169760,1.170930,1.169770,1.170820,1.169630,1.170810
2018/07/05 12:00:00,1.170930,1.172080,1.170530,1.171900,1.170810,1.171980,1.170440,1.171740
2018/07/05 12:30:00,1.171900,1.171910,1.170780,1.171490,1.171740,1.171760,1.170660,1.171360
2018/07/05 13:00:00,1.171490,1.171510,1.169610,1.169780,1.171360,1.171370,1.169490,1.169710
2018/07/05 13:30:00,1.169780,1.170570,1.169520,1.170360,1.169710,1.170450,1.169420,1.170210
2018/07/05 14:00:00,1.170360,1.170650,1.169170,1.170290,1.170210,1.170530,1.169040,1.170170
2018/07/05 14:30:00,1.170290,1.170810,1.169760,1.170280,1.170170,1.170690,1.169640,1.170150
2018/07/05 15:00:00,1.170280,1.170610,1.169660,1.170060,1.170150,1.170490,1.169540,1.169940
2018/07/05 15:30:00,1.170060,1.170060,1.169300,1.169600,1.169940,1.169950,1.169190,1.169480
2018/07/05 16:00:00,1.169600,1.169920,1.169350,1.169590,1.169480,1.169800,1.169240,1.169470
2018/07/05 16:30:00,1.169590,1.169960,1.169270,1.169830,1.169470,1.169840,1.169160,1.169720
2018/07/05 17:00:00,1.169830,1.169880,1.168690,1.169000,1.169720,1.169770,1.168580,1.168890
2018/07/05 17:30:00,1.169000,1.169060,1.168150,1.168410,1.168890,1.168940,1.168040,1.168230
2018/07/05 18:00:00,1.168410,1.169280,1.167260,1.168310,1.168230,1.169150,1.167150,1.168200
2018/07/05 18:30:00,1.168310,1.168310,1.167530,1.168120,1.168200,1.168200,1.167410,1.167990
2018/07/05 19:00:00,1.168120,1.168810,1.167990,1.168810,1.167990,1.168690,1.167860,1.168690
2018/07/05 19:30:00,1.168810,1.169400,1.168700,1.169340,1.168690,1.169280,1.168580,1.169220
2018/07/05 20:00:00,1.169340,1.169340,1.168770,1.169070,1.169220,1.169220,1.168650,1.168950
2018/07/05 20:30:00,1.169070,1.169310,1.168910,1.169230,1.168950,1.169170,1.168780,1.168930
2018/07/05 21:00:00,1.169230,1.169350,1.168900,1.169160,1.168930,1.169070,1.168700,1.168990
2018/07/05 21:30:00,1.169160,1.169220,1.169010,1.169090,1.168990,1.169040,1.168790,1.168900
2018/07/05 22:00:00,1.169090,1.169250,1.168940,1.169190,1.168900,1.169120,1.168790,1.169050
2018/07/05 22:30:00,1.169190,1.169330,1.169050,1.169190,1.169050,1.169190,1.168910,1.169060
2018/07/05 23:00:00,1.169190,1.169500,1.169040,1.169400,1.169060,1.169370,1.168920,1.169270
2018/07/05 23:30:00,1.169400,1.169690,1.169190,1.169250,1.169270,1.169560,1.169070,1.169140
2018/07/06 00:00:00,1.169250,1.169740,1.169080,1.169440,1.169140,1.169610,1.168950,1.169310
2018/07/06 00:30:00,1.169440,1.169780,1.169120,1.169320,1.169310,1.169670,1.169010,1.169210
2018/07/06 01:00:00,1.169320,1.169450,1.168420,1.168530,1.169210,1.169320,1.168310,1.168400
2018/07/06 01:30:00,1.168530,1.168630,1.168080,1.168090,1.168400,1.168510,1.167960,1.167960
2018/07/06 02:00:00,1.168090,1.169050,1.168060,1.169040,1.167960,1.168920,1.167940,1.168920
2018/07/06 02:30:00,1.169040,1.169060,1.168630,1.168640,1.168920,1.168940,1.168510,1.168520
2018/07/06 03:00:00,1.168640,1.168840,1.168480,1.168730,1.168520,1.168720,1.168360,1.168610
2018/07/06 03:30:00,1.168730,1.168910,1.168570,1.168830,1.168610,1.168780,1.168460,1.168700
2018/07/06 04:00:00,1.168830,1.169620,1.168620,1.169280,1.168700,1.169510,1.168490,1.169150
2018/07/06 04:30:00,1.169280,1.169630,1.168620,1.168620,1.169150,1.169510,1.168490,1.168510
2018/07/06 05:00:00,1.168620,1.169430,1.168470,1.169220,1.168510,1.169310,1.168350,1.169100
2018/07/06 05:30:00,1.169220,1.170360,1.168550,1.170150,1.169100,1.170240,1.168410,1.170010
2018/07/06 06:00:00,1.170150,1.171590,1.169910,1.170720,1.170010,1.171470,1.169790,1.170590
2018/07/06 06:30:00,1.170720,1.172760,1.170460,1.172180,1.170590,1.172630,1.170340,1.172050
2018/07/06 07:00:00,1.172180,1.172270,1.170550,1.170690,1.172050,1.172180,1.170430,1.170570
2018/07/06 07:30:00,1.170690,1.170940,1.170070,1.170310,1.170570,1.170820,1.169950,1.170180
2018/07/06 08:00:00,1.170310,1.171350,1.170180,1.171170,1.170180,1.171240,1.170050,1.171060
2018/07/06 08:30:00,1.171170,1.171540,1.170850,1.171400,1.171060,1.171440,1.170740,1.171260
2018/07/06 09:00:00,1.171400,1.172030,1.170590,1.171190,1.171260,1.171910,1.170470,1.171070
2018/07/06 09:30:00,1.171190,1.171190,1.170440,1.171020,1.171070,1.171070,1.170320,1.170890
2018/07/06 10:00:00,1.171020,1.171230,1.170350,1.170420,1.170890,1.171100,1.170220,1.170300
2018/07/06 10:30:00,1.170420,1.171110,1.170310,1.170710,1.170300,1.171020,1.170190,1.170620
2018/07/06 11:00:00,1.170710,1.171980,1.170550,1.171600,1.170620,1.171870,1.170420,1.171470
2018/07/06 11:30:00,1.171600,1.171910,1.171140,1.171400,1.171470,1.171790,1.171040,1.171270
2018/07/06 12:00:00,1.171400,1.172750,1.171210,1.171970,1.171270,1.172640,1.171100,1.171420
2018/07/06 12:30:00,1.171970,1.176430,1.171930,1.174410,1.171420,1.176280,1.171420,1.174290
2018/07/06 13:00:00,1.174410,1.176310,1.174310,1.176030,1.174290,1.176180,1.174190,1.175920
2018/07/06 13:30:00,1.176030,1.176200,1.175110,1.175810,1.175920,1.176080,1.174980,1.175680
2018/07/06 14:00:00,1.175810,1.176800,1.175160,1.176180,1.175680,1.176670,1.175030,1.176050
2018/07/06 14:30:00,1.176180,1.176460,1.175330,1.175740,1.176050,1.176330,1.175220,1.175620
2018/07/06 15:00:00,1.175740,1.176190,1.175350,1.175690,1.175620,1.176070,1.175220,1.175560
2018/07/06 15:30:00,1.175690,1.175920,1.173380,1.173730,1.175560,1.175800,1.173260,1.173610
2018/07/06 16:00:00,1.173730,1.174290,1.173500,1.173610,1.173610,1.174160,1.173370,1.173490
2018/07/06 16:30:00,1.173610,1.174660,1.173450,1.174610,1.173490,1.174560,1.173330,1.174500
2018/07/06 17:00:00,1.174610,1.174980,1.174400,1.174470,1.174500,1.174850,1.174270,1.174350
2018/07/06 17:30:00,1.174470,1.174930,1.173980,1.174090,1.174350,1.174800,1.173850,1.173970
2018/07/06 18:00:00,1.174090,1.174330,1.173900,1.174210,1.173970,1.174210,1.173780,1.174100
2018/07/06 18:30:00,1.174210,1.174530,1.174060,1.174520,1.174100,1.174410,1.173950,1.174390
2018/07/06 19:00:00,1.174520,1.174710,1.174110,1.174380,1.174390,1.174600,1.174010,1.174250
2018/07/06 19:30:00,1.174380,1.174650,1.174210,1.174310,1.174250,1.174530,1.174090,1.174200
2018/07/06 20:00:00,1.174310,1.174880,1.174200,1.174830,1.174200,1.174790,1.174100,1.174700
2018/07/06 20:30:00,1.174830,1.174830,1.174110,1.174600,1.174700,1.174700,1.173910,1.174170
2018/07/08 19:00:00,1.174600,1.175110,1.173850,1.174230,1.174170,1.174710,1.173370,1.173550
2018/07/08 19:30:00,1.174230,1.175750,1.174230,1.175250,1.173550,1.175360,1.173550,1.174590
2018/07/08 20:00:00,1.175250,1.175250,1.174490,1.174510,1.174590,1.174590,1.173850,1.173970
2018/07/08 21:00:00,1.174510,1.175550,1.174440,1.175260,1.173970,1.175330,1.173970,1.174980
2018/07/08 21:30:00,1.175260,1.175360,1.174790,1.174960,1.174980,1.175080,1.174510,1.174680
2018/07/08 22:00:00,1.174960,1.175520,1.174800,1.175260,1.174680,1.175360,1.174500,1.175110
2018/07/08 22:30:00,1.175260,1.175500,1.174560,1.175090,1.175110,1.175360,1.174410,1.174950
2018/07/08 23:00:00,1.175090,1.175150,1.174420,1.174540,1.174950,1.175000,1.174290,1.174400
2018/07/08 23:30:00,1.174540,1.175350,1.174440,1.175250,1.174400,1.175220,1.174300,1.175110
2018/07/09 00:00:00,1.175250,1.175490,1.175080,1.175250,1.175110,1.175350,1.174930,1.175130
2018/07/09 00:30:00,1.175250,1.175960,1.175030,1.175660,1.175130,1.175860,1.174910,1.175530
2018/07/09 01:00:00,1.175660,1.175660,1.175100,1.175350,1.175530,1.175530,1.174980,1.175220
2018/07/09 01:30:00,1.175350,1.176790,1.175260,1.176350,1.175220,1.176680,1.175140,1.176220
2018/07/09 02:00:00,1.176350,1.176540,1.175740,1.176000,1.176220,1.176410,1.175630,1.175880
2018/07/09 02:30:00,1.176000,1.176330,1.175770,1.176040,1.175880,1.176210,1.175650,1.175920
2018/07/09 03:00:00,1.176040,1.176620,1.175790,1.176610,1.175920,1.176490,1.175670,1.176480
2018/07/09 03:30:00,1.176610,1.176660,1.176270,1.176400,1.176480,1.176540,1.176160,1.176270
2018/07/09 04:00:00,1.176400,1.176560,1.176290,1.176310,1.176270,1.176430,1.176170,1.176190
2018/07/09 04:30:00,1.176310,1.176460,1.176050,1.176210,1.176190,1.176330,1.175950,1.176090
2018/07/09 05:00:00,1.176210,1.176300,1.175900,1.176150,1.176090,1.176170,1.175770,1.176020
2018/07/09 05:30:00,1.176150,1.177040,1.175720,1.177020,1.176020,1.176950,1.175590,1.176900
2018/07/09 06:00:00,1.177020,1.177990,1.176840,1.177100,1.176900,1.177880,1.176720,1.176980
2018/07/09 06:30:00,1.177100,1.177550,1.176250,1.176520,1.176980,1.177420,1.176120,1.176400
2018/07/09 07:00:00,1.176520,1.177300,1.175280,1.175450,1.176400,1.177180,1.175150,1.175330
2018/07/09 07:30:00,1.175450,1.177040,1.175070,1.177010,1.175330,1.176920,1.174950,1.176880
2018/07/09 08:00:00,1.177010,1.178200,1.176620,1.177570,1.176880,1.178080,1.176500,1.177440
2018/07/09 08:30:00,1.177570,1.177990,1.176990,1.177280,1.177440,1.177860,1.176860,1.177150
2018/07/09 09:00:00,1.177280,1.177350,1.176470,1.176780,1.177150,1.177230,1.176350,1.176660
2018/07/09 09:30:00,1.176780,1.177600,1.176340,1.176980,1.176660,1.177480,1.176220,1.176850
2018/07/09 10:00:00,1.176980,1.177290,1.176300,1.176470,1.176850,1.177170,1.176180,1.176340
2018/07/09 10:30:00,1.176470,1.177480,1.176360,1.177430,1.176340,1.177360,1.176240,1.177310
2018/07/09 11:00:00,1.177430,1.178290,1.177050,1.177820,1.177310,1.178160,1.176940,1.177690
2018/07/09 11:30:00,1.177820,1.178950,1.177750,1.178350,1.177690,1.178830,1.177630,1.178220
2018/07/09 12:00:00,1.178350,1.179140,1.178260,1.178560,1.178220,1.179020,1.178130,1.178430
2018/07/09 12:30:00,1.178560,1.178640,1.177660,1.177810,1.178430,1.178520,1.177560,1.177690
2018/07/09 13:00:00,1.177810,1.178450,1.177350,1.177390,1.177690,1.178330,1.177240,1.177270
2018/07/09 13:30:00,1.177390,1.177550,1.175720,1.175990,1.177270,1.177430,1.175600,1.175840
2018/07/09 14:00:00,1.175990,1.176550,1.174730,1.174790,1.175840,1.176430,1.174600,1.174660
2018/07/09 14:30:00,1.174790,1.176050,1.174750,1.175930,1.174660,1.175950,1.174630,1.175810
2018/07/09 15:00:00,1.175930,1.176250,1.174780,1.174920,1.175810,1.176130,1.174670,1.174790
2018/07/09 15:30:00,1.174920,1.175040,1.174150,1.174510,1.174790,1.174920,1.174030,1.174380
2018/07/09 16:00:00,1.174510,1.175140,1.174260,1.175000,1.174380,1.175030,1.174140,1.174880
2018/07/09 16:30:00,1.175000,1.175130,1.174240,1.174770,1.174880,1.175010,1.174120,1.174640
2018/07/09 17:00:00,1.174770,1.174890,1.173310,1.173840,1.174640,1.174780,1.173210,1.173730
2018/07/09 17:30:00,1.173840,1.175130,1.173590,1.174850,1.173730,1.175010,1.173470,1.174730
2018/07/09 18:00:00,1.174850,1.175260,1.174740,1.174890,1.174730,1.175150,1.174610,1.174760
2018/07/09 18:30:00,1.174890,1.175040,1.174650,1.174880,1.174760,1.174930,1.174530,1.174760
2018/07/09 19:00:00,1.174880,1.175510,1.174150,1.174220,1.174760,1.175420,1.174030,1.174100
2018/07/09 19:30:00,1.174220,1.175020,1.174170,1.174680,1.174100,1.174900,1.174050,1.174550
2018/07/09 20:00:00,1.174680,1.175280,1.174560,1.175110,1.174550,1.175170,1.174470,1.174970
2018/07/09 20:30:00,1.175110,1.175260,1.174960,1.175200,1.174970,1.175130,1.174830,1.174960
2018/07/09 21:00:00,1.175200,1.175590,1.175080,1.175100,1.174960,1.175400,1.174740,1.174860
2018/07/09 21:30:00,1.175100,1.175140,1.174740,1.174890,1.174860,1.174940,1.174620,1.174740
2018/07/09 22:00:00,1.174890,1.175260,1.174840,1.175190,1.174740,1.175120,1.174720,1.175060
2018/07/09 22:30:00,1.175190,1.175340,1.175030,1.175100,1.175060,1.175210,1.174890,1.174970
2018/07/09 23:00:00,1.175100,1.175700,1.174950,1.175650,1.174970,1.175580,1.174810,1.175520
2018/07/09 23:30:00,1.175650,1.175780,1.175480,1.175670,1.175520,1.175650,1.175360,1.175540
2018/07/10 00:00:00,1.175670,1.176170,1.175610,1.175800,1.175540,1.176060,1.175500,1.175670
2018/07/10 00:30:00,1.175800,1.176330,1.175800,1.176020,1.175670,1.176210,1.175670,1.175890
2018/07/10 01:00:00,1.176020,1.176260,1.175730,1.175820,1.175890,1.176140,1.175610,1.175700
2018/07/10 01:30:00,1.175820,1.176180,1.174770,1.174840,1.175700,1.176050,1.174650,1.174720
2018/07/10 02:00:00,1.174840,1.175340,1.174660,1.175130,1.174720,1.175220,1.174540,1.175000
2018/07/10 02:30:00,1.175130,1.175550,1.175080,1.175440,1.175000,1.175430,1.174960,1.175310
2018/07/10 03:00:00,1.175440,1.175700,1.175260,1.175610,1.175310,1.175570,1.175140,1.175480
2018/07/10 03:30:00,1.175610,1.175620,1.174720,1.174830,1.175480,1.175490,1.174610,1.174710
2018/07/10 04:00:00,1.174830,1.174880,1.174140,1.174300,1.174710,1.174760,1.174020,1.174170
2018/07/10 04:30:00,1.174300,1.174500,1.174090,1.174160,1.174170,1.174380,1.173960,1.174030
2018/07/10 05:00:00,1.174160,1.174510,1.173880,1.174420,1.174030,1.174380,1.173760,1.174300
2018/07/10 05:30:00,1.174420,1.174490,1.173790,1.174040,1.174300,1.174370,1.173670,1.173910
2018/07/10 06:00:00,1.174040,1.174400,1.173250,1.173770,1.173910,1.174280,1.173130,1.173640
2018/07/10 06:30:00,1.173770,1.174980,1.173500,1.174900,1.173640,1.174860,1.173380,1.174780
2018/07/10 07:00:00,1.174900,1.175560,1.174320,1.175060,1.174780,1.175440,1.174200,1.174930
2018/07/10 07:30:00,1.175060,1.175060,1.174010,1.174590,1.174930,1.174960,1.173880,1.174450
2018/07/10 08:00:00,1.174590,1.174920,1.174070,1.174340,1.174450,1.174800,1.173940,1.174210
2018/07/10 08:30:00,1.174340,1.174350,1.172190,1.172720,1.174210,1.174230,1.172060,1.172580
2018/07/10 09:00:00,1.172720,1.172750,1.171510,1.172260,1.172580,1.172610,1.171390,1.172150
2018/07/10 09:30:00,1.172260,1.172530,1.171670,1.172240,1.172150,1.172410,1.171550,1.172120
2018/07/10 10:00:00,1.172240,1.172730,1.171770,1.172380,1.172120,1.172600,1.171640,1.172250
2018/07/10 10:30:00,1.172380,1.172500,1.170380,1.170440,1.172250,1.172370,1.170260,1.170310
2018/07/10 11:00:00,1.170440,1.170510,1.169100,1.170410,1.170310,1.170380,1.168970,1.170290
2018/07/10 11:30:00,1.170410,1.171090,1.170080,1.170570,1.170290,1.170960,1.169960,1.170460
2018/07/10 12:00:00,1.170570,1.171400,1.169780,1.170100,1.170460,1.171280,1.169660,1.169980
2018/07/10 12:30:00,1.170100,1.172070,1.169870,1.171710,1.169980,1.171940,1.169740,1.171580
2018/07/10 13:00:00,1.171710,1.172280,1.171280,1.171590,1.171580,1.172150,1.171180,1.171460
2018/07/10 13:30:00,1.171590,1.171910,1.170820,1.170910,1.171460,1.171790,1.170710,1.170790
2018/07/10 14:00:00,1.170910,1.171790,1.170450,1.171140,1.170790,1.171670,1.170340,1.171010
2018/07/10 14:30:00,1.171140,1.172470,1.170630,1.172050,1.171010,1.172340,1.170520,1.171930
2018/07/10 15:00:00,1.172050,1.173240,1.171970,1.172980,1.171930,1.173140,1.171860,1.172860
2018/07/10 15:30:00,1.172980,1.173960,1.172880,1.172980,1.172860,1.173890,1.172770,1.172860
2018/07/10 16:00:00,1.172980,1.173820,1.172210,1.173610,1.172860,1.173690,1.172100,1.173480
2018/07/10 16:30:00,1.173610,1.173830,1.173160,1.173380,1.173480,1.173710,1.173040,1.173250
2018/07/10 17:00:00,1.173380,1.174360,1.173250,1.173710,1.173250,1.174230,1.173130,1.173590
2018/07/10 17:30:00,1.173710,1.174760,1.173660,1.174680,1.173590,1.174640,1.173550,1.174560
2018/07/10 18:00:00,1.174680,1.174980,1.174130,1.174470,1.174560,1.174860,1.174030,1.174350
2018/07/10 18:30:00,1.174470,1.174680,1.174280,1.174670,1.174350,1.174570,1.174150,1.174540
2018/07/10 19:00:00,1.174670,1.174910,1.174390,1.174870,1.174540,1.174800,1.174290,1.174740
2018/07/10 19:30:00,1.174870,1.174870,1.174480,1.174710,1.174740,1.174750,1.174370,1.174590
2018/07/10 20:00:00,1.174710,1.174790,1.174520,1.174720,1.174590,1.174660,1.174400,1.174600
2018/07/10 20:30:00,1.174720,1.175040,1.174430,1.174540,1.174600,1.174920,1.174260,1.174360
2018/07/10 21:00:00,1.174540,1.174760,1.173560,1.173900,1.174360,1.174590,1.173220,1.173720
2018/07/10 21:30:00,1.173900,1.174150,1.173530,1.173990,1.173720,1.173940,1.173400,1.173850
2018/07/10 22:00:00,1.173990,1.174060,1.173370,1.173610,1.173850,1.173940,1.173240,1.173460
2018/07/10 22:30:00,1.173610,1.173760,1.173350,1.173650,1.173460,1.173630,1.173220,1.173530
2018/07/10 23:00:00,1.173650,1.173790,1.172600,1.172740,1.173530,1.173670,1.172470,1.172600
2018/07/10 23:30:00,1.172740,1.173230,1.172640,1.172870,1.172600,1.173110,1.172540,1.172740
2018/07/11 00:00:00,1.172870,1.173290,1.172820,1.173230,1.172740,1.173170,1.172700,1.173110
2018/07/11 00:30:00,1.173230,1.173290,1.172480,1.172720,1.173110,1.173160,1.172360,1.172600
2018/07/11 01:00:00,1.172720,1.173110,1.172450,1.172890,1.172600,1.172980,1.172350,1.172770
2018/07/11 01:30:00,1.172890,1.173340,1.172720,1.173290,1.172770,1.173220,1.172600,1.173170
2018/07/11 02:00:00,1.173290,1.173710,1.173220,1.173300,1.173170,1.173590,1.173090,1.173170
2018/07/11 02:30:00,1.173300,1.173490,1.172850,1.173050,1.173170,1.173370,1.172720,1.172930
2018/07/11 03:00:00,1.173050,1.173270,1.172510,1.172710,1.172930,1.173170,1.172390,1.172590
2018/07/11 03:30:00,1.172710,1.173130,1.172570,1.173000,1.172590,1.173010,1.172450,1.172880
2018/07/11 04:00:00,1.173000,1.173120,1.172580,1.172770,1.172880,1.173000,1.172460,1.172650
2018/07/11 04:30:00,1.172770,1.172920,1.172330,1.172770,1.172650,1.172800,1.172220,1.172640
2018/07/11 05:00:00,1.172770,1.173120,1.172600,1.172840,1.172640,1.172990,1.172480,1.172710
2018/07/11 05:30:00,1.172840,1.173280,1.172770,1.172960,1.172710,1.173160,1.172630,1.172830
2018/07/11 06:00:00,1.172960,1.173950,1.172500,1.173670,1.172830,1.173830,1.172380,1.173550
2018/07/11 06:30:00,1.173670,1.174090,1.173030,1.173110,1.173550,1.174020,1.172920,1.172980
2018/07/11 07:00:00,1.173110,1.173840,1.172260,1.172930,1.172980,1.173720,1.172130,1.172790
2018/07/11 07:30:00,1.172930,1.173660,1.172770,1.173380,1.172790,1.173540,1.172640,1.173260
2018/07/11 08:00:00,1.173380,1.174130,1.172780,1.172830,1.173260,1.174010,1.172660,1.172710
2018/07/11 08:30:00,1.172830,1.172890,1.170860,1.170910,1.172710,1.172760,1.170750,1.170790
2018/07/11 09:00:00,1.170910,1.171050,1.169570,1.170110,1.170790,1.170940,1.169450,1.169980
2018/07/11 09:30:00,1.170110,1.171210,1.169880,1.170420,1.169980,1.171090,1.169760,1.170300
2018/07/11 10:00:00,1.170420,1.171810,1.170270,1.171170,1.170300,1.171700,1.170150,1.171040
2018/07/11 10:30:00,1.171170,1.171760,1.171010,1.171270,1.171040,1.171650,1.170900,1.171140
2018/07/11 11:00:00,1.171270,1.172100,1.170740,1.171750,1.171140,1.171980,1.170620,1.171620
2018/07/11 11:30:00,1.171750,1.171830,1.170050,1.170730,1.171620,1.171720,1.169930,1.170600
2018/07/11 12:00:00,1.170730,1.174350,1.170170,1.172910,1.170600,1.174220,1.170050,1.172730
2018/07/11 12:30:00,1.172910,1.175540,1.172570,1.175260,1.172730,1.175410,1.172440,1.175130
2018/07/11 13:00:00,1.175260,1.175890,1.174460,1.175000,1.175130,1.175780,1.174330,1.174880
2018/07/11 13:30:00,1.175000,1.175540,1.174450,1.174710,1.174880,1.175410,1.174340,1.174600
2018/07/11 14:00:00,1.174710,1.175040,1.173700,1.174400,1.174600,1.174930,1.173580,1.174270
2018/07/11 14:30:00,1.174400,1.174470,1.171860,1.172230,1.174270,1.174370,1.171740,1.172120
2018/07/11 15:00:00,1.172230,1.172880,1.171070,1.171710,1.172120,1.172760,1.170960,1.171580
2018/07/11 15:30:00,1.171710,1.172480,1.171710,1.172300,1.171580,1.172370,1.171570,1.172170
2018/07/11 16:00:00,1.172300,1.172770,1.170880,1.170890,1.172170,1.172640,1.170770,1.170780
2018/07/11 16:30:00,1.170890,1.171250,1.169770,1.170010,1.170780,1.171130,1.169640,1.169890
2018/07/11 17:00:00,1.170010,1.170040,1.167230,1.168280,1.169890,1.169920,1.167110,1.168150
2018/07/11 17:30:00,1.168280,1.168300,1.166800,1.167420,1.168150,1.168170,1.166700,1.167290
2018/07/11 18:00:00,1.167420,1.167650,1.166600,1.166880,1.167290,1.167520,1.166480,1.166750
2018/07/11 18:30:00,1.166880,1.168340,1.166740,1.167480,1.166750,1.168220,1.166610,1.167350
2018/07/11 19:00:00,1.167480,1.167850,1.167050,1.167330,1.167350,1.167720,1.166940,1.167200
2018/07/11 19:30:00,1.167330,1.167390,1.166850,1.167010,1.167200,1.167270,1.166750,1.166880
2018/07/11 20:00:00,1.167010,1.167700,1.167010,1.167510,1.166880,1.167560,1.166880,1.167360
2018/07/11 20:30:00,1.167510,1.167750,1.167370,1.167410,1.167360,1.167620,1.167190,1.167210
2018/07/11 21:00:00,1.167410,1.167960,1.167370,1.167420,1.167210,1.167680,1.167130,1.167190
2018/07/11 21:30:00,1.167420,1.167930,1.167240,1.167570,1.167190,1.167770,1.167080,1.167270
2018/07/11 22:00:00,1.167570,1.167660,1.167340,1.167600,1.167270,1.167520,1.167210,1.167460
2018/07/11 22:30:00,1.167600,1.167760,1.167410,1.167670,1.167460,1.167620,1.167280,1.167530
2018/07/11 23:00:00,1.167670,1.167770,1.167280,1.167640,1.167530,1.167630,1.167150,1.167510
2018/07/11 23:30:00,1.167640,1.167850,1.167550,1.167570,1.167510,1.167730,1.167440,1.167450
2018/07/12 00:00:00,1.167570,1.167870,1.167070,1.167740,1.167450,1.167770,1.166950,1.167610
2018/07/12 00:30:00,1.167740,1.167920,1.167070,1.167340,1.167610,1.167790,1.166950,1.167210
2018/07/12 01:00:00,1.167340,1.168050,1.167280,1.167630,1.167210,1.167940,1.167160,1.167500
2018/07/12 01:30:00,1.167630,1.168080,1.167270,1.167720,1.167500,1.167970,1.167170,1.167600
2018/07/12 02:00:00,1.167720,1.168030,1.167380,1.167470,1.167600,1.167910,1.167260,1.167350
2018/07/12 02:30:00,1.167470,1.167660,1.167270,1.167310,1.167350,1.167530,1.167140,1.167180
2018/07/12 03:00:00,1.167310,1.167650,1.167160,1.167430,1.167180,1.167530,1.167030,1.167300
2018/07/12 03:30:00,1.167430,1.167780,1.167380,1.167680,1.167300,1.167660,1.167260,1.167560
2018/07/12 04:00:00,1.167680,1.168140,1.167620,1.168090,1.167560,1.168030,1.167500,1.167960
2018/07/12 04:30:00,1.168090,1.168430,1.167890,1.168310,1.167960,1.168310,1.167760,1.168190
2018/07/12 05:00:00,1.168310,1.168680,1.168210,1.168310,1.168190,1.168560,1.168080,1.168190
2018/07/12 05:30:00,1.168310,1.168370,1.167850,1.167920,1.168190,1.168260,1.167730,1.167790
2018/07/12 06:00:00,1.167920,1.168330,1.167190,1.168220,1.167790,1.168200,1.167080,1.168090
2018/07/12 06:30:00,1.168220,1.168730,1.167680,1.168550,1.168090,1.168610,1.167560,1.168430
2018/07/12 07:00:00,1.168550,1.169370,1.167430,1.168650,1.168430,1.169250,1.167310,1.168540
2018/07/12 07:30:00,1.168650,1.169160,1.167970,1.168530,1.168540,1.169040,1.167850,1.168420
2018/07/12 08:00:00,1.168530,1.169320,1.168150,1.168920,1.168420,1.169190,1.168030,1.168800
2018/07/12 08:30:00,1.168920,1.169040,1.167330,1.167510,1.168800,1.168930,1.167200,1.167370
2018/07/12 09:00:00,1.167510,1.168400,1.167370,1.167820,1.167370,1.168280,1.167260,1.167700
2018/07/12 09:30:00,1.167820,1.168130,1.166960,1.167760,1.167700,1.168020,1.166840,1.167660
2018/07/12 10:00:00,1.167760,1.168150,1.167230,1.167770,1.167660,1.168030,1.167110,1.167650
2018/07/12 10:30:00,1.167770,1.168150,1.166110,1.166180,1.167650,1.168040,1.166000,1.166080
2018/07/12 11:00:00,1.166180,1.166470,1.165280,1.165790,1.166080,1.166350,1.165160,1.165660
2018/07/12 11:30:00,1.165790,1.165820,1.165020,1.165350,1.165660,1.165700,1.164900,1.165230
2018/07/12 12:00:00,1.165350,1.166340,1.165340,1.166190,1.165230,1.166230,1.165230,1.165910
2018/07/12 12:30:00,1.166190,1.168850,1.165410,1.167220,1.165910,1.168720,1.165280,1.167090
2018/07/12 13:00:00,1.167220,1.168180,1.166760,1.167760,1.167090,1.168050,1.166620,1.167640
2018/07/12 13:30:00,1.167760,1.168090,1.167060,1.167350,1.167640,1.167960,1.166950,1.167220
2018/07/12 14:00:00,1.167350,1.168360,1.167140,1.167480,1.167220,1.168240,1.167010,1.167360
2018/07/12 14:30:00,1.167480,1.168640,1.166960,1.168450,1.167360,1.168520,1.166830,1.168330
2018/07/12 15:00:00,1.168450,1.168880,1.167870,1.168500,1.168330,1.168780,1.167760,1.168370
2018/07/12 15:30:00,1.168500,1.169630,1.168270,1.169140,1.168370,1.169520,1.168140,1.169000
2018/07/12 16:00:00,1.169140,1.169330,1.168510,1.168860,1.169000,1.169210,1.168390,1.168740
2018/07/12 16:30:00,1.168860,1.168860,1.168170,1.168280,1.168740,1.168740,1.168060,1.168160
2018/07/12 17:00:00,1.168280,1.168760,1.167040,1.167870,1.168160,1.168650,1.166920,1.167760
2018/07/12 17:30:00,1.167870,1.168330,1.167670,1.167670,1.167760,1.168210,1.167540,1.167560
2018/07/12 18:00:00,1.167670,1.167860,1.166980,1.167500,1.167560,1.167740,1.166870,1.167370
2018/07/12 18:30:00,1.167500,1.167760,1.167010,1.167120,1.167370,1.167620,1.166880,1.166990
2018/07/12 19:00:00,1.167120,1.167620,1.166710,1.167390,1.166990,1.167510,1.166590,1.167280
2018/07/12 19:30:00,1.167390,1.167560,1.167190,1.167480,1.167280,1.167440,1.167070,1.167340
2018/07/12 20:00:00,1.167480,1.167530,1.167120,1.167230,1.167340,1.167410,1.167010,1.167100
2018/07/12 20:30:00,1.167230,1.167260,1.166980,1.167210,1.167100,1.167140,1.166850,1.166980
2018/07/12 21:00:00,1.167210,1.167260,1.166700,1.166770,1.166980,1.167040,1.166530,1.166560
2018/07/12 21:30:00,1.166770,1.167020,1.166700,1.166970,1.166560,1.166860,1.166560,1.166850
2018/07/12 22:00:00,1.166970,1.166990,1.166730,1.166740,1.166850,1.167070,1.166600,1.166600
2018/07/12 22:30:00,1.166740,1.166760,1.165590,1.166460,1.166600,1.166620,1.165450,1.166330
2018/07/12 23:00:00,1.166460,1.166460,1.165960,1.166410,1.166330,1.166330,1.165820,1.166270
2018/07/12 23:30:00,1.166410,1.166520,1.166280,1.166470,1.166270,1.166390,1.166160,1.166340
2018/07/13 00:00:00,1.166470,1.166920,1.166390,1.166620,1.166340,1.166790,1.166260,1.166480
2018/07/13 00:30:00,1.166620,1.167030,1.166160,1.166760,1.166480,1.166920,1.166030,1.166630
2018/07/13 01:00:00,1.166760,1.167380,1.166480,1.167290,1.166630,1.167260,1.166360,1.167160
2018/07/13 01:30:00,1.167290,1.167570,1.166850,1.166950,1.167160,1.167450,1.166720,1.166820
2018/07/13 02:00:00,1.166950,1.167470,1.166660,1.167280,1.166820,1.167350,1.166540,1.167150
2018/07/13 02:30:00,1.167280,1.167310,1.166740,1.167000,1.167150,1.167190,1.166620,1.166880
2018/07/13 03:00:00,1.167000,1.167010,1.166340,1.166490,1.166880,1.166890,1.166240,1.166370
2018/07/13 03:30:00,1.166490,1.166770,1.166120,1.166220,1.166370,1.166640,1.166000,1.166100
2018/07/13 04:00:00,1.166220,1.166650,1.166210,1.166460,1.166100,1.166530,1.166100,1.166330
2018/07/13 04:30:00,1.166460,1.166530,1.165770,1.165770,1.166330,1.166400,1.165640,1.165640
2018/07/13 05:00:00,1.165770,1.165930,1.165520,1.165580,1.165640,1.165820,1.165400,1.165460
2018/07/13 05:30:00,1.165580,1.166430,1.165520,1.166420,1.165460,1.166300,1.165400,1.166300
2018/07/13 06:00:00,1.166420,1.166420,1.165010,1.166120,1.166300,1.166300,1.164910,1.165990
2018/07/13 06:30:00,1.166120,1.166350,1.164270,1.164600,1.165990,1.166230,1.164180,1.164490
2018/07/13 07:00:00,1.164600,1.165070,1.162760,1.163410,1.164490,1.164950,1.162640,1.163290
2018/07/13 07:30:00,1.163410,1.163630,1.162550,1.163140,1.163290,1.163500,1.162420,1.163010
2018/07/13 08:00:00,1.163140,1.163690,1.161710,1.162430,1.163010,1.163590,1.161600,1.162300
2018/07/13 08:30:00,1.162430,1.162800,1.161360,1.162770,1.162300,1.162690,1.161240,1.162650
2018/07/13 09:00:00,1.162770,1.162860,1.161680,1.162730,1.162650,1.162740,1.161560,1.162610
2018/07/13 09:30:00,1.162730,1.163840,1.162240,1.163570,1.162610,1.163710,1.162120,1.163450
2018/07/13 10:00:00,1.163570,1.163820,1.162310,1.162580,1.163450,1.163690,1.162190,1.162460
2018/07/13 10:30:00,1.162580,1.162890,1.162180,1.162490,1.162460,1.162780,1.162070,1.162360
2018/07/13 11:00:00,1.162490,1.163510,1.162060,1.162100,1.162360,1.163390,1.161960,1.161970
2018/07/13 11:30:00,1.162100,1.163140,1.161930,1.162690,1.161970,1.163010,1.161810,1.162570
2018/07/13 12:00:00,1.162690,1.164450,1.162580,1.164140,1.162570,1.164320,1.162460,1.164020
2018/07/13 12:30:00,1.164140,1.164740,1.163670,1.164540,1.164020,1.164630,1.163550,1.164420
2018/07/13 13:00:00,1.164540,1.164900,1.163800,1.164260,1.164420,1.164770,1.163690,1.164130
2018/07/13 13:30:00,1.164260,1.164780,1.163920,1.164210,1.164130,1.164650,1.163800,1.164050
2018/07/13 14:00:00,1.164210,1.165650,1.164040,1.165340,1.164050,1.165540,1.163910,1.165210
2018/07/13 14:30:00,1.165340,1.166990,1.164720,1.166750,1.165210,1.166870,1.164600,1.166620
2018/07/13 15:00:00,1.166750,1.167180,1.165970,1.167150,1.166620,1.167060,1.165850,1.167030
2018/07/13 15:30:00,1.167150,1.167350,1.166360,1.166710,1.167030,1.167230,1.166250,1.166600
2018/07/13 16:00:00,1.166710,1.167430,1.166590,1.167430,1.166600,1.167310,1.166480,1.167310
2018/07/13 16:30:00,1.167430,1.167830,1.166960,1.167410,1.167310,1.167700,1.166840,1.167280
2018/07/13 17:00:00,1.167410,1.167590,1.166680,1.166850,1.167280,1.167450,1.166550,1.166720
2018/07/13 17:30:00,1.166850,1.167640,1.166700,1.167630,1.166720,1.167520,1.166570,1.167520
2018/07/13 18:00:00,1.167630,1.168350,1.167470,1.168130,1.167520,1.168220,1.167340,1.168000
2018/07/13 18:30:00,1.168130,1.168160,1.167690,1.167750,1.168000,1.168060,1.167570,1.167620
2018/07/13 19:00:00,1.167750,1.167890,1.167640,1.167670,1.167620,1.167770,1.167520,1.167570
2018/07/13 19:30:00,1.167670,1.168470,1.167650,1.168170,1.167570,1.168360,1.167530,1.168050
2018/07/13 20:00:00,1.168170,1.168650,1.168170,1.168550,1.168050,1.168530,1.168040,1.168420
2018/07/13 20:30:00,1.168550,1.168770,1.168300,1.168730,1.168420,1.168610,1.168180,1.168360
2018/07/15 19:00:00,1.168730,1.169550,1.168610,1.169060,1.168360,1.169340,1.168010,1.168610
2018/07/15 19:30:00,1.169060,1.169400,1.169020,1.169400,1.168610,1.169010,1.168550,1.168940
2018/07/15 20:00:00,1.169400,1.169450,1.168590,1.168810,1.168940,1.169170,1.168050,1.168180
2018/07/15 20:30:00,1.168810,1.169440,1.168810,1.169100,1.168180,1.169080,1.168180,1.168850
2018/07/15 21:00:00,1.169100,1.169530,1.168530,1.169200,1.168850,1.169080,1.167970,1.168670
2018/07/15 21:30:00,1.169200,1.169210,1.168700,1.168700,1.168670,1.168760,1.168440,1.168490
2018/07/15 22:00:00,1.168700,1.168700,1.167980,1.168170,1.168490,1.168490,1.167820,1.168020
2018/07/15 22:30:00,1.168170,1.168520,1.168020,1.168380,1.168020,1.168390,1.167910,1.168240
2018/07/15 23:00:00,1.168380,1.168450,1.167910,1.168220,1.168240,1.168320,1.167790,1.168090
2018/07/15 23:30:00,1.168220,1.168270,1.167770,1.167910,1.168090,1.168140,1.167650,1.167780
2018/07/16 00:00:00,1.167910,1.168180,1.167630,1.168170,1.167780,1.168050,1.167500,1.168040
2018/07/16 00:30:00,1.168170,1.168580,1.167950,1.168470,1.168040,1.168450,1.167830,1.168350
2018/07/16 01:00:00,1.168470,1.168720,1.168050,1.168210,1.168350,1.168600,1.167930,1.168070
2018/07/16 01:30:00,1.168210,1.168970,1.168140,1.168560,1.168070,1.168840,1.168020,1.168420
2018/07/16 02:00:00,1.168560,1.168810,1.168050,1.168320,1.168420,1.168690,1.167930,1.168190
2018/07/16 02:30:00,1.168320,1.168530,1.168070,1.168290,1.168190,1.168400,1.167950,1.168160
2018/07/16 03:00:00,1.168290,1.168860,1.168060,1.168760,1.168160,1.168740,1.167950,1.168640
2018/07/16 03:30:00,1.168760,1.168800,1.168380,1.168410,1.168640,1.168700,1.168260,1.168280
2018/07/16 04:00:00,1.168410,1.168600,1.168350,1.168550,1.168280,1.168460,1.168190,1.168390
2018/07/16 04:30:00,1.168550,1.168820,1.168470,1.168680,1.168390,1.168680,1.168320,1.168540
2018/07/16 05:00:00,1.168680,1.169620,1.168670,1.169430,1.168540,1.169430,1.168540,1.169290
2018/07/16 05:30:00,1.169430,1.170800,1.169210,1.170310,1.169290,1.170650,1.169080,1.170170
2018/07/16 06:00:00,1.170310,1.170590,1.169550,1.170070,1.170170,1.170460,1.169440,1.169940
2018/07/16 06:30:00,1.170070,1.170740,1.169560,1.169840,1.169940,1.170610,1.169440,1.169720
2018/07/16 07:00:00,1.169840,1.170630,1.168810,1.169160,1.169720,1.170520,1.168680,1.169030
2018/07/16 07:30:00,1.169160,1.169390,1.168570,1.169210,1.169030,1.169270,1.168450,1.169080
2018/07/16 08:00:00,1.169210,1.169880,1.168820,1.169670,1.169080,1.169770,1.168700,1.169550
2018/07/16 08:30:00,1.169670,1.170280,1.169240,1.169730,1.169550,1.170160,1.169130,1.169590
2018/07/16 09:00:00,1.169730,1.170570,1.169420,1.170350,1.169590,1.170440,1.169300,1.170220
2018/07/16 09:30:00,1.170350,1.171050,1.170210,1.170610,1.170220,1.170920,1.170080,1.170480
2018/07/16 10:00:00,1.170610,1.171150,1.170450,1.170700,1.170480,1.171020,1.170330,1.170580
2018/07/16 10:30:00,1.170700,1.171800,1.170500,1.171660,1.170580,1.171690,1.170370,1.171530
2018/07/16 11:00:00,1.171660,1.172540,1.171490,1.172530,1.171530,1.172430,1.171370,1.172410
2018/07/16 11:30:00,1.172530,1.172610,1.171480,1.171650,1.172410,1.172490,1.171370,1.171520
2018/07/16 12:00:00,1.171650,1.172310,1.171520,1.171950,1.171520,1.172190,1.171390,1.171750
2018/07/16 12:30:00,1.171950,1.172310,1.170870,1.171070,1.171750,1.172180,1.170750,1.170960
2018/07/16 13:00:00,1.171070,1.171290,1.170420,1.170970,1.170960,1.171170,1.170290,1.170850
2018/07/16 13:30:00,1.170970,1.171880,1.170410,1.171870,1.170850,1.171770,1.170280,1.171750
2018/07/16 14:00:00,1.171870,1.172460,1.171480,1.171760,1.171750,1.172340,1.171360,1.171640
2018/07/16 14:30:00,1.171760,1.172120,1.170500,1.170920,1.171640,1.171990,1.170380,1.170800
2018/07/16 15:00:00,1.170920,1.171450,1.170650,1.170860,1.170800,1.171340,1.170530,1.170720
2018/07/16 15:30:00,1.170860,1.171270,1.170270,1.171200,1.170720,1.171160,1.170150,1.171080
2018/07/16 16:00:00,1.171200,1.171350,1.170150,1.170160,1.171080,1.171230,1.170040,1.170050
2018/07/16 16:30:00,1.170160,1.170640,1.169480,1.170640,1.170050,1.170510,1.169380,1.170510
2018/07/16 17:00:00,1.170640,1.171730,1.170620,1.171440,1.170510,1.171610,1.170500,1.171310
2018/07/16 17:30:00,1.171440,1.171560,1.171000,1.171110,1.171310,1.171440,1.170880,1.170980
2018/07/16 18:00:00,1.171110,1.171690,1.171090,1.171640,1.170980,1.171560,1.170970,1.171510
2018/07/16 18:30:00,1.171640,1.171890,1.171270,1.171450,1.171510,1.171770,1.171150,1.171340
2018/07/16 19:00:00,1.171450,1.171610,1.171270,1.171500,1.171340,1.171480,1.171150,1.171370
2018/07/16 19:30:00,1.171500,1.171710,1.171030,1.171130,1.171370,1.171590,1.170910,1.171010
2018/07/16 20:00:00,1.171130,1.171670,1.171080,1.171530,1.171010,1.171560,1.170970,1.171420
2018/07/16 20:30:00,1.171530,1.171600,1.171020,1.171200,1.171420,1.171470,1.170900,1.171070
2018/07/16 21:00:00,1.171200,1.171840,1.170920,1.171430,1.171070,1.171480,1.170900,1.171230
2018/07/16 21:30:00,1.171430,1.171530,1.171120,1.171130,1.171230,1.171230,1.170920,1.170930
2018/07/16 22:00:00,1.171130,1.171270,1.171060,1.171160,1.170930,1.171140,1.170930,1.171020
2018/07/16 22:30:00,1.171160,1.171220,1.170900,1.171090,1.171020,1.171090,1.170760,1.170970
2018/07/16 23:00:00,1.171090,1.171170,1.170910,1.170950,1.170970,1.171050,1.170780,1.170830
2018/07/16 23:30:00,1.170950,1.171060,1.170600,1.170980,1.170830,1.170930,1.170480,1.170850
2018/07/17 00:00:00,1.170980,1.171490,1.170970,1.171270,1.170850,1.171360,1.170840,1.171130
2018/07/17 00:30:00,1.171270,1.171320,1.170620,1.170810,1.171130,1.171180,1.170480,1.170690
2018/07/17 01:00:00,1.170810,1.170930,1.170260,1.170270,1.170690,1.170810,1.170140,1.170140
2018/07/17 01:30:00,1.170270,1.170930,1.170200,1.170680,1.170140,1.170800,1.170070,1.170560
2018/07/17 02:00:00,1.170680,1.171020,1.170360,1.170910,1.170560,1.170900,1.170240,1.170780
2018/07/17 02:30:00,1.170910,1.170910,1.170630,1.170710,1.170780,1.170780,1.170510,1.170590
2018/07/17 03:00:00,1.170710,1.171690,1.170650,1.171370,1.170590,1.171570,1.170530,1.171250
2018/07/17 03:30:00,1.171370,1.172160,1.171150,1.172020,1.171250,1.172040,1.171030,1.171900
2018/07/17 04:00:00,1.172020,1.172170,1.171560,1.171770,1.171900,1.172050,1.171450,1.171640
2018/07/17 04:30:00,1.171770,1.171970,1.171670,1.171900,1.171640,1.171850,1.171550,1.171770
2018/07/17 05:00:00,1.171900,1.171970,1.171420,1.171570,1.171770,1.171850,1.171290,1.171440
2018/07/17 05:30:00,1.171570,1.171720,1.171360,1.171370,1.171440,1.171590,1.171240,1.171240
2018/07/17 06:00:00,1.171370,1.173390,1.171110,1.173120,1.171240,1.173280,1.170990,1.173020
2018/07/17 06:30:00,1.173120,1.173590,1.172640,1.173450,1.173020,1.173470,1.172520,1.173330
2018/07/17 07:00:00,1.173450,1.173560,1.172810,1.173150,1.173330,1.173440,1.172680,1.173030
2018/07/17 07:30:00,1.173150,1.173810,1.172580,1.172870,1.173030,1.173710,1.172460,1.172750
2018/07/17 08:00:00,1.172870,1.173550,1.172690,1.172810,1.172750,1.173420,1.172560,1.172690
2018/07/17 08:30:00,1.172810,1.174350,1.172770,1.174210,1.172690,1.174230,1.172640,1.174080
2018/07/17 09:00:00,1.174210,1.174530,1.173270,1.173410,1.174080,1.174410,1.173140,1.173290
2018/07/17 09:30:00,1.173410,1.173890,1.172960,1.173050,1.173290,1.173770,1.172840,1.172920
2018/07/17 10:00:00,1.173050,1.173210,1.172080,1.172440,1.172920,1.173090,1.171960,1.172320
2018/07/17 10:30:00,1.172440,1.172750,1.171730,1.171810,1.172320,1.172670,1.171610,1.171680
2018/07/17 11:00:00,1.171810,1.172290,1.170870,1.171400,1.171680,1.172170,1.170760,1.171280
2018/07/17 11:30:00,1.171400,1.171400,1.170320,1.170580,1.171280,1.171280,1.170200,1.170470
2018/07/17 12:00:00,1.170580,1.171000,1.169980,1.170380,1.170470,1.170890,1.169850,1.170250
2018/07/17 12:30:00,1.170380,1.170950,1.169220,1.169800,1.170250,1.170830,1.169090,1.169670
2018/07/17 13:00:00,1.169800,1.170070,1.169090,1.169770,1.169670,1.169960,1.168980,1.169660
2018/07/17 13:30:00,1.169770,1.170190,1.168470,1.168690,1.169660,1.170080,1.168350,1.168530
2018/07/17 14:00:00,1.168690,1.170460,1.168550,1.169350,1.168530,1.170350,1.168410,1.169220
2018/07/17 14:30:00,1.169350,1.169610,1.168100,1.168290,1.169220,1.169490,1.167970,1.168160
2018/07/17 15:00:00,1.168290,1.169350,1.168210,1.168970,1.168160,1.169230,1.168090,1.168850
2018/07/17 15:30:00,1.168970,1.169100,1.166260,1.166260,1.168850,1.168980,1.166130,1.166150
2018/07/17 16:00:00,1.166260,1.166780,1.165620,1.166060,1.166150,1.166690,1.165490,1.165930
2018/07/17 16:30:00,1.166060,1.166240,1.165380,1.165440,1.165930,1.166130,1.165260,1.165320
2018/07/17 17:00:00,1.165440,1.165840,1.165090,1.165360,1.165320,1.165720,1.164960,1.165250
2018/07/17 17:30:00,1.165360,1.166970,1.164980,1.166550,1.165250,1.166850,1.164880,1.166420
2018/07/17 18:00:00,1.166550,1.166550,1.165390,1.165770,1.166420,1.166420,1.165270,1.165650
2018/07/17 18:30:00,1.165770,1.166470,1.165770,1.166410,1.165650,1.166350,1.165650,1.166280
2018/07/17 19:00:00,1.166410,1.166470,1.166110,1.166320,1.166280,1.166350,1.165980,1.166190
2018/07/17 19:30:00,1.166320,1.166530,1.166070,1.166470,1.166190,1.166410,1.165940,1.166350
2018/07/17 20:00:00,1.166470,1.166610,1.166240,1.166420,1.166350,1.166500,1.166110,1.166280
2018/07/17 20:30:00,1.166420,1.166520,1.166080,1.166220,1.166280,1.166400,1.165970,1.166000
2018/07/17 21:00:00,1.166220,1.166320,1.165800,1.166030,1.166000,1.166090,1.165620,1.165790
2018/07/17 21:30:00,1.166030,1.166180,1.165850,1.165970,1.165790,1.166010,1.165700,1.165810
2018/07/17 22:00:00,1.165970,1.166210,1.165740,1.165810,1.165810,1.166060,1.165600,1.165680
2018/07/17 22:30:00,1.165810,1.165980,1.165790,1.165870,1.165680,1.165850,1.165650,1.165730
2018/07/17 23:00:00,1.165870,1.165880,1.164920,1.165380,1.165730,1.165740,1.164790,1.165240
2018/07/17 23:30:00,1.165380,1.165700,1.165270,1.165390,1.165240,1.165570,1.165150,1.165260
2018/07/18 00:00:00,1.165390,1.166030,1.165390,1.165760,1.165260,1.165910,1.165260,1.165640
2018/07/18 00:30:00,1.165760,1.165940,1.165330,1.165880,1.165640,1.165820,1.165210,1.165760
2018/07/18 01:00:00,1.165880,1.166050,1.165520,1.165790,1.165760,1.165930,1.165400,1.165670
2018/07/18 01:30:00,1.165790,1.166560,1.165670,1.165730,1.165670,1.166430,1.165540,1.165600
2018/07/18 02:00:00,1.165730,1.166300,1.165580,1.166040,1.165600,1.166170,1.165450,1.165910
2018/07/18 02:30:00,1.166040,1.166140,1.165510,1.165590,1.165910,1.166010,1.165400,1.165460
2018/07/18 03:00:00,1.165590,1.165590,1.165230,1.165470,1.165460,1.165470,1.165120,1.165350
2018/07/18 03:30:00,1.165470,1.165730,1.165200,1.165230,1.165350,1.165600,1.165090,1.165110
2018/07/18 04:00:00,1.165230,1.165250,1.164170,1.164640,1.165110,1.165130,1.164050,1.164510
2018/07/18 04:30:00,1.164640,1.164640,1.164170,1.164190,1.164510,1.164510,1.164040,1.164070
2018/07/18 05:00:00,1.164190,1.164590,1.163540,1.163790,1.164070,1.164460,1.163430,1.163670
2018/07/18 05:30:00,1.163790,1.163980,1.163250,1.163570,1.163670,1.163860,1.163110,1.163440
2018/07/18 06:00:00,1.163570,1.163660,1.162570,1.162600,1.163440,1.163540,1.162450,1.162460
2018/07/18 06:30:00,1.162600,1.163880,1.162590,1.163260,1.162460,1.163760,1.162460,1.163140
2018/07/18 07:00:00,1.163260,1.164230,1.162540,1.162720,1.163140,1.164110,1.162450,1.162600
2018/07/18 07:30:00,1.162720,1.163410,1.161980,1.162440,1.162600,1.163300,1.161850,1.162320
2018/07/18 08:00:00,1.162440,1.162500,1.161370,1.161400,1.162320,1.162370,1.161250,1.161250
2018/07/18 08:30:00,1.161400,1.162640,1.160760,1.162250,1.161250,1.162520,1.160650,1.162120
2018/07/18 09:00:00,1.162250,1.163030,1.161590,1.162900,1.162120,1.162920,1.161490,1.162770
2018/07/18 09:30:00,1.162900,1.162970,1.161910,1.162560,1.162770,1.162850,1.161800,1.162440
2018/07/18 10:00:00,1.162560,1.163350,1.161970,1.162100,1.162440,1.163240,1.161850,1.161970
2018/07/18 10:30:00,1.162100,1.162300,1.161610,1.162260,1.161970,1.162200,1.161470,1.162150
2018/07/18 11:00:00,1.162260,1.162510,1.161170,1.161810,1.162150,1.162390,1.161040,1.161680
2018/07/18 11:30:00,1.161810,1.162110,1.160530,1.160830,1.161680,1.161980,1.160410,1.160710
2018/07/18 12:00:00,1.160830,1.161670,1.160250,1.161350,1.160710,1.161570,1.160140,1.161220
2018/07/18 12:30:00,1.161350,1.162840,1.161270,1.162360,1.161220,1.162730,1.161130,1.162240
2018/07/18 13:00:00,1.162360,1.163260,1.162230,1.162970,1.162240,1.163150,1.162110,1.162840
2018/07/18 13:30:00,1.162970,1.164030,1.162350,1.163600,1.162840,1.163900,1.162230,1.163490
2018/07/18 14:00:00,1.163600,1.164350,1.163410,1.164130,1.163490,1.164230,1.163300,1.164000
2018/07/18 14:30:00,1.164130,1.165050,1.163950,1.164340,1.164000,1.164930,1.163820,1.164220
2018/07/18 15:00:00,1.164340,1.165080,1.164060,1.164390,1.164220,1.164970,1.163940,1.164270
2018/07/18 15:30:00,1.164390,1.164580,1.163680,1.164540,1.164270,1.164460,1.163570,1.164420
2018/07/18 16:00:00,1.164540,1.166280,1.164520,1.166070,1.164420,1.166170,1.164400,1.165940
2018/07/18 16:30:00,1.166070,1.166250,1.165190,1.165330,1.165940,1.166130,1.165070,1.165220
2018/07/18 17:00:00,1.165330,1.165780,1.165210,1.165390,1.165220,1.165650,1.165090,1.165270
2018/07/18 17:30:00,1.165390,1.165660,1.164980,1.165030,1.165270,1.165520,1.164860,1.164910
2018/07/18 18:00:00,1.165030,1.165130,1.164540,1.164680,1.164910,1.165010,1.164420,1.164570
2018/07/18 18:30:00,1.164680,1.164950,1.164470,1.164770,1.164570,1.164850,1.164350,1.164660
2018/07/18 19:00:00,1.164770,1.164880,1.164240,1.164290,1.164660,1.164760,1.164120,1.164170
2018/07/18 19:30:00,1.164290,1.164650,1.163810,1.164310,1.164170,1.164530,1.163700,1.164180
2018/07/18 20:00:00,1.164310,1.164430,1.163830,1.164360,1.164180,1.164320,1.163720,1.164240
2018/07/18 20:30:00,1.164360,1.164490,1.163900,1.163950,1.164240,1.164350,1.163740,1.163780
2018/07/18 21:00:00,1.163950,1.164530,1.163920,1.164500,1.163780,1.164380,1.163690,1.164340
2018/07/18 21:30:00,1.164500,1.164600,1.164250,1.164480,1.164340,1.164450,1.164100,1.164340
2018/07/18 22:00:00,1.164480,1.164540,1.164160,1.164420,1.164340,1.164400,1.164020,1.164290
2018/07/18 22:30:00,1.164420,1.164590,1.164270,1.164430,1.164290,1.164450,1.164140,1.164290
2018/07/18 23:00:00,1.164430,1.164590,1.164250,1.164450,1.164290,1.164450,1.164130,1.164320
2018/07/18 23:30:00,1.164450,1.164630,1.164200,1.164560,1.164320,1.164500,1.164060,1.164430
2018/07/19 00:00:00,1.164560,1.165430,1.164470,1.164930,1.164430,1.165320,1.164350,1.164820
2018/07/19 00:30:00,1.164930,1.165490,1.164830,1.165390,1.164820,1.165370,1.164710,1.165260
2018/07/19 01:00:00,1.165390,1.165730,1.164370,1.164640,1.165260,1.165610,1.164250,1.164520
2018/07/19 01:30:00,1.164640,1.165250,1.164180,1.165060,1.164520,1.165120,1.164050,1.164930
2018/07/19 02:00:00,1.165060,1.165080,1.164060,1.164210,1.164930,1.164960,1.163950,1.164090
2018/07/19 02:30:00,1.164210,1.164780,1.164060,1.164720,1.164090,1.164670,1.163950,1.164590
2018/07/19 03:00:00,1.164720,1.165290,1.164320,1.165190,1.164590,1.165160,1.164190,1.165060
2018/07/19 03:30:00,1.165190,1.165550,1.165020,1.165250,1.165060,1.165430,1.164890,1.165120
2018/07/19 04:00:00,1.165250,1.165430,1.164710,1.164880,1.165120,1.165320,1.164590,1.164760
2018/07/19 04:30:00,1.164880,1.165140,1.164710,1.164840,1.164760,1.165020,1.164600,1.164710
2018/07/19 05:00:00,1.164840,1.165040,1.164450,1.164550,1.164710,1.164920,1.164320,1.164410
2018/07/19 05:30:00,1.164550,1.164620,1.164070,1.164170,1.164410,1.164490,1.163950,1.164040
2018/07/19 06:00:00,1.164170,1.164500,1.162610,1.163050,1.164040,1.164380,1.162470,1.162920
2018/07/19 06:30:00,1.163050,1.163450,1.162010,1.162500,1.162920,1.163320,1.161900,1.162380
2018/07/19 07:00:00,1.162500,1.162790,1.160770,1.161260,1.162380,1.162670,1.160660,1.161130
2018/07/19 07:30:00,1.161260,1.161800,1.160660,1.160860,1.161130,1.161680,1.160540,1.160730
2018/07/19 08:00:00,1.160860,1.161910,1.160670,1.161220,1.160730,1.161780,1.160560,1.161100
2018/07/19 08:30:00,1.161220,1.161870,1.160440,1.161340,1.161100,1.161750,1.160310,1.161210
2018/07/19 09:00:00,1.161340,1.161630,1.160760,1.160770,1.161210,1.161520,1.160630,1.160650
2018/07/19 09:30:00,1.160770,1.160840,1.159570,1.160670,1.160650,1.160720,1.159450,1.160560
2018/07/19 10:00:00,1.160670,1.161470,1.160120,1.161290,1.160560,1.161350,1.160000,1.161160
2018/07/19 10:30:00,1.161290,1.161290,1.159570,1.159620,1.161160,1.161170,1.159460,1.159490
2018/07/19 11:00:00,1.159620,1.159820,1.158640,1.159360,1.159490,1.159690,1.158530,1.159240
2018/07/19 11:30:00,1.159360,1.160140,1.159120,1.160120,1.159240,1.160020,1.159000,1.160000
2018/07/19 12:00:00,1.160120,1.160140,1.158220,1.158480,1.160000,1.160010,1.158100,1.158310
2018/07/19 12:30:00,1.158480,1.159100,1.157550,1.158690,1.158310,1.158990,1.157440,1.158570
2018/07/19 13:00:00,1.158690,1.160040,1.158520,1.159410,1.158570,1.159920,1.158380,1.159290
2018/07/19 13:30:00,1.159410,1.160980,1.159370,1.159710,1.159290,1.160860,1.159250,1.159600
2018/07/19 14:00:00,1.159710,1.162250,1.159670,1.161040,1.159600,1.162130,1.159560,1.160910
2018/07/19 14:30:00,1.161040,1.161660,1.160700,1.161420,1.160910,1.161530,1.160570,1.161310
2018/07/19 15:00:00,1.161420,1.161450,1.159810,1.160130,1.161310,1.161330,1.159690,1.160010
2018/07/19 15:30:00,1.160130,1.160480,1.159660,1.160420,1.160010,1.160360,1.159550,1.160290
2018/07/19 16:00:00,1.160420,1.160970,1.160270,1.160780,1.160290,1.160850,1.160150,1.160660
2018/07/19 16:30:00,1.160780,1.161100,1.160360,1.160790,1.160660,1.160980,1.160240,1.160660
2018/07/19 17:00:00,1.160790,1.167880,1.160630,1.166680,1.160660,1.167820,1.160530,1.166560
2018/07/19 17:30:00,1.166680,1.167470,1.163460,1.165500,1.166560,1.167340,1.163350,1.165370
2018/07/19 18:00:00,1.165500,1.166540,1.164940,1.165240,1.165370,1.166420,1.164820,1.165110
2018/07/19 18:30:00,1.165240,1.165650,1.164480,1.164640,1.165110,1.165530,1.164370,1.164510
2018/07/19 19:00:00,1.164640,1.164770,1.163820,1.163910,1.164510,1.164660,1.163700,1.163790
2018/07/19 19:30:00,1.163910,1.164190,1.163680,1.163690,1.163790,1.164130,1.163560,1.163560
2018/07/19 20:00:00,1.163690,1.164870,1.163250,1.164820,1.163560,1.164730,1.163140,1.164690
2018/07/19 20:30:00,1.164820,1.164900,1.164160,1.164290,1.164690,1.164770,1.164020,1.164060
2018/07/19 21:00:00,1.164290,1.164870,1.164290,1.164620,1.164060,1.164650,1.164010,1.164450
2018/07/19 21:30:00,1.164620,1.164950,1.164320,1.164660,1.164450,1.164610,1.164080,1.164460
2018/07/19 22:00:00,1.164660,1.164930,1.164430,1.164930,1.164460,1.164790,1.164310,1.164780
2018/07/19 22:30:00,1.164930,1.164930,1.164500,1.164600,1.164780,1.164780,1.164360,1.164470
2018/07/19 23:00:00,1.164600,1.165270,1.164340,1.164950,1.164470,1.165140,1.164210,1.164820
2018/07/19 23:30:00,1.164950,1.165680,1.164840,1.165520,1.164820,1.165560,1.164720,1.165390
2018/07/20 00:00:00,1.165520,1.165700,1.165150,1.165300,1.165390,1.165580,1.165020,1.165170
2018/07/20 00:30:00,1.165300,1.165740,1.164860,1.165490,1.165170,1.165600,1.164750,1.165370
2018/07/20 01:00:00,1.165490,1.166050,1.163620,1.164260,1.165370,1.165920,1.163490,1.164120
2018/07/20 01:30:00,1.164260,1.164310,1.162690,1.163340,1.164120,1.164170,1.162560,1.163220
2018/07/20 02:00:00,1.163340,1.164850,1.163280,1.164580,1.163220,1.164710,1.163160,1.164450
2018/07/20 02:30:00,1.164580,1.165330,1.164410,1.164870,1.164450,1.165210,1.164280,1.164750
2018/07/20 03:00:00,1.164870,1.165550,1.164560,1.165190,1.164750,1.165430,1.164430,1.165060
2018/07/20 03:30:00,1.165190,1.165380,1.164960,1.165100,1.165060,1.165260,1.164850,1.164970
2018/07/20 04:00:00,1.165100,1.165520,1.164910,1.165320,1.164970,1.165390,1.164780,1.165190
2018/07/20 04:30:00,1.165320,1.166560,1.165070,1.166460,1.165190,1.166430,1.164950,1.166340
2018/07/20 05:00:00,1.166460,1.166830,1.166000,1.166330,1.166340,1.166700,1.165870,1.166200
2018/07/20 05:30:00,1.166330,1.167200,1.166250,1.166570,1.166200,1.167070,1.166130,1.166440
2018/07/20 06:00:00,1.166570,1.167440,1.165710,1.165920,1.166440,1.167300,1.165590,1.165790
2018/07/20 06:30:00,1.165920,1.166090,1.164620,1.165570,1.165790,1.165980,1.164510,1.165440
2018/07/20 07:00:00,1.165570,1.165810,1.163380,1.163850,1.165440,1.165690,1.163250,1.163720
2018/07/20 07:30:00,1.163850,1.164380,1.163790,1.164160,1.163720,1.164260,1.163660,1.164020
2018/07/20 08:00:00,1.164160,1.165260,1.163860,1.165190,1.164020,1.165140,1.163730,1.165060
2018/07/20 08:30:00,1.165190,1.165450,1.164150,1.164180,1.165060,1.165330,1.164030,1.164050
2018/07/20 09:00:00,1.164180,1.165600,1.164090,1.165340,1.164050,1.165480,1.163970,1.165210
2018/07/20 09:30:00,1.165340,1.166050,1.165280,1.165640,1.165210,1.165930,1.165160,1.165510
2018/07/20 10:00:00,1.165640,1.165790,1.164210,1.164700,1.165510,1.165660,1.164080,1.164580
2018/07/20 10:30:00,1.164700,1.165300,1.164210,1.165100,1.164580,1.165180,1.164090,1.164970
2018/07/20 11:00:00,1.165100,1.166080,1.164770,1.165540,1.164970,1.165960,1.164650,1.165420
2018/07/20 11:30:00,1.165540,1.166590,1.165540,1.166340,1.165420,1.166480,1.165420,1.166220
2018/07/20 12:00:00,1.166340,1.167540,1.166160,1.167480,1.166220,1.167420,1.166050,1.167370
2018/07/20 12:30:00,1.167480,1.171560,1.167380,1.171330,1.167370,1.171460,1.167250,1.171200
2018/07/20 13:00:00,1.171330,1.172320,1.170310,1.171410,1.171200,1.172190,1.170180,1.171280
2018/07/20 13:30:00,1.171410,1.172370,1.170270,1.171530,1.171280,1.172240,1.170170,1.171460
2018/07/20 14:00:00,1.171530,1.172220,1.170490,1.170980,1.171460,1.172140,1.170380,1.170850
2018/07/20 14:30:00,1.170980,1.171330,1.170420,1.170770,1.170850,1.171200,1.170300,1.170640
2018/07/20 15:00:00,1.170770,1.171250,1.170360,1.170850,1.170640,1.171130,1.170230,1.170730
2018/07/20 15:30:00,1.170850,1.171430,1.170430,1.170910,1.170730,1.171300,1.170310,1.170790
2018/07/20 16:00:00,1.170910,1.171220,1.170730,1.170870,1.170790,1.171100,1.170610,1.170760
2018/07/20 16:30:00,1.170870,1.171050,1.170200,1.171000,1.170760,1.170960,1.170070,1.170870
2018/07/20 17:00:00,1.171000,1.172240,1.170790,1.172210,1.170870,1.172120,1.170670,1.172090
2018/07/20 17:30:00,1.172210,1.172440,1.171620,1.172000,1.172090,1.172320,1.171490,1.171880
2018/07/20 18:00:00,1.172000,1.173960,1.171970,1.173110,1.171880,1.173830,1.171840,1.172980
2018/07/20 18:30:00,1.173110,1.173140,1.172350,1.172580,1.172980,1.173010,1.172220,1.172460
2018/07/20 19:00:00,1.172580,1.172950,1.172090,1.172950,1.172460,1.172830,1.171970,1.172830
2018/07/20 19:30:00,1.172950,1.173100,1.172540,1.172690,1.172830,1.172970,1.172420,1.172560
2018/07/20 20:00:00,1.172690,1.172940,1.172300,1.172460,1.172560,1.172810,1.172160,1.172330
2018/07/20 20:30:00,1.172460,1.172570,1.171840,1.172440,1.172330,1.172430,1.171680,1.171820
2018/07/22 19:00:00,1.172440,1.173750,1.172250,1.173450,1.171820,1.173390,1.171820,1.173230
2018/07/22 19:30:00,1.173450,1.173500,1.173280,1.173480,1.173230,1.173260,1.173050,1.173260
2018/07/22 20:00:00,1.173480,1.173690,1.173010,1.173230,1.173260,1.173390,1.172770,1.172810
2018/07/22 20:30:00,1.173230,1.173290,1.172720,1.172900,1.172810,1.172820,1.172430,1.172430
2018/07/22 21:00:00,1.172900,1.172900,1.172410,1.172670,1.172430,1.172720,1.172190,1.172460
2018/07/22 21:30:00,1.172670,1.173100,1.172440,1.172550,1.172460,1.172710,1.172210,1.172320
2018/07/22 22:00:00,1.172550,1.172880,1.172420,1.172740,1.172320,1.172710,1.172270,1.172600
2018/07/22 22:30:00,1.172740,1.173550,1.172690,1.173440,1.172600,1.173410,1.172550,1.173320
2018/07/22 23:00:00,1.173440,1.174620,1.173390,1.173790,1.173320,1.174490,1.173260,1.173670
2018/07/22 23:30:00,1.173790,1.174380,1.173610,1.174110,1.173670,1.174250,1.173470,1.173970
2018/07/23 00:00:00,1.174110,1.174700,1.173530,1.174630,1.173970,1.174580,1.173400,1.174490
2018/07/23 00:30:00,1.174630,1.174740,1.174110,1.174460,1.174490,1.174610,1.173990,1.174340
2018/07/23 01:00:00,1.174460,1.174570,1.173500,1.174470,1.174340,1.174450,1.173380,1.174350
2018/07/23 01:30:00,1.174470,1.175110,1.174120,1.174330,1.174350,1.175030,1.174000,1.174200
2018/07/23 02:00:00,1.174330,1.174410,1.173680,1.174050,1.174200,1.174280,1.173550,1.173930
2018/07/23 02:30:00,1.174050,1.174150,1.173380,1.173480,1.173930,1.174030,1.173260,1.173360
2018/07/23 03:00:00,1.173480,1.173910,1.173350,1.173880,1.173360,1.173780,1.173230,1.173760
2018/07/23 03:30:00,1.173880,1.174300,1.173690,1.174140,1.173760,1.174180,1.173560,1.174010
2018/07/23 04:00:00,1.174140,1.174290,1.173530,1.173560,1.174010,1.174170,1.173410,1.173440
2018/07/23 04:30:00,1.173560,1.173690,1.173280,1.173390,1.173440,1.173560,1.173170,1.173260
2018/07/23 05:00:00,1.173390,1.173910,1.173190,1.173840,1.173260,1.173780,1.173060,1.173710
2018/07/23 05:30:00,1.173840,1.173900,1.172270,1.172390,1.173710,1.173770,1.172150,1.172270
2018/07/23 06:00:00,1.172390,1.173290,1.172290,1.172800,1.172270,1.173170,1.172170,1.172670
2018/07/23 06:30:00,1.172800,1.173000,1.171710,1.171880,1.172670,1.172870,1.171600,1.171760
2018/07/23 07:00:00,1.171880,1.173380,1.171480,1.173220,1.171760,1.173260,1.171370,1.173100
2018/07/23 07:30:00,1.173220,1.174340,1.172920,1.173280,1.173100,1.174220,1.172810,1.173160
2018/07/23 08:00:00,1.173280,1.173500,1.172710,1.173050,1.173160,1.173370,1.172600,1.172930
2018/07/23 08:30:00,1.173050,1.173050,1.170500,1.170680,1.172930,1.172930,1.170380,1.170580
2018/07/23 09:00:00,1.170680,1.170830,1.169770,1.169970,1.170580,1.170710,1.169650,1.169860
2018/07/23 09:30:00,1.169970,1.169980,1.168720,1.169690,1.169860,1.169860,1.168610,1.169560
2018/07/23 10:00:00,1.169690,1.170520,1.169550,1.170420,1.169560,1.170420,1.169450,1.170290
2018/07/23 10:30:00,1.170420,1.171530,1.170290,1.171440,1.170290,1.171400,1.170170,1.171310
2018/07/23 11:00:00,1.171440,1.171800,1.171350,1.171590,1.171310,1.171680,1.171230,1.171460
2018/07/23 11:30:00,1.171590,1.172060,1.171550,1.171600,1.171460,1.171940,1.171430,1.171480
2018/07/23 12:00:00,1.171600,1.172020,1.171270,1.171320,1.171480,1.171890,1.171150,1.171180
2018/07/23 12:30:00,1.171320,1.172820,1.171270,1.171870,1.171180,1.172700,1.171150,1.171740
2018/07/23 13:00:00,1.171870,1.172330,1.170860,1.171620,1.171740,1.172200,1.170740,1.171490
2018/07/23 13:30:00,1.171620,1.171620,1.170020,1.170330,1.171490,1.171510,1.169900,1.170170
2018/07/23 14:00:00,1.170330,1.171110,1.170180,1.170660,1.170170,1.170980,1.170060,1.170540
2018/07/23 14:30:00,1.170660,1.171370,1.170230,1.170450,1.170540,1.171260,1.170110,1.170320
2018/07/23 15:00:00,1.170450,1.170990,1.169420,1.170400,1.170320,1.170870,1.169310,1.170270
2018/07/23 15:30:00,1.170400,1.170910,1.169870,1.170280,1.170270,1.170790,1.169750,1.170150
2018/07/23 16:00:00,1.170280,1.170490,1.169190,1.169280,1.170150,1.170370,1.169090,1.169150
2018/07/23 16:30:00,1.169280,1.170200,1.169270,1.170000,1.169150,1.170080,1.169150,1.169880
2018/07/23 17:00:00,1.170000,1.170710,1.169970,1.170200,1.169880,1.170580,1.169850,1.170080
2018/07/23 17:30:00,1.170200,1.170820,1.168430,1.169150,1.170080,1.170700,1.168310,1.169020
2018/07/23 18:00:00,1.169150,1.169450,1.168490,1.169050,1.169020,1.169360,1.168380,1.168920
2018/07/23 18:30:00,1.169050,1.169450,1.168890,1.169010,1.168920,1.169330,1.168770,1.168890
2018/07/23 19:00:00,1.169010,1.169480,1.168670,1.169360,1.168890,1.169360,1.168550,1.169240
2018/07/23 19:30:00,1.169360,1.169740,1.169290,1.169440,1.169240,1.169620,1.169160,1.169310
2018/07/23 20:00:00,1.169440,1.169750,1.169220,1.169490,1.169310,1.169610,1.169100,1.169350
2018/07/23 20:30:00,1.169490,1.169490,1.169080,1.169330,1.169350,1.169350,1.168960,1.169130
2018/07/23 21:00:00,1.169330,1.169330,1.168740,1.169170,1.169130,1.169170,1.168480,1.168940
2018/07/23 21:30:00,1.169170,1.169360,1.168810,1.168990,1.168940,1.169180,1.168660,1.168830
2018/07/23 22:00:00,1.168990,1.169430,1.168990,1.169290,1.168830,1.169290,1.168830,1.169150
2018/07/23 22:30:00,1.169290,1.169590,1.169220,1.169220,1.169150,1.169450,1.169080,1.169080
2018/07/23 23:00:00,1.169220,1.169260,1.168690,1.169030,1.169080,1.169130,1.168570,1.168900
2018/07/23 23:30:00,1.169030,1.169450,1.168920,1.169420,1.168900,1.169320,1.168810,1.169290
2018/07/24 00:00:00,1.169420,1.169590,1.168970,1.169390,1.169290,1.169460,1.168840,1.169270
2018/07/24 00:30:00,1.169390,1.169440,1.169030,1.169320,1.169270,1.169340,1.168900,1.169190
2018/07/24 01:00:00,1.169320,1.169830,1.168870,1.169570,1.169190,1.169700,1.168750,1.169440
2018/07/24 01:30:00,1.169570,1.170110,1.169070,1.170090,1.169440,1.169990,1.168950,1.169960
2018/07/24 02:00:00,1.170090,1.170240,1.168700,1.168740,1.169960,1.170120,1.168570,1.168610
2018/07/24 02:30:00,1.168740,1.169340,1.168640,1.168890,1.168610,1.169210,1.168520,1.168750
2018/07/24 03:00:00,1.168890,1.169140,1.168530,1.168660,1.168750,1.169000,1.168410,1.168550
2018/07/24 03:30:00,1.168660,1.168900,1.168480,1.168750,1.168550,1.168780,1.168370,1.168620
2018/07/24 04:00:00,1.168750,1.168950,1.168540,1.168730,1.168620,1.168820,1.168400,1.168600
2018/07/24 04:30:00,1.168730,1.168730,1.167590,1.167730,1.168600,1.168600,1.167460,1.167600
2018/07/24 05:00:00,1.167730,1.168260,1.167720,1.168020,1.167600,1.168130,1.167600,1.167900
2018/07/24 05:30:00,1.168020,1.168650,1.167900,1.168500,1.167900,1.168520,1.167770,1.168370
2018/07/24 06:00:00,1.168500,1.168520,1.166690,1.167140,1.168370,1.168380,1.166560,1.167010
2018/07/24 06:30:00,1.167140,1.167490,1.165840,1.166040,1.167010,1.167390,1.165730,1.165900
2018/07/24 07:00:00,1.166040,1.167950,1.165520,1.167620,1.165900,1.167830,1.165400,1.167450
2018/07/24 07:30:00,1.167620,1.170520,1.167620,1.169690,1.167450,1.170400,1.167450,1.169550
2018/07/24 08:00:00,1.169690,1.169780,1.167950,1.168080,1.169550,1.169670,1.167830,1.167940
2018/07/24 08:30:00,1.168080,1.168570,1.167880,1.168510,1.167940,1.168440,1.167750,1.168390
2018/07/24 09:00:00,1.168510,1.169170,1.168510,1.168770,1.168390,1.169040,1.168380,1.168640
2018/07/24 09:30:00,1.168770,1.169330,1.168120,1.169230,1.168640,1.169200,1.168010,1.169110
2018/07/24 10:00:00,1.169230,1.170830,1.169170,1.170310,1.169110,1.170700,1.169070,1.170190
2018/07/24 10:30:00,1.170310,1.171610,1.170040,1.171360,1.170190,1.171480,1.169910,1.171240
2018/07/24 11:00:00,1.171360,1.171740,1.170400,1.170890,1.171240,1.171610,1.170290,1.170770
2018/07/24 11:30:00,1.170890,1.171450,1.170280,1.171150,1.170770,1.171330,1.170150,1.171020
2018/07/24 12:00:00,1.171150,1.171200,1.169970,1.170100,1.171020,1.171070,1.169850,1.169970
2018/07/24 12:30:00,1.170100,1.170160,1.169080,1.169480,1.169970,1.170030,1.168960,1.169350
2018/07/24 13:00:00,1.169480,1.170140,1.169070,1.169360,1.169350,1.170020,1.168940,1.169240
2018/07/24 13:30:00,1.169360,1.171340,1.169280,1.170800,1.169240,1.171220,1.169150,1.170670
2018/07/24 14:00:00,1.170800,1.171420,1.170310,1.170340,1.170670,1.171310,1.170180,1.170210
2018/07/24 14:30:00,1.170340,1.171750,1.170230,1.170650,1.170210,1.171630,1.170110,1.170530
2018/07/24 15:00:00,1.170650,1.170950,1.169100,1.169310,1.170530,1.170830,1.168970,1.169190
2018/07/24 15:30:00,1.169310,1.169780,1.168320,1.168340,1.169190,1.169650,1.168190,1.168220
2018/07/24 16:00:00,1.168340,1.168780,1.167850,1.168030,1.168220,1.168660,1.167740,1.167890
2018/07/24 16:30:00,1.168030,1.168430,1.167510,1.168250,1.167890,1.168320,1.167400,1.168120
2018/07/24 17:00:00,1.168250,1.168590,1.167370,1.167910,1.168120,1.168480,1.167260,1.167780
2018/07/24 17:30:00,1.167910,1.168680,1.167870,1.168150,1.167780,1.168560,1.167760,1.168030
2018/07/24 18:00:00,1.168150,1.168250,1.167430,1.168120,1.168030,1.168130,1.167300,1.168000
2018/07/24 18:30:00,1.168120,1.168550,1.167920,1.168400,1.168000,1.168430,1.167800,1.168270
2018/07/24 19:00:00,1.168400,1.168730,1.168170,1.168560,1.168270,1.168600,1.168050,1.168440
2018/07/24 19:30:00,1.168560,1.168990,1.168390,1.168790,1.168440,1.168860,1.168270,1.168660
2018/07/24 20:00:00,1.168790,1.168840,1.168440,1.168440,1.168660,1.168700,1.168300,1.168300
2018/07/24 20:30:00,1.168440,1.168600,1.168200,1.168530,1.168300,1.168470,1.168060,1.168280
2018/07/24 21:00:00,1.168530,1.168560,1.167950,1.168290,1.168280,1.168340,1.167780,1.168130
2018/07/24 21:30:00,1.168290,1.168430,1.168190,1.168400,1.168130,1.168290,1.168040,1.168260
2018/07/24 22:00:00,1.168400,1.168400,1.168030,1.168270,1.168260,1.168260,1.167920,1.168130
2018/07/24 22:30:00,1.168270,1.168390,1.168190,1.168250,1.168130,1.168250,1.168060,1.168110
2018/07/24 23:00:00,1.168250,1.168630,1.168250,1.168560,1.168110,1.168500,1.168110,1.168410
2018/07/24 23:30:00,1.168560,1.168650,1.168420,1.168530,1.168410,1.168530,1.168290,1.168400
2018/07/25 00:00:00,1.168530,1.169080,1.168360,1.168670,1.168400,1.168940,1.168230,1.168540
2018/07/25 00:30:00,1.168670,1.169380,1.168610,1.168890,1.168540,1.169260,1.168480,1.168760
2018/07/25 01:00:00,1.168890,1.169430,1.168660,1.169270,1.168760,1.169300,1.168530,1.169130
2018/07/25 01:30:00,1.169270,1.169910,1.168520,1.168560,1.169130,1.169770,1.168400,1.168430
2018/07/25 02:00:00,1.168560,1.168650,1.167810,1.168330,1.168430,1.168530,1.167660,1.168200
2018/07/25 02:30:00,1.168330,1.168430,1.167970,1.168370,1.168200,1.168300,1.167830,1.168240
2018/07/25 03:00:00,1.168370,1.168390,1.167610,1.167980,1.168240,1.168260,1.167480,1.167860
2018/07/25 03:30:00,1.167980,1.168380,1.167860,1.168270,1.167860,1.168260,1.167730,1.168140
2018/07/25 04:00:00,1.168270,1.168270,1.167680,1.168060,1.168140,1.168140,1.167550,1.167930
2018/07/25 04:30:00,1.168060,1.168180,1.167680,1.167900,1.167930,1.168060,1.167550,1.167780
2018/07/25 05:00:00,1.167900,1.168530,1.167840,1.168360,1.167780,1.168410,1.167710,1.168270
2018/07/25 05:30:00,1.168360,1.169070,1.168340,1.168810,1.168270,1.168930,1.168250,1.168680
2018/07/25 06:00:00,1.168810,1.169120,1.168160,1.168980,1.168680,1.168990,1.168030,1.168850
2018/07/25 06:30:00,1.168980,1.170030,1.168960,1.169920,1.168850,1.169910,1.168840,1.169790
2018/07/25 07:00:00,1.169920,1.169940,1.168550,1.169640,1.169790,1.169810,1.168420,1.169510
2018/07/25 07:30:00,1.169640,1.169680,1.168520,1.169110,1.169510,1.169560,1.168400,1.168960
2018/07/25 08:00:00,1.169110,1.169530,1.168130,1.169460,1.168960,1.169410,1.168010,1.169340
2018/07/25 08:30:00,1.169460,1.169780,1.169050,1.169690,1.169340,1.169680,1.168910,1.169560
2018/07/25 09:00:00,1.169690,1.170580,1.169550,1.170300,1.169560,1.170450,1.169420,1.170170
2018/07/25 09:30:00,1.170300,1.170590,1.169880,1.170460,1.170170,1.170470,1.169750,1.170340
2018/07/25 10:00:00,1.170460,1.170590,1.169370,1.169580,1.170340,1.170460,1.169240,1.169450
2018/07/25 10:30:00,1.169580,1.170190,1.169020,1.169330,1.169450,1.170060,1.168900,1.169200
2018/07/25 11:00:00,1.169330,1.169630,1.169120,1.169270,1.169200,1.169510,1.168990,1.169140
2018/07/25 11:30:00,1.169270,1.170040,1.169230,1.169590,1.169140,1.169910,1.169110,1.169470
2018/07/25 12:00:00,1.169590,1.169800,1.168640,1.169080,1.169470,1.169680,1.168520,1.168950
2018/07/25 12:30:00,1.169080,1.170080,1.168970,1.169990,1.168950,1.169950,1.168850,1.169860
2018/07/25 13:00:00,1.169990,1.171250,1.169860,1.170760,1.169860,1.171130,1.169730,1.170640
2018/07/25 13:30:00,1.170760,1.171260,1.169550,1.169740,1.170640,1.171130,1.169440,1.169610
2018/07/25 14:00:00,1.169740,1.169960,1.168970,1.169240,1.169610,1.169830,1.168870,1.169100
2018/07/25 14:30:00,1.169240,1.169870,1.167240,1.167550,1.169100,1.169760,1.167110,1.167420
2018/07/25 15:00:00,1.167550,1.167680,1.166750,1.167260,1.167420,1.167560,1.166630,1.167130
2018/07/25 15:30:00,1.167260,1.168190,1.166440,1.167670,1.167130,1.168070,1.166340,1.167540
2018/07/25 16:00:00,1.167670,1.168530,1.166840,1.167960,1.167540,1.168400,1.166720,1.167830
2018/07/25 16:30:00,1.167960,1.168360,1.167730,1.167920,1.167830,1.168230,1.167610,1.167790
2018/07/25 17:00:00,1.167920,1.168900,1.167730,1.168800,1.167790,1.168770,1.167610,1.168670
2018/07/25 17:30:00,1.168800,1.170000,1.168370,1.169900,1.168670,1.169910,1.168240,1.169780
2018/07/25 18:00:00,1.169900,1.171260,1.169670,1.170160,1.169780,1.171140,1.169550,1.170030
2018/07/25 18:30:00,1.170160,1.171230,1.169470,1.170150,1.170030,1.171110,1.169380,1.170030
2018/07/25 19:00:00,1.170150,1.171000,1.169930,1.170940,1.170030,1.170880,1.169830,1.170810
2018/07/25 19:30:00,1.170940,1.173930,1.170370,1.173190,1.170810,1.173810,1.170260,1.173060
2018/07/25 20:00:00,1.173190,1.173560,1.171830,1.173040,1.173060,1.173420,1.171700,1.172910
2018/07/25 20:30:00,1.173040,1.173790,1.172870,1.172900,1.172910,1.173650,1.172710,1.172720
2018/07/25 21:00:00,1.172900,1.173720,1.172800,1.173060,1.172720,1.173520,1.172590,1.172880
2018/07/25 21:30:00,1.173060,1.173210,1.172250,1.172350,1.172880,1.173040,1.172010,1.172190
2018/07/25 22:00:00,1.172350,1.173280,1.172200,1.173160,1.172190,1.173140,1.172060,1.173020
2018/07/25 22:30:00,1.173160,1.173230,1.172900,1.173220,1.173020,1.173130,1.172770,1.173120
2018/07/25 23:00:00,1.173220,1.173650,1.173190,1.173600,1.173120,1.173520,1.173070,1.173480
2018/07/25 23:30:00,1.173600,1.173950,1.173530,1.173860,1.173480,1.173820,1.173410,1.173730
2018/07/26 00:00:00,1.173860,1.173920,1.173240,1.173310,1.173730,1.173810,1.173120,1.173180
2018/07/26 00:30:00,1.173310,1.173680,1.173140,1.173570,1.173180,1.173550,1.173020,1.173440
2018/07/26 01:00:00,1.173570,1.174420,1.173120,1.174310,1.173440,1.174300,1.172980,1.174190
2018/07/26 01:30:00,1.174310,1.174320,1.173370,1.173430,1.174190,1.174200,1.173240,1.173310
2018/07/26 02:00:00,1.173430,1.173870,1.173130,1.173180,1.173310,1.173740,1.173010,1.173060
2018/07/26 02:30:00,1.173180,1.173690,1.173020,1.173620,1.173060,1.173580,1.172910,1.173500
2018/07/26 03:00:00,1.173620,1.173940,1.173210,1.173280,1.173500,1.173810,1.173090,1.173140
2018/07/26 03:30:00,1.173280,1.173490,1.173080,1.173310,1.173140,1.173370,1.172940,1.173180
2018/07/26 04:00:00,1.173310,1.173580,1.173160,1.173220,1.173180,1.173450,1.173030,1.173090
2018/07/26 04:30:00,1.173220,1.173420,1.173070,1.173210,1.173090,1.173290,1.172940,1.173080
2018/07/26 05:00:00,1.173210,1.173220,1.172730,1.173100,1.173080,1.173100,1.172610,1.172980
2018/07/26 05:30:00,1.173100,1.173830,1.172980,1.173520,1.172980,1.173710,1.172860,1.173380
2018/07/26 06:00:00,1.173520,1.174370,1.172600,1.173870,1.173380,1.174240,1.172470,1.173740
2018/07/26 06:30:00,1.173870,1.174080,1.172410,1.172550,1.173740,1.173960,1.172280,1.172420
2018/07/26 07:00:00,1.172550,1.173900,1.172310,1.173080,1.172420,1.173780,1.172180,1.172950
2018/07/26 07:30:00,1.173080,1.173090,1.172340,1.172840,1.172950,1.172960,1.172220,1.172720
2018/07/26 08:00:00,1.172840,1.172870,1.171620,1.171880,1.172720,1.172750,1.171510,1.171760
2018/07/26 08:30:00,1.171880,1.172140,1.171140,1.171410,1.171760,1.172020,1.171030,1.171300
2018/07/26 09:00:00,1.171410,1.171530,1.170640,1.171130,1.171300,1.171410,1.170510,1.171000
2018/07/26 09:30:00,1.171130,1.171780,1.170620,1.171560,1.171000,1.171660,1.170500,1.171420
2018/07/26 10:00:00,1.171560,1.171780,1.171060,1.171080,1.171420,1.171670,1.170950,1.170950
2018/07/26 10:30:00,1.171080,1.171340,1.170770,1.171180,1.170950,1.171240,1.170660,1.171060
2018/07/26 11:00:00,1.171180,1.171340,1.170680,1.171320,1.171060,1.171210,1.170560,1.171200
2018/07/26 11:30:00,1.171320,1.171930,1.170910,1.171080,1.171200,1.171680,1.170770,1.170960
2018/07/26 12:00:00,1.171080,1.171860,1.170970,1.171310,1.170960,1.171730,1.170850,1.171040
2018/07/26 12:30:00,1.171310,1.173180,1.169260,1.169490,1.171040,1.173020,1.169130,1.169370
2018/07/26 13:00:00,1.169490,1.170040,1.167650,1.167970,1.169370,1.169920,1.167510,1.167840
2018/07/26 13:30:00,1.167970,1.168730,1.167360,1.168270,1.167840,1.168610,1.167230,1.168140
2018/07/26 14:00:00,1.168270,1.168270,1.165570,1.165690,1.168140,1.168140,1.165440,1.165580
2018/07/26 14:30:00,1.165690,1.166290,1.165270,1.165930,1.165580,1.166170,1.165150,1.165810
2018/07/26 15:00:00,1.165930,1.166700,1.165610,1.166350,1.165810,1.166570,1.165500,1.166230
2018/07/26 15:30:00,1.166350,1.166850,1.165080,1.165470,1.166230,1.166730,1.164950,1.165350
2018/07/26 16:00:00,1.165470,1.166580,1.164980,1.166480,1.165350,1.166460,1.164850,1.166360
2018/07/26 16:30:00,1.166480,1.166730,1.166230,1.166380,1.166360,1.166620,1.166130,1.166260
2018/07/26 17:00:00,1.166380,1.166490,1.165430,1.166470,1.166260,1.166370,1.165340,1.166340
2018/07/26 17:30:00,1.166470,1.166490,1.165520,1.165710,1.166340,1.166370,1.165400,1.165580
2018/07/26 18:00:00,1.165710,1.165780,1.164270,1.164490,1.165580,1.165670,1.164150,1.164370
2018/07/26 18:30:00,1.164490,1.164700,1.164080,1.164570,1.164370,1.164570,1.163960,1.164450
2018/07/26 19:00:00,1.164570,1.164890,1.164420,1.164580,1.164450,1.164770,1.164300,1.164460
2018/07/26 19:30:00,1.164580,1.164640,1.164140,1.164280,1.164460,1.164520,1.164020,1.164150
2018/07/26 20:00:00,1.164280,1.164880,1.164280,1.164640,1.164150,1.164760,1.164150,1.164510
2018/07/26 20:30:00,1.164640,1.164750,1.164240,1.164380,1.164510,1.164610,1.164110,1.164200
2018/07/26 21:00:00,1.164380,1.164700,1.164190,1.164260,1.164200,1.164500,1.164030,1.164060
2018/07/26 21:30:00,1.164260,1.164310,1.163860,1.164010,1.164060,1.164170,1.163760,1.163860
2018/07/26 22:00:00,1.164010,1.164310,1.163970,1.164100,1.163860,1.164180,1.163830,1.163960
2018/07/26 22:30:00,1.164100,1.164250,1.163940,1.164210,1.163960,1.164140,1.163800,1.164140
2018/07/26 23:00:00,1.164210,1.164240,1.163860,1.164100,1.164140,1.164140,1.163750,1.163970
2018/07/26 23:30:00,1.164100,1.164570,1.164080,1.164450,1.163970,1.164460,1.163960,1.164330
2018/07/27 00:00:00,1.164450,1.164560,1.164230,1.164350,1.164330,1.164440,1.164110,1.164230
2018/07/27 00:30:00,1.164350,1.164520,1.164090,1.164220,1.164230,1.164400,1.163980,1.164100
2018/07/27 01:00:00,1.164220,1.164850,1.163850,1.164750,1.164100,1.164730,1.163730,1.164620
2018/07/27 01:30:00,1.164750,1.164930,1.164320,1.164400,1.164620,1.164800,1.164190,1.164270
2018/07/27 02:00:00,1.164400,1.165080,1.164400,1.164970,1.164270,1.164950,1.164270,1.164850
2018/07/27 02:30:00,1.164970,1.165330,1.164860,1.165300,1.164850,1.165200,1.164740,1.165180
2018/07/27 03:00:00,1.165300,1.165390,1.164910,1.165300,1.165180,1.165260,1.164790,1.165170
2018/07/27 03:30:00,1.165300,1.165590,1.164960,1.164970,1.165170,1.165480,1.164830,1.164840
2018/07/27 04:00:00,1.164970,1.165230,1.164850,1.165220,1.164840,1.165100,1.164730,1.165090
2018/07/27 04:30:00,1.165220,1.165240,1.164670,1.164810,1.165090,1.165120,1.164540,1.164680
2018/07/27 05:00:00,1.164810,1.164850,1.164110,1.164330,1.164680,1.164720,1.163990,1.164200
2018/07/27 05:30:00,1.164330,1.165100,1.164150,1.164890,1.164200,1.164970,1.164030,1.164770
2018/07/27 06:00:00,1.164890,1.164890,1.163760,1.163790,1.164770,1.164770,1.163630,1.163660
2018/07/27 06:30:00,1.163790,1.165190,1.163680,1.164680,1.163660,1.165060,1.163550,1.164540
2018/07/27 07:00:00,1.164680,1.165790,1.164310,1.165780,1.164540,1.165660,1.164190,1.165650
2018/07/27 07:30:00,1.165780,1.165840,1.164630,1.164730,1.165650,1.165720,1.164520,1.164590
2018/07/27 08:00:00,1.164730,1.164800,1.162720,1.162750,1.164590,1.164670,1.162590,1.162630
2018/07/27 08:30:00,1.162750,1.163240,1.162530,1.162680,1.162630,1.163120,1.162410,1.162550
2018/07/27 09:00:00,1.162680,1.163490,1.162610,1.163340,1.162550,1.163370,1.162480,1.163210
2018/07/27 09:30:00,1.163340,1.163410,1.162250,1.162570,1.163210,1.163280,1.162130,1.162440
2018/07/27 10:00:00,1.162570,1.163090,1.162290,1.162910,1.162440,1.162970,1.162200,1.162780
2018/07/27 10:30:00,1.162910,1.163510,1.162740,1.162780,1.162780,1.163390,1.162610,1.162660
2018/07/27 11:00:00,1.162780,1.163110,1.162490,1.162910,1.162660,1.162980,1.162350,1.162780
2018/07/27 11:30:00,1.162910,1.163090,1.162420,1.162690,1.162780,1.162970,1.162300,1.162570
2018/07/27 12:00:00,1.162690,1.163060,1.162310,1.163030,1.162570,1.162910,1.162190,1.162610
2018/07/27 12:30:00,1.163030,1.164250,1.162110,1.163940,1.162610,1.164140,1.161980,1.163810
2018/07/27 13:00:00,1.163940,1.165520,1.163710,1.165130,1.163810,1.165400,1.163590,1.165010
2018/07/27 13:30:00,1.165130,1.165740,1.164600,1.165540,1.165010,1.165620,1.164480,1.165390
2018/07/27 14:00:00,1.165540,1.166240,1.165180,1.165870,1.165390,1.166120,1.165080,1.165740
2018/07/27 14:30:00,1.165870,1.166030,1.165010,1.165390,1.165740,1.165900,1.164900,1.165280
2018/07/27 15:00:00,1.165390,1.165730,1.164650,1.165220,1.165280,1.165620,1.164540,1.165100
2018/07/27 15:30:00,1.165220,1.166280,1.164870,1.166020,1.165100,1.166160,1.164750,1.165900
2018/07/27 16:00:00,1.166020,1.166030,1.164860,1.165350,1.165900,1.165900,1.164740,1.165230
2018/07/27 16:30:00,1.165350,1.166110,1.165000,1.165880,1.165230,1.166000,1.164890,1.165750
2018/07/27 17:00:00,1.165880,1.166300,1.165550,1.165590,1.165750,1.166180,1.165440,1.165470
2018/07/27 17:30:00,1.165590,1.165790,1.165220,1.165750,1.165470,1.165660,1.165110,1.165620
2018/07/27 18:00:00,1.165750,1.166110,1.165680,1.165830,1.165620,1.165980,1.165550,1.165710
2018/07/27 18:30:00,1.165830,1.166070,1.165630,1.165690,1.165710,1.165940,1.165500,1.165550
2018/07/27 19:00:00,1.165690,1.166190,1.165630,1.166080,1.165550,1.166060,1.165500,1.165950
2018/07/27 19:30:00,1.166080,1.166500,1.165950,1.165980,1.165950,1.166380,1.165840,1.165850
2018/07/27 20:00:00,1.165980,1.166140,1.165830,1.166050,1.165850,1.166020,1.165700,1.165930
2018/07/27 20:30:00,1.166050,1.166180,1.165710,1.165850,1.165930,1.166050,1.165290,1.165290
2018/07/29 19:00:00,1.165850,1.166500,1.165400,1.166050,1.165290,1.166240,1.165140,1.165810
2018/07/29 19:30:00,1.166050,1.166200,1.165970,1.166100,1.165810,1.165810,1.165540,1.165540
2018/07/29 20:00:00,1.166100,1.166100,1.165870,1.166000,1.165540,1.165790,1.165540,1.165790
2018/07/29 20:30:00,1.166000,1.166050,1.165640,1.166050,1.165790,1.165790,1.165070,1.165440
2018/07/29 21:00:00,1.166050,1.166140,1.165610,1.165970,1.165440,1.165880,1.165350,1.165710
2018/07/29 21:30:00,1.165970,1.166070,1.165670,1.165970,1.165710,1.165860,1.165410,1.165820
2018/07/29 22:00:00,1.165970,1.166060,1.165830,1.165980,1.165820,1.165920,1.165680,1.165830
2018/07/29 22:30:00,1.165980,1.166130,1.165980,1.166090,1.165830,1.165980,1.165830,1.165940
2018/07/29 23:00:00,1.166090,1.166100,1.165920,1.165970,1.165940,1.165960,1.165790,1.165840
2018/07/29 23:30:00,1.165970,1.166130,1.165880,1.165980,1.165840,1.166000,1.165750,1.165860
2018/07/30 00:00:00,1.165980,1.166280,1.165660,1.166240,1.165860,1.166150,1.165540,1.166110
2018/07/30 00:30:00,1.166240,1.166560,1.165970,1.166080,1.166110,1.166430,1.165850,1.165950
2018/07/30 01:00:00,1.166080,1.166150,1.165740,1.166120,1.165950,1.166030,1.165620,1.166000
2018/07/30 01:30:00,1.166120,1.166230,1.165210,1.165890,1.166000,1.166100,1.165090,1.165750
2018/07/30 02:00:00,1.165890,1.165940,1.165480,1.165530,1.165750,1.165810,1.165350,1.165400
2018/07/30 02:30:00,1.165530,1.165690,1.165050,1.165180,1.165400,1.165570,1.164920,1.165060
2018/07/30 03:00:00,1.165180,1.165530,1.165140,1.165440,1.165060,1.165400,1.165000,1.165320
2018/07/30 03:30:00,1.165440,1.165600,1.165190,1.165490,1.165320,1.165480,1.165060,1.165370
2018/07/30 04:00:00,1.165490,1.165590,1.165360,1.165480,1.165370,1.165470,1.165230,1.165350
2018/07/30 04:30:00,1.165480,1.165780,1.165380,1.165580,1.165350,1.165650,1.165250,1.165450
2018/07/30 05:00:00,1.165580,1.166200,1.165430,1.166140,1.165450,1.166070,1.165300,1.166010
2018/07/30 05:30:00,1.166140,1.166550,1.166060,1.166470,1.166010,1.166430,1.165920,1.166330
2018/07/30 06:00:00,1.166470,1.166470,1.165590,1.165740,1.166330,1.166330,1.165450,1.165600
2018/07/30 06:30:00,1.165740,1.166290,1.165320,1.165590,1.165600,1.166150,1.165200,1.165450
2018/07/30 07:00:00,1.165590,1.165860,1.164850,1.165590,1.165450,1.165730,1.164730,1.165450
2018/07/30 07:30:00,1.165590,1.167460,1.165420,1.166950,1.165450,1.167340,1.165300,1.166810
2018/07/30 08:00:00,1.166950,1.167330,1.166520,1.166550,1.166810,1.167210,1.166390,1.166430
2018/07/30 08:30:00,1.166550,1.167760,1.166530,1.167730,1.166430,1.167630,1.166410,1.167600
2018/07/30 09:00:00,1.167730,1.168550,1.167490,1.168260,1.167600,1.168430,1.167370,1.168130
2018/07/30 09:30:00,1.168260,1.169330,1.168040,1.168610,1.168130,1.169220,1.167920,1.168500
2018/07/30 10:00:00,1.168610,1.168760,1.168270,1.168620,1.168500,1.168630,1.168150,1.168500
2018/07/30 10:30:00,1.168620,1.168620,1.167770,1.168130,1.168500,1.168500,1.167670,1.168000
2018/07/30 11:00:00,1.168130,1.168840,1.168120,1.168560,1.168000,1.168710,1.167990,1.168430
2018/07/30 11:30:00,1.168560,1.168760,1.167880,1.168190,1.168430,1.168630,1.167770,1.168050
2018/07/30 12:00:00,1.168190,1.168870,1.167980,1.168320,1.168050,1.168740,1.167870,1.168190
2018/07/30 12:30:00,1.168320,1.169580,1.167940,1.169560,1.168190,1.169470,1.167810,1.169440
2018/07/30 13:00:00,1.169560,1.169960,1.169230,1.169360,1.169440,1.169840,1.169100,1.169230
2018/07/30 13:30:00,1.169360,1.171140,1.169210,1.171040,1.169230,1.171020,1.169090,1.170900
2018/07/30 14:00:00,1.171040,1.171340,1.169980,1.171270,1.170900,1.171220,1.169860,1.171140
2018/07/30 14:30:00,1.171270,1.171680,1.170950,1.171160,1.171140,1.171560,1.170820,1.171030
2018/07/30 15:00:00,1.171160,1.171670,1.170840,1.171510,1.171030,1.171560,1.170710,1.171370
2018/07/30 15:30:00,1.171510,1.171940,1.171290,1.171780,1.171370,1.171820,1.171170,1.171650
2018/07/30 16:00:00,1.171780,1.171850,1.171120,1.171310,1.171650,1.171730,1.171010,1.171180
2018/07/30 16:30:00,1.171310,1.171670,1.171120,1.171640,1.171180,1.171550,1.170990,1.171510
2018/07/30 17:00:00,1.171640,1.171800,1.170940,1.171210,1.171510,1.171680,1.170820,1.171090
2018/07/30 17:30:00,1.171210,1.171760,1.171200,1.171200,1.171090,1.171630,1.171080,1.171090
2018/07/30 18:00:00,1.171200,1.171480,1.170930,1.171370,1.171090,1.171350,1.170820,1.171250
2018/07/30 18:30:00,1.171370,1.171460,1.170890,1.171020,1.171250,1.171330,1.170760,1.170900
2018/07/30 19:00:00,1.171020,1.171200,1.170960,1.171070,1.170900,1.171080,1.170840,1.170950
2018/07/30 19:30:00,1.171070,1.171130,1.170330,1.170390,1.170950,1.171000,1.170200,1.170260
2018/07/30 20:00:00,1.170390,1.170610,1.170340,1.170480,1.170260,1.170480,1.170210,1.170360
2018/07/30 20:30:00,1.170480,1.170790,1.170330,1.170680,1.170360,1.170650,1.170190,1.170480
2018/07/30 21:00:00,1.170680,1.170870,1.170490,1.170770,1.170480,1.170670,1.170300,1.170600
2018/07/30 21:30:00,1.170770,1.170870,1.170410,1.170530,1.170600,1.170720,1.170240,1.170450
2018/07/30 22:00:00,1.170530,1.170850,1.170530,1.170830,1.170450,1.170720,1.170450,1.170690
2018/07/30 22:30:00,1.170830,1.171020,1.170770,1.170870,1.170690,1.170880,1.170630,1.170740
2018/07/30 23:00:00,1.170870,1.171010,1.170810,1.170960,1.170740,1.170880,1.170690,1.170820
2018/07/30 23:30:00,1.170960,1.171020,1.170760,1.170800,1.170820,1.170890,1.170640,1.170680
2018/07/31 00:00:00,1.170800,1.171150,1.170750,1.170770,1.170680,1.171030,1.170630,1.170650
2018/07/31 00:30:00,1.170770,1.171150,1.170530,1.171010,1.170650,1.171030,1.170400,1.170870
2018/07/31 01:00:00,1.171010,1.171030,1.170220,1.170610,1.170870,1.170910,1.170110,1.170490
2018/07/31 01:30:00,1.170610,1.171140,1.170570,1.171010,1.170490,1.171010,1.170450,1.170880
2018/07/31 02:00:00,1.171010,1.171060,1.170300,1.170700,1.170880,1.170940,1.170170,1.170580
2018/07/31 02:30:00,1.170700,1.171030,1.170660,1.170930,1.170580,1.170910,1.170530,1.170790
2018/07/31 03:00:00,1.170930,1.170930,1.170400,1.170650,1.170790,1.170810,1.170280,1.170520
2018/07/31 03:30:00,1.170650,1.171060,1.170630,1.170940,1.170520,1.170950,1.170490,1.170830
2018/07/31 04:00:00,1.170940,1.171280,1.170060,1.171060,1.170830,1.171150,1.169950,1.170930
2018/07/31 04:30:00,1.171060,1.171930,1.170920,1.171670,1.170930,1.171810,1.170790,1.171560
2018/07/31 05:00:00,1.171670,1.171830,1.171460,1.171480,1.171560,1.171700,1.171340,1.171350
2018/07/31 05:30:00,1.171480,1.171630,1.171150,1.171200,1.171350,1.171500,1.171020,1.171060
2018/07/31 06:00:00,1.171200,1.171710,1.170930,1.171230,1.171060,1.171590,1.170810,1.171100
2018/07/31 06:30:00,1.171230,1.172610,1.170870,1.172400,1.171100,1.172490,1.170750,1.172250
2018/07/31 07:00:00,1.172400,1.173180,1.171810,1.172970,1.172250,1.173060,1.171680,1.172840
2018/07/31 07:30:00,1.172970,1.173020,1.171010,1.171630,1.172840,1.172880,1.170900,1.171500
2018/07/31 08:00:00,1.171630,1.172820,1.171120,1.172700,1.171500,1.172710,1.171020,1.172570
2018/07/31 08:30:00,1.172700,1.173190,1.172030,1.172710,1.172570,1.173100,1.171910,1.172520
2018/07/31 09:00:00,1.172710,1.173030,1.171440,1.172750,1.172520,1.172900,1.171310,1.172620
2018/07/31 09:30:00,1.172750,1.173010,1.172050,1.172390,1.172620,1.172890,1.171940,1.172260
2018/07/31 10:00:00,1.172390,1.172840,1.172250,1.172540,1.172260,1.172710,1.172130,1.172420
2018/07/31 10:30:00,1.172540,1.173650,1.172540,1.173240,1.172420,1.173520,1.172420,1.173120
2018/07/31 11:00:00,1.173240,1.174430,1.173210,1.173890,1.173120,1.174310,1.173090,1.173760
2018/07/31 11:30:00,1.173890,1.174140,1.173180,1.173620,1.173760,1.174030,1.173050,1.173500
2018/07/31 12:00:00,1.173620,1.174090,1.173320,1.173550,1.173500,1.173970,1.173200,1.173400
2018/07/31 12:30:00,1.173550,1.174640,1.172680,1.172800,1.173400,1.174640,1.172560,1.172680
2018/07/31 13:00:00,1.172800,1.172890,1.170700,1.171540,1.172680,1.172770,1.170600,1.171430
2018/07/31 13:30:00,1.171540,1.172480,1.169980,1.170670,1.171430,1.172350,1.169860,1.170520
2018/07/31 14:00:00,1.170670,1.171470,1.170040,1.171380,1.170520,1.171350,1.169910,1.171260
2018/07/31 14:30:00,1.171380,1.171440,1.169690,1.170190,1.171260,1.171310,1.169560,1.170060
2018/07/31 15:00:00,1.170190,1.170460,1.169250,1.170260,1.170060,1.170330,1.169120,1.170140
2018/07/31 15:30:00,1.170260,1.170840,1.169920,1.170560,1.170140,1.170720,1.169800,1.170440
2018/07/31 16:00:00,1.170560,1.170720,1.169980,1.170280,1.170440,1.170610,1.169850,1.170160
2018/07/31 16:30:00,1.170280,1.170900,1.170240,1.170570,1.170160,1.170780,1.170100,1.170440
2018/07/31 17:00:00,1.170570,1.170640,1.168960,1.169840,1.170440,1.170510,1.168850,1.169710
2018/07/31 17:30:00,1.169840,1.170080,1.169510,1.169740,1.169710,1.169970,1.169400,1.169620
2018/07/31 18:00:00,1.169740,1.170330,1.169710,1.170280,1.169620,1.170200,1.169600,1.170160
2018/07/31 18:30:00,1.170280,1.170350,1.169690,1.169750,1.170160,1.170230,1.169570,1.169620
2018/07/31 19:00:00,1.169750,1.170090,1.169480,1.169880,1.169620,1.169970,1.169350,1.169760
2018/07/31 19:30:00,1.169880,1.170170,1.169320,1.169330,1.169760,1.170070,1.169200,1.169210
2018/07/31 20:00:00,1.169330,1.169950,1.169240,1.169870,1.169210,1.169830,1.169110,1.169750
2018/07/31 20:30:00,1.169870,1.169940,1.168480,1.169230,1.169750,1.169800,1.168160,1.169030
2018/07/31 21:00:00,1.169230,1.169590,1.168800,1.169220,1.169030,1.169310,1.168530,1.169070
2018/07/31 21:30:00,1.169220,1.169320,1.168610,1.168830,1.169070,1.169170,1.168490,1.168700
2018/07/31 22:00:00,1.168830,1.169060,1.168730,1.169040,1.168700,1.168990,1.168590,1.168920
2018/07/31 22:30:00,1.169040,1.169160,1.168660,1.168730,1.168920,1.169030,1.168520,1.168600
2018/07/31 23:00:00,1.168730,1.169040,1.168630,1.168750,1.168600,1.168910,1.168500,1.168620
2018/07/31 23:30:00,1.168750,1.169030,1.168680,1.168990,1.168620,1.168900,1.168560,1.168860
