StartDate,AskOpen,AskHigh,AskLow,AskClose,BidOpen,BidHigh,BidLow,BidClose
2018/01/01 22:00:00,112.657000,112.799000,112.061000,112.312000,112.589000,112.787000,112.050000,112.268000
2018/01/02 22:00:00,112.312000,112.616000,112.179000,112.523000,112.268000,112.603000,112.167000,112.497000
2018/01/03 22:00:00,112.523000,112.871000,112.487000,112.755000,112.497000,112.859000,112.456000,112.729000
2018/01/04 22:00:00,112.755000,113.332000,112.731000,113.103000,112.729000,113.298000,112.712000,113.013000
2018/01/06 22:00:00,113.103000,113.187000,113.057000,113.180000,113.012000,113.135000,113.004000,113.121000
2018/01/07 22:00:00,113.180000,113.395000,112.888000,113.117000,113.121000,113.381000,112.875000,113.076000
2018/01/08 22:00:00,113.117000,113.188000,112.372000,112.674000,113.076000,113.174000,112.360000,112.629000
2018/01/09 22:00:00,112.674000,112.793000,111.276000,111.455000,112.629000,112.779000,111.265000,111.418000
2018/01/10 22:00:00,111.455000,111.882000,111.050000,111.277000,111.418000,111.870000,111.038000,111.238000
2018/01/11 22:00:00,111.277000,111.703000,110.919000,111.057000,111.238000,111.693000,110.907000,110.990000
2018/01/13 22:00:00,111.057000,111.147000,111.057000,111.118000,110.990000,111.122000,110.990000,111.077000
2018/01/14 22:00:00,111.118000,111.191000,110.333000,110.560000,111.077000,111.178000,110.322000,110.519000
2018/01/15 22:00:00,110.560000,110.988000,110.252000,110.477000,110.519000,110.977000,110.240000,110.432000
2018/01/16 22:00:00,110.477000,111.353000,110.199000,111.326000,110.432000,111.341000,110.186000,111.258000
2018/01/17 22:00:00,111.326000,111.489000,110.696000,111.131000,111.258000,111.476000,110.686000,111.086000
2018/01/18 22:00:00,111.131000,111.137000,110.496000,110.859000,111.086000,111.125000,110.484000,110.808000
2018/01/20 22:00:00,110.859000,110.859000,110.583000,110.594000,110.808000,110.808000,110.535000,110.545000
2018/01/21 22:00:00,110.594000,111.231000,110.545000,110.929000,110.545000,111.218000,110.506000,110.914000
2018/01/22 22:00:00,110.929000,111.185000,110.258000,110.321000,110.914000,111.173000,110.246000,110.294000
2018/01/23 22:00:00,110.321000,110.343000,108.975000,109.239000,110.294000,110.331000,108.962000,109.212000
2018/01/24 22:00:00,109.239000,109.709000,108.506000,109.435000,109.212000,109.697000,108.494000,109.396000
2018/01/25 22:00:00,109.435000,109.777000,108.289000,108.637000,109.396000,109.765000,108.276000,108.583000
2018/01/27 22:00:00,108.637000,108.795000,108.637000,108.738000,108.583000,108.747000,108.583000,108.679000
2018/01/28 22:00:00,108.738000,109.210000,108.515000,108.963000,108.679000,109.197000,108.504000,108.944000
2018/01/29 22:00:00,108.963000,109.211000,108.419000,108.793000,108.944000,109.199000,108.408000,108.768000
2018/01/30 22:00:00,108.793000,109.452000,108.602000,109.218000,108.768000,109.442000,108.590000,109.182000
2018/01/31 22:00:00,109.218000,109.757000,109.100000,109.416000,109.182000,109.745000,109.088000,109.376000
2018/02/01 22:00:00,109.416000,110.490000,109.287000,110.200000,109.376000,110.477000,109.275000,110.146000
2018/02/03 22:00:00,110.200000,110.244000,110.103000,110.234000,110.146000,110.203000,110.052000,110.175000
2018/02/04 22:00:00,110.234000,110.304000,108.995000,109.097000,110.175000,110.280000,108.986000,109.056000
2018/02/05 22:00:00,109.097000,109.659000,108.462000,109.573000,109.056000,109.648000,108.450000,109.548000
2018/02/06 22:00:00,109.573000,109.727000,108.926000,109.352000,109.548000,109.706000,108.913000,109.296000
2018/02/07 22:00:00,109.352000,109.791000,108.585000,108.757000,109.296000,109.778000,108.574000,108.730000
2018/02/08 22:00:00,108.757000,109.317000,108.052000,108.829000,108.730000,109.304000,108.040000,108.764000
2018/02/10 22:00:00,108.829000,108.959000,108.803000,108.901000,108.764000,108.926000,108.764000,108.836000
2018/02/11 22:00:00,108.901000,108.903000,108.443000,108.680000,108.836000,108.879000,108.430000,108.635000
2018/02/12 22:00:00,108.680000,108.788000,107.414000,107.847000,108.635000,108.775000,107.402000,107.804000
2018/02/13 22:00:00,107.847000,107.909000,106.729000,107.030000,107.804000,107.897000,106.717000,106.989000
2018/02/14 22:00:00,107.030000,107.042000,106.042000,106.157000,106.989000,106.994000,106.029000,106.112000
2018/02/15 22:00:00,106.157000,106.407000,105.553000,106.320000,106.112000,106.393000,105.544000,106.266000
2018/02/17 22:00:00,106.320000,106.422000,106.317000,106.387000,106.266000,106.375000,106.266000,106.322000
2018/02/18 22:00:00,106.387000,106.734000,106.101000,106.610000,106.322000,106.721000,106.090000,106.574000
2018/02/19 22:00:00,106.610000,107.382000,106.573000,107.337000,106.574000,107.373000,106.551000,107.316000
2018/02/20 22:00:00,107.337000,107.910000,107.270000,107.785000,107.316000,107.901000,107.272000,107.764000
2018/02/21 22:00:00,107.785000,107.800000,106.601000,106.771000,107.764000,107.767000,106.588000,106.736000
2018/02/22 22:00:00,106.771000,107.142000,106.518000,106.919000,106.736000,107.128000,106.506000,106.852000
2018/02/24 22:00:00,106.919000,107.297000,106.842000,107.227000,106.852000,107.270000,106.796000,107.188000
2018/02/25 22:00:00,107.227000,107.227000,106.381000,106.949000,107.188000,107.188000,106.370000,106.901000
2018/02/26 22:00:00,106.949000,107.682000,106.790000,107.351000,106.901000,107.670000,106.778000,107.314000
2018/02/27 22:00:00,107.351000,107.533000,106.571000,106.698000,107.314000,107.522000,106.559000,106.655000
2018/02/28 22:00:00,106.698000,107.212000,106.169000,106.245000,106.655000,107.199000,106.156000,106.214000
2018/03/01 22:00:00,106.245000,106.303000,105.256000,105.762000,106.214000,106.294000,105.244000,105.706000
2018/03/03 22:00:00,105.762000,105.762000,105.446000,105.497000,105.706000,105.706000,105.424000,105.438000
2018/03/04 22:00:00,105.497000,106.244000,105.357000,106.228000,105.438000,106.232000,105.345000,106.198000
2018/03/05 22:00:00,106.228000,106.470000,105.860000,106.151000,106.198000,106.457000,105.846000,106.124000
2018/03/06 22:00:00,106.151000,106.227000,105.463000,106.098000,106.124000,106.223000,105.450000,106.053000
2018/03/07 22:00:00,106.098000,106.321000,105.899000,106.252000,106.053000,106.309000,105.886000,106.187000
2018/03/08 22:00:00,106.252000,107.060000,106.181000,106.827000,106.187000,107.044000,106.144000,106.808000
2018/03/10 22:00:00,106.827000,106.827000,106.585000,106.685000,106.808000,106.808000,106.562000,106.626000
2018/03/11 21:00:00,106.685000,106.979000,106.320000,106.436000,106.626000,106.966000,106.304000,106.404000
2018/03/12 21:00:00,106.436000,107.303000,106.260000,106.593000,106.404000,107.287000,106.248000,106.558000
2018/03/13 21:00:00,106.593000,106.755000,106.071000,106.337000,106.558000,106.743000,106.058000,106.308000
2018/03/14 21:00:00,106.337000,106.422000,105.791000,106.366000,106.308000,106.409000,105.779000,106.321000
2018/03/15 21:00:00,106.366000,106.401000,105.609000,106.012000,106.321000,106.368000,105.596000,105.947000
2018/03/17 21:00:00,106.012000,106.012000,105.819000,105.932000,105.947000,105.947000,105.789000,105.903000
2018/03/18 21:00:00,105.932000,106.314000,105.684000,106.113000,105.903000,106.302000,105.671000,106.078000
2018/03/19 21:00:00,106.113000,106.615000,105.935000,106.545000,106.078000,106.602000,105.923000,106.522000
2018/03/20 21:00:00,106.545000,106.648000,105.886000,106.055000,106.522000,106.634000,105.875000,106.040000
2018/03/21 21:00:00,106.055000,106.097000,105.267000,105.299000,106.040000,106.083000,105.254000,105.264000
2018/03/22 21:00:00,105.299000,105.451000,104.644000,104.771000,105.264000,105.405000,104.630000,104.706000
2018/03/24 21:00:00,104.771000,104.771000,104.597000,104.699000,104.706000,104.706000,104.569000,104.635000
2018/03/25 21:00:00,104.699000,105.487000,104.647000,105.423000,104.635000,105.476000,104.623000,105.390000
2018/03/26 21:00:00,105.423000,105.910000,105.332000,105.358000,105.390000,105.897000,105.310000,105.322000
2018/03/27 21:00:00,105.358000,107.019000,105.338000,106.867000,105.322000,107.006000,105.319000,106.836000
2018/03/28 21:00:00,106.867000,106.940000,106.273000,106.448000,106.836000,106.927000,106.261000,106.412000
2018/03/29 21:00:00,106.448000,106.552000,106.132000,106.317000,106.412000,106.531000,106.116000,106.254000
2018/04/01 21:00:00,106.317000,106.456000,105.663000,105.915000,106.254000,106.444000,105.651000,105.871000
2018/04/02 21:00:00,105.915000,106.664000,105.700000,106.625000,105.871000,106.652000,105.687000,106.594000
2018/04/03 21:00:00,106.625000,106.855000,105.998000,106.791000,106.594000,106.842000,105.984000,106.768000
2018/04/04 21:00:00,106.791000,107.499000,106.718000,107.397000,106.768000,107.487000,106.705000,107.368000
2018/04/05 21:00:00,107.397000,107.466000,106.782000,106.967000,107.368000,107.456000,106.770000,106.909000
2018/04/07 21:00:00,106.967000,107.055000,106.802000,106.994000,106.909000,107.001000,106.762000,106.931000
2018/04/08 21:00:00,106.994000,107.210000,106.623000,106.801000,106.931000,107.197000,106.610000,106.748000
2018/04/09 21:00:00,106.801000,107.405000,106.623000,107.222000,106.748000,107.393000,106.613000,107.182000
2018/04/10 21:00:00,107.222000,107.270000,106.657000,106.807000,107.182000,107.247000,106.644000,106.776000
2018/04/11 21:00:00,106.807000,107.437000,106.706000,107.341000,106.776000,107.424000,106.694000,107.296000
2018/04/12 21:00:00,107.341000,107.785000,107.210000,107.390000,107.296000,107.774000,107.198000,107.332000
2018/04/15 21:00:00,107.390000,107.620000,107.042000,107.135000,107.332000,107.603000,107.029000,107.100000
2018/04/16 21:00:00,107.135000,107.219000,106.888000,107.025000,107.100000,107.207000,106.876000,106.985000
2018/04/17 21:00:00,107.025000,107.392000,107.003000,107.255000,106.985000,107.380000,106.978000,107.219000
2018/04/18 21:00:00,107.255000,107.524000,107.188000,107.383000,107.219000,107.511000,107.175000,107.352000
2018/04/19 21:00:00,107.383000,107.863000,107.356000,107.679000,107.352000,107.850000,107.346000,107.610000
2018/04/21 21:00:00,107.679000,107.866000,107.659000,107.822000,107.610000,107.827000,107.610000,107.764000
2018/04/22 21:00:00,107.822000,108.760000,107.680000,108.715000,107.764000,108.748000,107.653000,108.694000
2018/04/23 21:00:00,108.715000,109.206000,108.549000,108.829000,108.694000,109.196000,108.537000,108.802000
2018/04/24 21:00:00,108.829000,109.461000,108.793000,109.441000,108.802000,109.450000,108.777000,109.412000
2018/04/25 21:00:00,109.441000,109.478000,109.072000,109.313000,109.412000,109.461000,109.059000,109.288000
2018/04/26 21:00:00,109.313000,109.545000,108.971000,109.085000,109.288000,109.533000,108.960000,109.016000
2018/04/28 21:00:00,109.085000,109.165000,109.084000,109.086000,109.016000,109.144000,109.015000,109.057000
2018/04/29 21:00:00,109.086000,109.459000,109.027000,109.365000,109.057000,109.446000,109.014000,109.320000
2018/04/30 21:00:00,109.365000,109.895000,109.244000,109.873000,109.320000,109.884000,109.228000,109.856000
2018/05/01 21:00:00,109.873000,110.042000,109.600000,109.853000,109.856000,110.030000,109.588000,109.820000
2018/05/02 21:00:00,109.853000,109.890000,108.934000,109.211000,109.820000,109.878000,108.923000,109.174000
2018/05/03 21:00:00,109.211000,109.280000,108.652000,109.110000,109.174000,109.268000,108.640000,109.050000
2018/05/05 21:00:00,109.110000,109.212000,109.110000,109.131000,109.050000,109.195000,109.050000,109.102000
2018/05/06 21:00:00,109.131000,109.404000,108.763000,109.105000,109.102000,109.392000,108.751000,109.084000
2018/05/07 21:00:00,109.105000,109.357000,108.834000,109.134000,109.084000,109.346000,108.822000,109.120000
2018/05/08 21:00:00,109.134000,109.839000,109.003000,109.752000,109.120000,109.827000,108.990000,109.738000
2018/05/09 21:00:00,109.752000,110.025000,109.323000,109.413000,109.738000,110.013000,109.310000,109.382000
2018/05/10 21:00:00,109.413000,109.575000,109.159000,109.415000,109.382000,109.562000,109.146000,109.352000
2018/05/12 21:00:00,109.415000,109.449000,109.315000,109.448000,109.352000,109.393000,109.245000,109.378000
2018/05/13 21:00:00,109.448000,109.681000,109.213000,109.681000,109.378000,109.666000,109.201000,109.646000
2018/05/14 21:00:00,109.681000,110.461000,109.667000,110.361000,109.646000,110.448000,109.642000,110.336000
2018/05/15 21:00:00,110.361000,110.417000,110.046000,110.403000,110.336000,110.398000,110.034000,110.388000
2018/05/16 21:00:00,110.403000,110.865000,110.079000,110.786000,110.388000,110.853000,110.067000,110.744000
2018/05/17 21:00:00,110.786000,111.089000,110.614000,110.788000,110.744000,111.075000,110.601000,110.730000
2018/05/19 21:00:00,110.788000,111.069000,110.788000,110.926000,110.730000,111.014000,110.730000,110.867000
2018/05/20 21:00:00,110.926000,111.402000,110.830000,111.075000,110.867000,111.391000,110.815000,111.031000
2018/05/21 21:00:00,111.075000,111.193000,110.801000,110.907000,111.031000,111.180000,110.790000,110.888000
2018/05/22 21:00:00,110.907000,110.937000,109.563000,110.091000,110.888000,110.913000,109.551000,110.073000
2018/05/23 21:00:00,110.091000,110.127000,108.960000,109.270000,110.073000,110.089000,108.949000,109.238000
2018/05/24 21:00:00,109.270000,109.750000,109.126000,109.414000,109.238000,109.738000,109.116000,109.356000
2018/05/26 21:00:00,109.414000,109.843000,109.414000,109.791000,109.356000,109.810000,109.356000,109.740000
2018/05/27 21:00:00,109.791000,109.842000,109.240000,109.437000,109.740000,109.824000,109.226000,109.398000
2018/05/28 21:00:00,109.437000,109.476000,108.118000,108.785000,109.398000,109.463000,108.106000,108.748000
2018/05/29 21:00:00,108.785000,109.081000,108.358000,108.916000,108.748000,109.069000,108.345000,108.899000
2018/05/30 21:00:00,108.916000,109.010000,108.392000,108.841000,108.899000,108.999000,108.380000,108.797000
2018/05/31 21:00:00,108.841000,109.747000,108.728000,109.540000,108.797000,109.727000,108.716000,109.482000
2018/06/02 21:00:00,109.540000,109.540000,109.469000,109.492000,109.482000,109.482000,109.413000,109.442000
2018/06/03 21:00:00,109.492000,109.860000,109.378000,109.821000,109.442000,109.849000,109.365000,109.807000
2018/06/04 21:00:00,109.821000,110.011000,109.479000,109.809000,109.807000,109.999000,109.466000,109.772000
2018/06/05 21:00:00,109.809000,110.273000,109.795000,110.190000,109.772000,110.261000,109.765000,110.174000
2018/06/06 21:00:00,110.190000,110.227000,109.485000,109.715000,110.174000,110.215000,109.470000,109.688000
2018/06/07 21:00:00,109.715000,109.859000,109.205000,109.559000,109.688000,109.847000,109.193000,109.503000
2018/06/09 21:00:00,109.559000,109.559000,109.242000,109.329000,109.503000,109.503000,109.204000,109.278000
2018/06/10 21:00:00,109.329000,110.125000,109.329000,110.042000,109.278000,110.112000,109.278000,110.027000
2018/06/11 21:00:00,110.042000,110.503000,110.007000,110.389000,110.027000,110.488000,109.957000,110.358000
2018/06/12 21:00:00,110.389000,110.855000,110.276000,110.354000,110.358000,110.843000,110.265000,110.330000
2018/06/13 21:00:00,110.354000,110.701000,109.923000,110.651000,110.330000,110.688000,109.912000,110.614000
2018/06/14 21:00:00,110.651000,110.911000,110.394000,110.696000,110.614000,110.898000,110.380000,110.638000
2018/06/16 21:00:00,110.696000,110.744000,110.663000,110.705000,110.638000,110.695000,110.601000,110.654000
2018/06/17 21:00:00,110.705000,110.756000,110.306000,110.561000,110.654000,110.730000,110.294000,110.536000
2018/06/18 21:00:00,110.561000,110.588000,109.557000,110.071000,110.536000,110.568000,109.544000,110.045000
2018/06/19 21:00:00,110.071000,110.458000,109.861000,110.363000,110.045000,110.445000,109.848000,110.354000
2018/06/20 21:00:00,110.363000,110.765000,109.849000,110.021000,110.354000,110.751000,109.836000,109.951000
2018/06/21 21:00:00,110.021000,110.225000,109.809000,109.989000,109.951000,110.212000,109.795000,109.970000
2018/06/23 21:00:00,109.989000,109.991000,109.757000,109.892000,109.970000,109.970000,109.744000,109.837000
2018/06/24 21:00:00,109.892000,110.065000,109.375000,109.793000,109.837000,110.034000,109.361000,109.734000
2018/06/25 21:00:00,109.793000,110.224000,109.376000,110.059000,109.734000,110.213000,109.363000,110.011000
2018/06/26 21:00:00,110.059000,110.497000,109.691000,110.270000,110.011000,110.484000,109.679000,110.254000
2018/06/27 21:00:00,110.270000,110.656000,109.973000,110.509000,110.254000,110.643000,109.960000,110.484000
2018/06/28 21:00:00,110.509000,110.950000,110.381000,110.713000,110.484000,110.937000,110.368000,110.660000
2018/06/30 21:00:00,110.713000,110.805000,110.522000,110.707000,110.660000,110.778000,110.494000,110.644000
2018/07/01 21:00:00,110.707000,111.070000,110.610000,110.903000,110.644000,111.057000,110.586000,110.890000
2018/07/02 21:00:00,110.903000,111.142000,110.513000,110.620000,110.890000,111.129000,110.502000,110.567000
2018/07/03 21:00:00,110.620000,110.647000,110.283000,110.521000,110.567000,110.602000,110.271000,110.474000
2018/07/04 21:00:00,110.521000,110.750000,110.295000,110.703000,110.474000,110.735000,110.282000,110.583000
2018/07/05 21:00:00,110.703000,110.793000,110.387000,110.504000,110.583000,110.781000,110.373000,110.443000
2018/07/07 21:00:00,110.504000,110.504000,110.311000,110.452000,110.443000,110.443000,110.294000,110.405000
2018/07/08 21:00:00,110.452000,110.909000,110.357000,110.854000,110.405000,110.897000,110.344000,110.840000
2018/07/09 21:00:00,110.854000,111.361000,110.812000,111.009000,110.840000,111.348000,110.785000,110.990000
2018/07/10 21:00:00,111.009000,112.179000,110.772000,112.033000,110.990000,112.168000,110.761000,112.008000
2018/07/11 21:00:00,112.033000,112.633000,111.924000,112.552000,112.008000,112.621000,111.909000,112.528000
2018/07/12 21:00:00,112.552000,112.807000,112.283000,112.348000,112.528000,112.795000,112.270000,112.324000
2018/07/14 21:00:00,112.348000,112.404000,112.123000,112.247000,112.324000,112.358000,112.094000,112.194000
2018/07/15 21:00:00,112.247000,112.570000,112.222000,112.307000,112.194000,112.556000,112.192000,112.266000
2018/07/16 21:00:00,112.307000,112.931000,112.233000,112.897000,112.266000,112.919000,112.222000,112.865000
2018/07/17 21:00:00,112.897000,113.144000,112.716000,112.850000,112.865000,113.132000,112.704000,112.829000
2018/07/18 21:00:00,112.850000,113.184000,112.070000,112.482000,112.829000,113.170000,112.058000,112.456000
2018/07/19 21:00:00,112.482000,112.630000,111.393000,111.486000,112.456000,112.617000,111.376000,111.416000
2018/07/21 21:00:00,111.486000,111.486000,111.191000,111.401000,111.416000,111.416000,111.159000,111.374000
2018/07/22 21:00:00,111.401000,111.551000,110.759000,111.355000,111.374000,111.538000,110.746000,111.332000
2018/07/23 21:00:00,111.355000,111.521000,110.967000,111.205000,111.332000,111.508000,110.955000,111.185000
2018/07/24 21:00:00,111.205000,111.390000,110.664000,110.993000,111.185000,111.379000,110.658000,110.976000
2018/07/25 21:00:00,110.993000,111.256000,110.595000,111.234000,110.976000,111.244000,110.582000,111.214000
2018/07/26 21:00:00,111.234000,111.263000,110.804000,111.022000,111.214000,111.241000,110.791000,110.966000
2018/07/28 21:00:00,111.022000,111.079000,110.920000,110.947000,110.966000,110.998000,110.867000,110.928000
2018/07/29 21:00:00,110.947000,111.173000,110.897000,111.056000,110.928000,111.159000,110.884000,111.036000
2018/07/30 21:00:00,111.056000,111.964000,110.758000,111.882000,111.036000,111.953000,110.728000,111.862000
2018/07/31 21:00:00,111.882000,112.159000,111.396000,111.731000,111.862000,112.146000,111.383000,111.712000
2018/08/01 21:00:00,111.731000,111.755000,111.321000,111.668000,111.712000,111.732000,111.307000,111.648000
2018/08/02 21:00:00,111.668000,111.891000,111.107000,111.288000,111.648000,111.873000,111.095000,111.219000
2018/08/04 21:00:00,111.288000,111.288000,111.179000,111.248000,111.219000,111.222000,111.127000,111.209000
2018/08/05 21:00:00,111.248000,111.533000,111.167000,111.409000,111.209000,111.521000,111.144000,111.398000
2018/08/06 21:00:00,111.409000,111.486000,110.999000,111.395000,111.398000,111.473000,110.986000,111.373000
2018/08/07 21:00:00,111.395000,111.447000,110.843000,111.012000,111.373000,111.433000,110.831000,110.953000
2018/08/08 21:00:00,111.012000,111.191000,110.715000,111.094000,110.953000,111.179000,110.701000,111.074000
2018/08/09 21:00:00,111.094000,111.177000,110.517000,110.867000,111.074000,111.164000,110.509000,110.813000
2018/08/11 21:00:00,110.867000,110.867000,110.337000,110.504000,110.813000,110.813000,110.310000,110.440000
2018/08/12 21:00:00,110.504000,110.945000,110.116000,110.725000,110.440000,110.934000,110.104000,110.704000
2018/08/13 21:00:00,110.725000,111.322000,110.595000,111.157000,110.704000,111.309000,110.581000,111.137000
2018/08/14 21:00:00,111.157000,111.437000,110.438000,110.752000,111.137000,111.425000,110.426000,110.736000
2018/08/15 21:00:00,110.752000,111.130000,110.466000,110.911000,110.736000,111.118000,110.453000,110.892000
2018/08/16 21:00:00,110.911000,111.058000,110.321000,110.535000,110.892000,111.046000,110.309000,110.457000
2018/08/18 21:00:00,110.535000,110.618000,110.535000,110.609000,110.457000,110.600000,110.457000,110.580000
2018/08/19 21:00:00,110.609000,110.692000,110.024000,110.074000,110.580000,110.678000,110.015000,110.064000
2018/08/20 21:00:00,110.074000,110.554000,109.780000,110.319000,110.064000,110.541000,109.768000,110.285000
2018/08/21 21:00:00,110.319000,110.624000,110.034000,110.567000,110.285000,110.611000,110.021000,110.549000
2018/08/22 21:00:00,110.567000,111.324000,110.525000,111.304000,110.549000,111.310000,110.513000,111.274000
2018/08/23 21:00:00,111.304000,111.493000,111.109000,111.279000,111.274000,111.481000,111.097000,111.219000
2018/08/25 21:00:00,111.279000,111.391000,111.279000,111.336000,111.219000,111.354000,111.219000,111.308000
2018/08/26 21:00:00,111.336000,111.354000,110.942000,111.088000,111.308000,111.342000,110.930000,111.068000
2018/08/27 21:00:00,111.088000,111.363000,110.961000,111.198000,111.068000,111.350000,110.948000,111.185000
2018/08/28 21:00:00,111.198000,111.835000,111.129000,111.686000,111.185000,111.822000,111.116000,111.671000
2018/08/29 21:00:00,111.686000,111.762000,110.959000,111.006000,111.671000,111.750000,110.947000,110.978000
2018/08/30 21:00:00,111.006000,111.145000,110.690000,111.122000,110.978000,111.129000,110.679000,111.041000
2018/09/01 21:00:00,111.122000,111.154000,111.062000,111.154000,111.041000,111.085000,111.005000,111.085000
2018/09/02 21:00:00,111.154000,111.195000,110.854000,111.109000,111.085000,111.182000,110.844000,111.029000
2018/09/03 21:00:00,111.109000,111.540000,110.907000,111.464000,111.029000,111.527000,110.894000,111.433000
2018/09/04 21:00:00,111.464000,111.764000,111.402000,111.537000,111.433000,111.752000,111.352000,111.518000
2018/09/05 21:00:00,111.537000,111.547000,110.526000,110.761000,111.518000,111.526000,110.514000,110.740000
2018/09/06 21:00:00,110.761000,111.254000,110.387000,111.091000,110.740000,111.241000,110.374000,111.037000
2018/09/08 21:00:00,111.091000,111.124000,110.942000,111.107000,111.037000,111.045000,110.895000,111.037000
2018/09/09 21:00:00,111.107000,111.254000,110.857000,111.159000,111.037000,111.243000,110.844000,111.094000
2018/09/10 21:00:00,111.159000,111.649000,111.076000,111.639000,111.094000,111.636000,111.057000,111.622000
2018/09/11 21:00:00,111.639000,111.659000,111.121000,111.275000,111.622000,111.645000,111.108000,111.248000
2018/09/12 21:00:00,111.275000,112.005000,111.176000,111.940000,111.248000,111.993000,111.164000,111.916000
2018/09/13 21:00:00,111.940000,112.174000,111.759000,112.076000,111.916000,112.163000,111.747000,112.045000
2018/09/15 21:00:00,112.076000,112.089000,111.955000,112.051000,112.045000,112.046000,111.932000,112.024000
2018/09/16 21:00:00,112.051000,112.129000,111.768000,111.859000,112.024000,112.116000,111.755000,111.833000
2018/09/17 21:00:00,111.859000,112.396000,111.671000,112.371000,111.833000,112.384000,111.657000,112.347000
2018/09/18 21:00:00,112.371000,112.454000,112.167000,112.299000,112.347000,112.440000,112.155000,112.256000
2018/09/19 21:00:00,112.299000,112.591000,112.049000,112.499000,112.256000,112.578000,112.036000,112.476000
2018/09/20 21:00:00,112.499000,112.881000,112.438000,112.601000,112.476000,112.868000,112.421000,112.547000
2018/09/22 21:00:00,112.601000,112.605000,112.296000,112.462000,112.547000,112.566000,112.256000,112.397000
2018/09/23 21:00:00,112.462000,112.847000,112.439000,112.845000,112.397000,112.832000,112.397000,112.765000
2018/09/24 21:00:00,112.845000,112.988000,112.747000,112.979000,112.765000,112.975000,112.735000,112.962000
2018/09/25 21:00:00,112.979000,113.143000,112.638000,112.751000,112.962000,113.132000,112.625000,112.706000
2018/09/26 21:00:00,112.751000,113.474000,112.565000,113.411000,112.706000,113.462000,112.555000,113.352000
2018/09/27 21:00:00,113.411000,113.719000,113.326000,113.708000,113.352000,113.708000,113.311000,113.672000
2018/09/29 21:00:00,113.708000,113.800000,113.663000,113.747000,113.672000,113.774000,113.603000,113.700000
2018/09/30 21:00:00,113.747000,114.068000,113.708000,113.963000,113.700000,114.056000,113.684000,113.892000
2018/10/01 21:00:00,113.963000,114.025000,113.535000,113.681000,113.892000,114.011000,113.522000,113.606000
2018/10/02 21:00:00,113.681000,114.551000,113.527000,114.541000,113.606000,114.536000,113.516000,114.524000
2018/10/03 21:00:00,114.541000,114.557000,113.639000,113.946000,114.524000,114.544000,113.626000,113.870000
2018/10/04 21:00:00,113.946000,114.108000,113.563000,113.715000,113.870000,114.095000,113.552000,113.695000
2018/10/06 21:00:00,113.715000,113.851000,113.715000,113.840000,113.695000,113.832000,113.695000,113.760000
2018/10/07 21:00:00,113.840000,113.950000,112.827000,113.241000,113.760000,113.937000,112.816000,113.222000
2018/10/08 21:00:00,113.241000,113.399000,112.875000,112.969000,113.222000,113.386000,112.863000,112.946000
2018/10/09 21:00:00,112.969000,113.294000,112.265000,112.281000,112.946000,113.281000,112.239000,112.267000
2018/10/10 21:00:00,112.281000,112.541000,111.835000,112.175000,112.267000,112.528000,111.825000,112.158000
2018/10/11 21:00:00,112.175000,112.504000,111.885000,112.243000,112.158000,112.491000,111.873000,112.200000
2018/10/13 21:00:00,112.243000,112.295000,112.145000,112.181000,112.200000,112.270000,112.109000,112.130000
2018/10/14 21:00:00,112.181000,112.243000,111.631000,111.781000,112.130000,112.230000,111.619000,111.758000
2018/10/15 21:00:00,111.781000,112.345000,111.740000,112.263000,111.758000,112.333000,111.727000,112.244000
2018/10/16 21:00:00,112.263000,112.682000,112.022000,112.664000,112.244000,112.670000,112.009000,112.636000
2018/10/17 21:00:00,112.664000,112.738000,111.955000,112.237000,112.636000,112.725000,111.942000,112.168000
2018/10/18 21:00:00,112.237000,112.655000,112.147000,112.549000,112.168000,112.642000,112.135000,112.505000
2018/10/20 21:00:00,112.549000,112.615000,112.492000,112.615000,112.505000,112.590000,112.452000,112.584000
2018/10/21 21:00:00,112.615000,112.892000,112.354000,112.839000,112.584000,112.880000,112.345000,112.808000
2018/10/22 21:00:00,112.839000,112.852000,111.959000,112.455000,112.808000,112.834000,111.946000,112.432000
2018/10/23 21:00:00,112.455000,112.749000,112.097000,112.269000,112.432000,112.737000,112.083000,112.234000
2018/10/24 21:00:00,112.269000,112.681000,111.826000,112.437000,112.234000,112.668000,111.814000,112.388000
2018/10/25 21:00:00,112.437000,112.461000,111.383000,111.912000,112.388000,112.438000,111.370000,111.867000
2018/10/27 21:00:00,111.912000,111.912000,111.842000,111.891000,111.867000,111.874000,111.788000,111.857000
2018/10/28 21:00:00,111.891000,112.568000,111.783000,112.386000,111.857000,112.558000,111.769000,112.354000
2018/10/29 21:00:00,112.386000,113.146000,112.310000,113.145000,112.354000,113.112000,112.297000,113.109000
2018/10/30 21:00:00,113.145000,113.392000,112.812000,112.947000,113.109000,113.379000,112.798000,112.936000
2018/10/31 21:00:00,112.947000,113.010000,112.612000,112.737000,112.936000,112.997000,112.600000,112.691000
2018/11/01 21:00:00,112.737000,113.329000,112.564000,113.221000,112.691000,113.317000,112.551000,113.185000
2018/11/03 21:00:00,113.221000,113.221000,113.137000,113.187000,113.185000,113.185000,113.102000,113.145000
2018/11/04 22:00:00,113.187000,113.347000,113.082000,113.202000,113.145000,113.336000,113.069000,113.182000
2018/11/05 22:00:00,113.202000,113.510000,113.107000,113.450000,113.182000,113.499000,113.095000,113.406000
2018/11/06 22:00:00,113.450000,113.826000,112.953000,113.552000,113.406000,113.812000,112.940000,113.488000
2018/11/07 22:00:00,113.552000,114.094000,113.486000,114.069000,113.488000,114.082000,113.465000,114.054000
2018/11/08 22:00:00,114.069000,114.097000,113.645000,113.830000,114.054000,114.076000,113.633000,113.793000
2018/11/10 22:00:00,113.830000,113.869000,113.798000,113.801000,113.793000,113.805000,113.748000,113.767000
2018/11/11 22:00:00,113.801000,114.223000,113.666000,113.845000,113.767000,114.227000,113.654000,113.828000
2018/11/12 22:00:00,113.845000,114.153000,113.587000,113.831000,113.828000,114.141000,113.573000,113.802000
2018/11/13 22:00:00,113.831000,114.016000,113.305000,113.641000,113.802000,114.003000,113.291000,113.600000
2018/11/14 22:00:00,113.641000,113.713000,113.103000,113.671000,113.600000,113.701000,113.091000,113.617000
2018/11/15 22:00:00,113.671000,113.679000,112.650000,112.846000,113.617000,113.634000,112.636000,112.815000
2018/11/17 22:00:00,112.846000,112.860000,112.764000,112.845000,112.815000,112.815000,112.740000,112.779000
2018/11/18 22:00:00,112.845000,112.881000,112.425000,112.565000,112.779000,112.869000,112.415000,112.543000
2018/11/19 22:00:00,112.565000,112.850000,112.311000,112.797000,112.543000,112.837000,112.298000,112.744000
2018/11/20 22:00:00,112.797000,113.155000,112.650000,113.095000,112.744000,113.142000,112.638000,113.050000
2018/11/21 22:00:00,113.095000,113.254000,112.891000,112.974000,113.050000,113.224000,112.879000,112.913000
2018/11/22 22:00:00,112.974000,113.016000,112.667000,112.997000,112.913000,113.006000,112.654000,112.946000
2018/11/24 22:00:00,112.997000,112.997000,112.894000,112.947000,112.946000,112.946000,112.853000,112.890000
2018/11/25 22:00:00,112.947000,113.658000,112.885000,113.614000,112.890000,113.645000,112.871000,113.558000
2018/11/26 22:00:00,113.614000,113.850000,113.422000,113.803000,113.558000,113.837000,113.409000,113.778000
2018/11/27 22:00:00,113.803000,114.043000,113.449000,113.689000,113.778000,114.031000,113.435000,113.668000
2018/11/28 22:00:00,113.689000,113.701000,113.188000,113.491000,113.668000,113.678000,113.183000,113.473000
2018/11/29 22:00:00,113.491000,113.729000,113.349000,113.500000,113.473000,113.714000,113.328000,113.447000
2018/12/01 22:00:00,113.500000,113.863000,113.500000,113.687000,113.447000,113.848000,113.447000,113.642000
2018/12/02 22:00:00,113.687000,113.831000,113.382000,113.673000,113.642000,113.817000,113.369000,113.643000
2018/12/03 22:00:00,113.673000,113.687000,112.582000,112.789000,113.643000,113.654000,112.570000,112.770000
2018/12/04 22:00:00,112.789000,113.249000,112.657000,113.207000,112.770000,113.235000,112.644000,113.182000
2018/12/05 22:00:00,113.207000,113.239000,112.239000,112.697000,113.182000,113.198000,112.226000,112.653000
2018/12/06 22:00:00,112.697000,112.935000,112.561000,112.732000,112.653000,112.922000,112.548000,112.683000
2018/12/08 22:00:00,112.732000,112.732000,112.547000,112.647000,112.683000,112.683000,112.520000,112.596000
2018/12/09 22:00:00,112.647000,113.393000,112.247000,113.350000,112.596000,113.361000,112.234000,113.319000
2018/12/10 22:00:00,113.350000,113.473000,113.014000,113.387000,113.319000,113.460000,113.001000,113.362000
2018/12/11 22:00:00,113.387000,113.527000,113.147000,113.298000,113.362000,113.515000,113.133000,113.271000
2018/12/12 22:00:00,113.298000,113.715000,113.211000,113.652000,113.271000,113.702000,113.197000,113.581000
2018/12/13 22:00:00,113.652000,113.683000,113.211000,113.393000,113.581000,113.669000,113.205000,113.371000
2018/12/15 22:00:00,113.393000,113.401000,113.315000,113.389000,113.371000,113.371000,113.270000,113.332000
2018/12/16 22:00:00,113.389000,113.528000,112.687000,112.841000,113.332000,113.516000,112.675000,112.820000
2018/12/17 22:00:00,112.841000,112.866000,112.256000,112.547000,112.820000,112.850000,112.244000,112.512000
2018/12/18 22:00:00,112.547000,112.673000,112.096000,112.491000,112.512000,112.659000,112.082000,112.467000
2018/12/19 22:00:00,112.491000,112.612000,110.820000,111.295000,112.467000,112.598000,110.807000,111.272000
2018/12/20 22:00:00,111.295000,111.467000,110.940000,111.247000,111.272000,111.453000,110.927000,111.198000
2018/12/22 22:00:00,111.247000,111.247000,110.824000,110.985000,111.198000,111.198000,110.806000,110.924000
2018/12/23 22:00:00,110.985000,111.199000,110.276000,110.349000,110.924000,111.185000,110.261000,110.324000
2018/12/25 22:00:00,110.349000,111.418000,110.286000,111.371000,110.324000,111.402000,110.273000,111.354000
2018/12/26 22:00:00,111.371000,111.375000,110.463000,111.012000,111.354000,111.356000,110.449000,110.948000
2018/12/27 22:00:00,111.012000,111.064000,110.151000,110.301000,110.948000,111.013000,110.135000,110.245000
2018/12/29 22:00:00,110.301000,110.401000,110.301000,110.391000,110.245000,110.370000,110.245000,110.322000
2018/12/30 22:00:00,110.391000,110.482000,109.642000,109.695000,110.322000,110.469000,109.629000,109.678000
