StartDate,AskOpen,AskHigh,AskLow,AskClose,BidOpen,BidHigh,BidLow,BidClose
2016/01/03 14:00:00,130.670000,130.851000,130.388000,130.758000,130.554000,130.726000,130.317000,130.675000
2016/01/03 22:00:00,130.758000,130.809000,129.983000,130.111000,130.675000,130.744000,129.955000,130.085000
2016/01/04 06:00:00,130.111000,130.197000,129.408000,129.467000,130.085000,130.171000,129.378000,129.440000
2016/01/04 14:00:00,129.467000,129.488000,128.691000,129.446000,129.440000,129.460000,128.666000,129.305000
2016/01/04 22:00:00,129.446000,129.491000,129.090000,129.366000,129.305000,129.467000,129.062000,129.336000
2016/01/05 06:00:00,129.366000,129.401000,127.769000,128.002000,129.336000,129.372000,127.741000,127.973000
2016/01/05 14:00:00,128.002000,128.146000,127.532000,127.988000,127.973000,128.117000,127.508000,127.938000
2016/01/05 22:00:00,127.988000,128.197000,127.336000,127.612000,127.938000,128.175000,127.308000,127.584000
2016/01/06 06:00:00,127.612000,127.682000,127.035000,127.510000,127.584000,127.653000,127.008000,127.482000
2016/01/06 14:00:00,127.510000,127.959000,127.355000,127.757000,127.482000,127.929000,127.328000,127.694000
2016/01/06 22:00:00,127.757000,127.995000,127.218000,127.788000,127.694000,127.969000,127.181000,127.761000
2016/01/07 06:00:00,127.788000,127.963000,126.799000,127.963000,127.761000,127.935000,126.772000,127.935000
2016/01/07 14:00:00,127.963000,128.668000,127.853000,128.641000,127.935000,128.613000,127.827000,128.587000
2016/01/07 22:00:00,128.641000,129.111000,128.354000,128.721000,128.587000,129.076000,128.311000,128.691000
2016/01/08 06:00:00,128.721000,128.899000,128.230000,128.240000,128.691000,128.869000,128.208000,128.214000
2016/01/08 14:00:00,128.240000,128.617000,128.089000,128.162000,128.214000,128.590000,128.068000,128.092000
2016/01/10 14:00:00,128.162000,128.162000,127.995000,128.056000,128.092000,128.092000,127.924000,127.924000
2016/01/10 22:00:00,128.056000,128.356000,127.684000,128.109000,127.924000,128.315000,127.621000,128.079000
2016/01/11 06:00:00,128.109000,128.483000,127.829000,128.309000,128.079000,128.456000,127.799000,128.280000
2016/01/11 14:00:00,128.309000,128.336000,127.325000,127.908000,128.280000,128.308000,127.297000,127.854000
2016/01/11 22:00:00,127.908000,128.007000,127.655000,127.842000,127.854000,127.964000,127.622000,127.814000
2016/01/12 06:00:00,127.842000,128.023000,127.670000,127.820000,127.814000,127.995000,127.641000,127.793000
2016/01/12 14:00:00,127.820000,127.903000,127.471000,127.808000,127.793000,127.876000,127.446000,127.674000
2016/01/12 22:00:00,127.808000,128.173000,127.656000,128.112000,127.674000,128.146000,127.628000,128.082000
2016/01/13 06:00:00,128.112000,128.162000,127.654000,128.000000,128.082000,128.135000,127.624000,127.973000
2016/01/13 14:00:00,128.000000,128.562000,127.916000,128.040000,127.973000,128.533000,127.887000,127.972000
2016/01/13 22:00:00,128.040000,128.102000,127.759000,127.991000,127.972000,128.063000,127.731000,127.963000
2016/01/14 06:00:00,127.991000,128.770000,127.969000,128.306000,127.963000,128.743000,127.939000,128.275000
2016/01/14 14:00:00,128.306000,128.411000,127.942000,128.303000,128.275000,128.386000,127.915000,128.224000
2016/01/14 22:00:00,128.303000,128.449000,128.061000,128.213000,128.224000,128.400000,128.028000,128.184000
2016/01/15 06:00:00,128.213000,128.296000,127.707000,128.111000,128.184000,128.266000,127.676000,128.081000
2016/01/15 14:00:00,128.111000,128.261000,127.622000,127.772000,128.081000,128.231000,127.571000,127.616000
2016/01/17 14:00:00,127.772000,127.802000,127.526000,127.588000,127.616000,127.664000,127.442000,127.451000
2016/01/17 22:00:00,127.588000,127.951000,127.503000,127.706000,127.451000,127.921000,127.425000,127.676000
2016/01/18 06:00:00,127.706000,127.960000,127.368000,127.822000,127.676000,127.935000,127.338000,127.793000
2016/01/18 14:00:00,127.822000,127.920000,127.623000,127.853000,127.793000,127.890000,127.597000,127.721000
2016/01/18 22:00:00,127.853000,128.214000,127.789000,128.140000,127.721000,128.189000,127.721000,128.114000
2016/01/19 06:00:00,128.140000,128.389000,128.029000,128.134000,128.114000,128.362000,128.002000,128.104000
2016/01/19 14:00:00,128.134000,128.574000,128.076000,128.341000,128.104000,128.551000,128.050000,128.284000
2016/01/19 22:00:00,128.341000,128.395000,127.992000,127.995000,128.284000,128.358000,127.965000,127.967000
2016/01/20 06:00:00,127.995000,128.027000,127.088000,127.554000,127.967000,128.000000,127.058000,127.528000
2016/01/20 14:00:00,127.554000,127.654000,126.643000,127.392000,127.528000,127.626000,126.615000,127.288000
2016/01/20 22:00:00,127.392000,127.723000,127.286000,127.300000,127.288000,127.694000,127.255000,127.271000
2016/01/21 06:00:00,127.300000,127.903000,126.231000,126.276000,127.271000,127.868000,126.195000,126.240000
2016/01/21 14:00:00,126.276000,128.210000,126.183000,128.043000,126.240000,128.185000,126.153000,127.898000
2016/01/21 22:00:00,128.043000,128.182000,127.536000,127.926000,127.898000,128.149000,127.505000,127.898000
2016/01/22 06:00:00,127.926000,128.449000,127.439000,127.673000,127.898000,128.420000,127.407000,127.642000
2016/01/22 14:00:00,127.673000,128.377000,127.638000,128.314000,127.642000,128.346000,127.609000,128.185000
2016/01/24 14:00:00,128.314000,128.314000,128.026000,128.132000,128.185000,128.185000,127.962000,128.002000
2016/01/24 22:00:00,128.132000,128.505000,127.871000,128.429000,128.002000,128.477000,127.841000,128.399000
2016/01/25 06:00:00,128.429000,128.506000,128.011000,128.239000,128.399000,128.479000,127.981000,128.213000
2016/01/25 14:00:00,128.239000,128.563000,128.225000,128.364000,128.213000,128.532000,128.196000,128.300000
2016/01/25 22:00:00,128.364000,128.447000,127.981000,128.064000,128.300000,128.415000,127.950000,128.035000
2016/01/26 06:00:00,128.064000,128.391000,127.837000,128.335000,128.035000,128.364000,127.807000,128.305000
2016/01/26 14:00:00,128.335000,128.769000,128.268000,128.768000,128.305000,128.713000,128.242000,128.709000
2016/01/26 22:00:00,128.768000,128.768000,128.287000,128.514000,128.709000,128.710000,128.259000,128.483000
2016/01/27 06:00:00,128.514000,129.247000,128.267000,129.044000,128.483000,129.221000,128.238000,129.013000
2016/01/27 14:00:00,129.044000,129.526000,128.783000,129.324000,129.013000,129.473000,128.753000,129.237000
2016/01/27 22:00:00,129.324000,129.491000,129.091000,129.130000,129.237000,129.458000,129.064000,129.101000
2016/01/28 06:00:00,129.130000,129.911000,128.959000,129.855000,129.101000,129.886000,128.932000,129.825000
2016/01/28 14:00:00,129.855000,130.236000,129.725000,130.023000,129.825000,130.207000,129.695000,129.947000
2016/01/28 22:00:00,130.023000,132.382000,129.613000,131.579000,129.947000,132.276000,129.501000,131.547000
2016/01/29 06:00:00,131.579000,132.274000,131.383000,131.673000,131.547000,132.243000,131.353000,131.648000
2016/01/29 14:00:00,131.673000,131.889000,130.822000,131.250000,131.648000,131.857000,130.796000,131.137000
2016/01/31 14:00:00,131.250000,131.538000,131.250000,131.476000,131.137000,131.445000,131.137000,131.408000
2016/01/31 22:00:00,131.476000,131.650000,131.270000,131.645000,131.408000,131.622000,131.223000,131.617000
2016/02/01 06:00:00,131.645000,132.015000,131.374000,131.965000,131.617000,131.988000,131.345000,131.936000
2016/02/01 14:00:00,131.965000,132.040000,131.673000,131.774000,131.936000,132.012000,131.623000,131.691000
2016/02/01 22:00:00,131.774000,131.881000,131.328000,131.330000,131.691000,131.849000,131.299000,131.299000
2016/02/02 06:00:00,131.330000,131.987000,131.327000,131.784000,131.299000,131.959000,131.296000,131.754000
2016/02/02 14:00:00,131.784000,131.785000,130.911000,131.033000,131.754000,131.754000,130.884000,130.961000
2016/02/02 22:00:00,131.033000,131.073000,130.431000,130.533000,130.961000,130.989000,130.401000,130.504000
2016/02/03 06:00:00,130.533000,130.970000,130.276000,130.750000,130.504000,130.942000,130.247000,130.721000
2016/02/03 14:00:00,130.750000,131.011000,130.068000,131.010000,130.721000,130.948000,130.039000,130.859000
2016/02/03 22:00:00,131.010000,131.110000,130.656000,130.760000,130.859000,131.081000,130.627000,130.729000
2016/02/04 06:00:00,130.760000,131.677000,130.668000,131.190000,130.729000,131.649000,130.636000,131.160000
2016/02/04 14:00:00,131.190000,131.241000,130.685000,130.905000,131.160000,131.212000,130.655000,130.849000
2016/02/04 22:00:00,130.905000,131.040000,130.554000,130.770000,130.849000,131.008000,130.523000,130.738000
2016/02/05 06:00:00,130.770000,131.020000,130.563000,130.593000,130.738000,130.973000,130.536000,130.563000
2016/02/05 14:00:00,130.593000,130.641000,130.176000,130.494000,130.563000,130.612000,130.147000,130.342000
2016/02/07 14:00:00,130.494000,130.494000,130.202000,130.271000,130.342000,130.342000,130.103000,130.103000
2016/02/07 22:00:00,130.271000,130.808000,130.271000,130.792000,130.103000,130.776000,130.103000,130.761000
2016/02/08 06:00:00,130.792000,130.919000,129.074000,129.302000,130.761000,130.891000,129.043000,129.272000
2016/02/08 14:00:00,129.302000,129.704000,128.777000,129.699000,129.272000,129.672000,128.748000,129.651000
2016/02/08 22:00:00,129.699000,129.703000,128.290000,128.711000,129.651000,129.653000,128.256000,128.676000
2016/02/09 06:00:00,128.711000,129.378000,128.541000,129.137000,128.676000,129.348000,128.507000,129.107000
2016/02/09 14:00:00,129.137000,130.281000,129.088000,130.053000,129.107000,130.251000,129.058000,129.953000
2016/02/09 22:00:00,130.053000,130.130000,129.111000,129.429000,129.953000,130.099000,129.085000,129.396000
2016/02/10 06:00:00,129.429000,129.790000,128.938000,129.047000,129.396000,129.761000,128.911000,129.016000
2016/02/10 14:00:00,129.047000,129.128000,127.758000,128.072000,129.016000,129.099000,127.727000,127.952000
2016/02/10 22:00:00,128.072000,128.157000,127.150000,127.298000,127.952000,128.087000,127.120000,127.269000
2016/02/11 06:00:00,127.298000,128.024000,125.796000,127.395000,127.269000,127.962000,125.763000,127.363000
2016/02/11 14:00:00,127.395000,127.607000,126.818000,127.342000,127.363000,127.576000,126.785000,127.264000
2016/02/11 22:00:00,127.342000,127.674000,126.799000,127.085000,127.264000,127.642000,126.770000,127.054000
2016/02/12 06:00:00,127.085000,127.266000,126.387000,126.966000,127.054000,127.225000,126.347000,126.937000
2016/02/12 14:00:00,126.966000,127.619000,126.730000,127.504000,126.937000,127.588000,126.702000,127.356000
2016/02/14 14:00:00,127.504000,127.581000,127.459000,127.494000,127.356000,127.477000,127.296000,127.372000
2016/02/14 22:00:00,127.494000,127.920000,127.272000,127.876000,127.372000,127.889000,127.238000,127.847000
2016/02/15 06:00:00,127.876000,127.979000,127.302000,127.658000,127.847000,127.950000,127.271000,127.627000
2016/02/15 14:00:00,127.658000,127.939000,127.377000,127.894000,127.627000,127.915000,127.347000,127.743000
2016/02/15 22:00:00,127.894000,128.196000,127.752000,127.820000,127.743000,128.162000,127.718000,127.792000
2016/02/16 06:00:00,127.820000,127.910000,126.972000,127.256000,127.792000,127.882000,126.943000,127.226000
2016/02/16 14:00:00,127.256000,127.365000,126.632000,127.176000,127.226000,127.335000,126.604000,127.067000
2016/02/16 22:00:00,127.176000,127.339000,126.876000,127.126000,127.067000,127.305000,126.850000,127.096000
2016/02/17 06:00:00,127.126000,127.350000,126.710000,127.103000,127.096000,127.324000,126.680000,127.075000
2016/02/17 14:00:00,127.103000,127.413000,126.649000,127.010000,127.075000,127.384000,126.615000,126.935000
2016/02/17 22:00:00,127.010000,127.182000,126.808000,126.919000,126.935000,127.152000,126.775000,126.890000
2016/02/18 06:00:00,126.919000,127.030000,126.098000,126.207000,126.890000,126.999000,126.068000,126.178000
2016/02/18 14:00:00,126.207000,126.327000,125.610000,125.814000,126.178000,126.297000,125.581000,125.741000
2016/02/18 22:00:00,125.814000,125.973000,125.402000,125.801000,125.741000,125.945000,125.371000,125.772000
2016/02/19 06:00:00,125.801000,125.914000,125.107000,125.347000,125.772000,125.884000,125.079000,125.315000
2016/02/19 14:00:00,125.347000,125.473000,125.032000,125.364000,125.315000,125.444000,125.003000,125.206000
2016/02/21 14:00:00,125.364000,125.364000,125.021000,125.144000,125.206000,125.217000,124.966000,125.031000
2016/02/21 22:00:00,125.144000,125.580000,125.067000,125.493000,125.031000,125.553000,125.019000,125.464000
2016/02/22 06:00:00,125.493000,125.546000,124.608000,124.611000,125.464000,125.518000,124.578000,124.581000
2016/02/22 14:00:00,124.611000,124.788000,124.384000,124.578000,124.581000,124.760000,124.356000,124.455000
2016/02/22 22:00:00,124.578000,124.634000,123.712000,124.101000,124.455000,124.604000,123.683000,124.068000
2016/02/23 06:00:00,124.101000,124.120000,123.082000,123.689000,124.068000,124.090000,123.054000,123.660000
2016/02/23 14:00:00,123.689000,123.798000,123.346000,123.575000,123.660000,123.769000,123.320000,123.493000
2016/02/23 22:00:00,123.575000,123.587000,123.045000,123.137000,123.493000,123.528000,123.017000,123.108000
2016/02/24 06:00:00,123.137000,123.638000,122.485000,122.962000,123.108000,123.609000,122.457000,122.931000
2016/02/24 14:00:00,122.962000,123.590000,122.472000,123.565000,122.931000,123.541000,122.442000,123.522000
2016/02/24 22:00:00,123.565000,124.247000,123.291000,124.116000,123.522000,124.217000,123.258000,124.085000
2016/02/25 06:00:00,124.116000,124.312000,123.441000,124.145000,124.085000,124.282000,123.412000,124.115000
2016/02/25 14:00:00,124.145000,124.657000,124.063000,124.543000,124.115000,124.628000,124.034000,124.481000
2016/02/25 22:00:00,124.543000,125.026000,124.422000,124.573000,124.481000,124.996000,124.367000,124.543000
2016/02/26 06:00:00,124.573000,124.876000,124.237000,124.476000,124.543000,124.847000,124.209000,124.445000
2016/02/26 14:00:00,124.476000,124.696000,124.283000,124.673000,124.445000,124.668000,124.256000,124.500000
2016/02/28 14:00:00,124.673000,124.673000,124.377000,124.453000,124.500000,124.500000,124.313000,124.368000
2016/02/28 22:00:00,124.453000,124.519000,123.533000,123.566000,124.368000,124.451000,123.502000,123.535000
2016/02/29 06:00:00,123.566000,123.858000,122.858000,123.190000,123.535000,123.827000,122.831000,123.160000
2016/02/29 14:00:00,123.190000,123.214000,122.470000,122.565000,123.160000,123.186000,122.443000,122.487000
2016/02/29 22:00:00,122.565000,122.685000,122.097000,122.595000,122.487000,122.634000,122.047000,122.566000
2016/03/01 06:00:00,122.595000,123.344000,122.595000,122.969000,122.566000,123.314000,122.565000,122.938000
2016/03/01 14:00:00,122.969000,124.096000,122.742000,123.956000,122.938000,124.068000,122.715000,123.845000
2016/03/01 22:00:00,123.956000,124.095000,123.627000,123.698000,123.845000,124.060000,123.603000,123.674000
2016/03/02 06:00:00,123.698000,124.375000,123.685000,123.891000,123.674000,124.347000,123.659000,123.864000
2016/03/02 14:00:00,123.891000,123.956000,123.107000,123.372000,123.864000,123.927000,123.078000,123.278000
2016/03/02 22:00:00,123.372000,124.025000,123.285000,123.935000,123.278000,123.999000,123.255000,123.908000
2016/03/03 06:00:00,123.935000,124.266000,123.716000,124.181000,123.908000,124.236000,123.686000,124.152000
2016/03/03 14:00:00,124.181000,124.613000,123.995000,124.565000,124.152000,124.589000,123.968000,124.521000
2016/03/03 22:00:00,124.565000,124.711000,123.952000,124.711000,124.521000,124.690000,123.921000,124.689000
2016/03/04 06:00:00,124.711000,125.086000,124.357000,124.715000,124.689000,125.055000,124.328000,124.684000
2016/03/04 14:00:00,124.715000,125.604000,124.663000,125.292000,124.684000,125.578000,124.635000,125.204000
2016/03/06 14:00:00,125.292000,125.497000,125.249000,125.310000,125.204000,125.374000,125.121000,125.164000
2016/03/06 22:00:00,125.310000,125.317000,124.828000,124.985000,125.164000,125.226000,124.800000,124.957000
2016/03/07 06:00:00,124.985000,125.047000,124.259000,124.432000,124.957000,125.020000,124.231000,124.401000
2016/03/07 14:00:00,124.432000,125.243000,124.341000,125.033000,124.401000,125.215000,124.313000,124.919000
2016/03/07 22:00:00,125.033000,125.045000,124.262000,124.680000,124.919000,124.996000,124.229000,124.649000
2016/03/08 06:00:00,124.680000,124.751000,124.261000,124.649000,124.649000,124.723000,124.232000,124.620000
2016/03/08 14:00:00,124.649000,124.731000,123.866000,124.041000,124.620000,124.702000,123.837000,124.009000
2016/03/08 22:00:00,124.041000,124.076000,123.458000,123.550000,124.009000,124.029000,123.432000,123.522000
2016/03/09 06:00:00,123.550000,123.695000,123.075000,123.480000,123.522000,123.666000,123.048000,123.452000
2016/03/09 14:00:00,123.480000,124.905000,123.461000,124.738000,123.452000,124.876000,123.431000,124.620000
2016/03/09 22:00:00,124.738000,124.915000,124.342000,124.911000,124.620000,124.888000,124.314000,124.884000
2016/03/10 06:00:00,124.911000,124.930000,123.668000,124.500000,124.884000,124.901000,123.639000,124.461000
2016/03/10 14:00:00,124.500000,126.798000,124.456000,126.556000,124.461000,126.761000,124.422000,126.415000
2016/03/10 22:00:00,126.556000,126.863000,126.080000,126.766000,126.415000,126.833000,126.046000,126.738000
2016/03/11 06:00:00,126.766000,126.971000,126.117000,126.376000,126.738000,126.944000,126.087000,126.346000
2016/03/11 14:00:00,126.376000,127.304000,126.295000,126.981000,126.346000,127.276000,126.265000,126.804000
2016/03/13 13:00:00,126.981000,127.086000,126.905000,126.966000,126.804000,126.951000,126.792000,126.886000
2016/03/13 21:00:00,126.966000,127.171000,126.905000,127.002000,126.886000,127.143000,126.824000,126.973000
2016/03/14 05:00:00,127.002000,127.085000,126.185000,126.413000,126.973000,127.058000,126.156000,126.383000
2016/03/14 13:00:00,126.413000,126.472000,126.093000,126.424000,126.383000,126.444000,126.065000,126.341000
2016/03/14 21:00:00,126.424000,126.754000,125.798000,125.870000,126.341000,126.692000,125.769000,125.841000
2016/03/15 05:00:00,125.870000,126.024000,125.197000,125.332000,125.841000,125.996000,125.167000,125.302000
2016/03/15 13:00:00,125.332000,125.763000,125.112000,125.762000,125.302000,125.717000,125.084000,125.674000
2016/03/15 21:00:00,125.762000,126.024000,125.567000,125.944000,125.674000,125.997000,125.537000,125.918000
2016/03/16 05:00:00,125.944000,126.145000,125.719000,125.989000,125.918000,126.116000,125.689000,125.962000
2016/03/16 13:00:00,125.989000,126.518000,125.689000,126.397000,125.962000,126.444000,125.655000,126.294000
2016/03/16 21:00:00,126.397000,126.641000,125.659000,125.709000,126.294000,126.612000,125.629000,125.681000
2016/03/17 05:00:00,125.709000,126.404000,125.347000,126.239000,125.681000,126.371000,125.315000,126.208000
2016/03/17 13:00:00,126.239000,126.515000,125.767000,126.111000,126.208000,126.486000,125.735000,126.019000
2016/03/17 21:00:00,126.111000,126.162000,125.514000,126.005000,126.019000,126.111000,125.486000,125.977000
2016/03/18 05:00:00,126.005000,126.213000,125.283000,125.862000,125.977000,126.184000,125.252000,125.833000
2016/03/18 13:00:00,125.862000,125.991000,125.673000,125.814000,125.833000,125.961000,125.640000,125.640000
2016/03/20 13:00:00,125.814000,125.814000,125.551000,125.726000,125.640000,125.648000,125.473000,125.547000
2016/03/20 21:00:00,125.726000,125.815000,125.449000,125.628000,125.547000,125.747000,125.416000,125.597000
2016/03/21 05:00:00,125.628000,125.844000,125.237000,125.762000,125.597000,125.816000,125.206000,125.730000
2016/03/21 13:00:00,125.762000,126.094000,125.544000,125.884000,125.730000,126.063000,125.513000,125.807000
2016/03/21 21:00:00,125.884000,126.081000,125.752000,125.996000,125.807000,126.050000,125.722000,125.966000
2016/03/22 05:00:00,125.996000,126.287000,124.688000,125.409000,125.966000,126.259000,124.658000,125.377000
2016/03/22 13:00:00,125.409000,126.152000,125.036000,126.088000,125.377000,126.124000,125.007000,126.006000
2016/03/22 21:00:00,126.088000,126.113000,125.790000,126.003000,126.006000,126.058000,125.759000,125.975000
2016/03/23 05:00:00,126.003000,126.204000,125.523000,125.991000,125.975000,126.175000,125.493000,125.960000
2016/03/23 13:00:00,125.991000,126.267000,125.610000,125.685000,125.960000,126.235000,125.582000,125.610000
2016/03/23 21:00:00,125.685000,126.082000,125.586000,125.985000,125.610000,126.053000,125.557000,125.957000
2016/03/24 05:00:00,125.985000,126.165000,125.531000,125.619000,125.957000,126.137000,125.503000,125.590000
2016/03/24 13:00:00,125.619000,126.201000,125.402000,126.184000,125.590000,126.170000,125.373000,126.133000
2016/03/24 21:00:00,126.184000,126.485000,125.923000,126.280000,126.133000,126.457000,125.884000,126.230000
2016/03/25 05:00:00,126.280000,126.362000,126.038000,126.266000,126.230000,126.311000,126.002000,126.219000
2016/03/25 13:00:00,126.266000,126.428000,126.184000,126.352000,126.219000,126.380000,126.139000,126.188000
2016/03/27 13:00:00,126.352000,126.496000,126.321000,126.425000,126.188000,126.411000,126.181000,126.269000
2016/03/27 21:00:00,126.425000,126.878000,126.391000,126.736000,126.269000,126.850000,126.259000,126.707000
2016/03/28 05:00:00,126.736000,126.904000,126.638000,126.752000,126.707000,126.877000,126.605000,126.721000
2016/03/28 13:00:00,126.752000,127.081000,126.749000,127.064000,126.721000,127.043000,126.716000,126.980000
2016/03/28 21:00:00,127.064000,127.249000,126.830000,127.186000,126.980000,127.222000,126.801000,127.158000
2016/03/29 05:00:00,127.186000,127.468000,126.983000,127.238000,127.158000,127.437000,126.954000,127.214000
2016/03/29 13:00:00,127.238000,127.445000,126.796000,127.292000,127.214000,127.417000,126.765000,127.199000
2016/03/29 21:00:00,127.292000,127.364000,126.978000,127.096000,127.199000,127.316000,126.949000,127.066000
2016/03/30 05:00:00,127.096000,127.488000,126.799000,127.373000,127.066000,127.458000,126.769000,127.344000
2016/03/30 13:00:00,127.373000,127.839000,127.319000,127.540000,127.344000,127.812000,127.291000,127.400000
2016/03/30 21:00:00,127.540000,127.652000,126.982000,127.037000,127.400000,127.614000,126.952000,127.005000
2016/03/31 05:00:00,127.037000,127.991000,126.995000,127.865000,127.005000,127.952000,126.964000,127.837000
2016/03/31 13:00:00,127.865000,128.238000,127.746000,128.156000,127.837000,128.210000,127.714000,128.046000
2016/03/31 21:00:00,128.156000,128.162000,127.450000,127.679000,128.046000,128.112000,127.419000,127.648000
2016/04/01 05:00:00,127.679000,128.183000,127.619000,127.758000,127.648000,128.152000,127.588000,127.728000
2016/04/01 13:00:00,127.758000,127.781000,127.116000,127.227000,127.728000,127.750000,127.087000,127.113000
2016/04/03 13:00:00,127.227000,127.350000,127.167000,127.307000,127.113000,127.250000,127.085000,127.220000
2016/04/03 21:00:00,127.307000,127.378000,126.913000,126.965000,127.220000,127.341000,126.884000,126.933000
2016/04/04 05:00:00,126.965000,127.132000,126.737000,126.973000,126.933000,127.103000,126.706000,126.945000
2016/04/04 13:00:00,126.973000,127.064000,126.466000,126.877000,126.945000,127.038000,126.437000,126.769000
2016/04/04 21:00:00,126.877000,126.895000,126.245000,126.299000,126.769000,126.826000,126.215000,126.271000
2016/04/05 05:00:00,126.299000,126.306000,125.291000,125.790000,126.271000,126.280000,125.260000,125.761000
2016/04/05 13:00:00,125.790000,125.857000,125.258000,125.660000,125.761000,125.826000,125.231000,125.516000
2016/04/05 21:00:00,125.660000,125.852000,125.451000,125.545000,125.516000,125.826000,125.420000,125.514000
2016/04/06 05:00:00,125.545000,125.560000,125.081000,125.416000,125.514000,125.530000,125.050000,125.387000
2016/04/06 13:00:00,125.416000,125.696000,124.882000,125.186000,125.387000,125.660000,124.844000,125.133000
2016/04/06 21:00:00,125.186000,125.331000,124.363000,124.454000,125.133000,125.294000,124.332000,124.422000
2016/04/07 05:00:00,124.454000,124.682000,123.135000,123.308000,124.422000,124.649000,123.104000,123.280000
2016/04/07 13:00:00,123.308000,123.373000,122.560000,123.174000,123.280000,123.344000,122.528000,123.078000
2016/04/07 21:00:00,123.174000,123.876000,123.025000,123.637000,123.078000,123.842000,122.954000,123.610000
2016/04/08 05:00:00,123.637000,124.251000,123.312000,123.543000,123.610000,124.220000,123.282000,123.512000
2016/04/08 13:00:00,123.543000,123.994000,123.194000,123.219000,123.512000,123.962000,123.083000,123.112000
2016/04/10 13:00:00,123.219000,123.550000,123.191000,123.329000,123.112000,123.384000,123.099000,123.279000
2016/04/10 21:00:00,123.329000,123.559000,122.878000,123.083000,123.279000,123.521000,122.843000,123.053000
2016/04/11 05:00:00,123.083000,123.510000,122.848000,123.461000,123.053000,123.480000,122.819000,123.430000
2016/04/11 13:00:00,123.461000,123.746000,123.066000,123.186000,123.430000,123.717000,123.039000,123.089000
2016/04/11 21:00:00,123.186000,123.521000,123.099000,123.501000,123.089000,123.492000,123.046000,123.471000
2016/04/12 05:00:00,123.501000,124.019000,123.272000,123.442000,123.471000,123.988000,123.243000,123.414000
2016/04/12 13:00:00,123.442000,123.782000,123.221000,123.616000,123.414000,123.753000,123.192000,123.540000
2016/04/12 21:00:00,123.616000,123.885000,123.535000,123.812000,123.540000,123.853000,123.504000,123.783000
2016/04/13 05:00:00,123.812000,123.869000,123.406000,123.464000,123.783000,123.841000,123.375000,123.434000
2016/04/13 13:00:00,123.464000,123.557000,123.029000,123.294000,123.434000,123.528000,122.999000,123.253000
2016/04/13 21:00:00,123.294000,123.438000,123.146000,123.269000,123.253000,123.407000,123.116000,123.238000
2016/04/14 05:00:00,123.269000,123.392000,122.739000,123.272000,123.238000,123.365000,122.709000,123.244000
2016/04/14 13:00:00,123.272000,123.322000,122.748000,123.301000,123.244000,123.271000,122.716000,123.212000
2016/04/14 21:00:00,123.301000,123.583000,123.156000,123.505000,123.212000,123.554000,123.113000,123.474000
2016/04/15 05:00:00,123.505000,123.538000,122.761000,122.882000,123.474000,123.509000,122.735000,122.852000
2016/04/15 13:00:00,122.882000,123.070000,122.614000,122.796000,122.852000,123.038000,122.582000,122.660000
2016/04/17 13:00:00,122.796000,122.796000,122.000000,122.342000,122.660000,122.660000,121.859000,122.217000
2016/04/17 21:00:00,122.342000,122.480000,121.731000,121.947000,122.217000,122.453000,121.700000,121.917000
2016/04/18 05:00:00,121.947000,123.084000,121.751000,122.867000,121.917000,123.056000,121.722000,122.837000
2016/04/18 13:00:00,122.867000,123.372000,122.702000,123.147000,122.837000,123.342000,122.673000,123.064000
2016/04/18 21:00:00,123.147000,123.588000,123.087000,123.531000,123.064000,123.558000,123.020000,123.501000
2016/04/19 05:00:00,123.531000,124.187000,123.265000,124.071000,123.501000,124.159000,123.234000,124.040000
2016/04/19 13:00:00,124.071000,124.457000,123.976000,124.061000,124.040000,124.428000,123.947000,123.991000
2016/04/19 21:00:00,124.061000,124.190000,123.723000,123.848000,123.991000,124.141000,123.693000,123.818000
2016/04/20 05:00:00,123.848000,124.352000,123.556000,124.286000,123.818000,124.322000,123.528000,124.257000
2016/04/20 13:00:00,124.286000,124.318000,123.744000,124.127000,124.257000,124.290000,123.713000,124.047000
2016/04/20 21:00:00,124.127000,124.207000,123.832000,123.910000,124.047000,124.175000,123.801000,123.878000
2016/04/21 05:00:00,123.910000,124.983000,123.779000,124.751000,123.878000,124.949000,123.751000,124.720000
2016/04/21 13:00:00,124.751000,124.887000,123.382000,123.587000,124.720000,124.854000,123.348000,123.527000
2016/04/21 21:00:00,123.587000,124.445000,123.421000,124.297000,123.527000,124.411000,123.392000,124.266000
2016/04/22 05:00:00,124.297000,125.192000,124.136000,125.172000,124.266000,125.161000,124.105000,125.140000
2016/04/22 13:00:00,125.172000,125.530000,125.002000,125.504000,125.140000,125.496000,124.972000,125.471000
2016/04/24 13:00:00,125.504000,125.558000,125.138000,125.518000,125.471000,125.506000,124.985000,125.454000
2016/04/24 21:00:00,125.518000,125.592000,124.855000,124.903000,125.454000,125.515000,124.824000,124.874000
2016/04/25 05:00:00,124.903000,125.333000,124.821000,125.037000,124.874000,125.305000,124.790000,125.008000
2016/04/25 13:00:00,125.037000,125.477000,124.897000,125.342000,125.008000,125.447000,124.867000,125.251000
2016/04/25 21:00:00,125.342000,125.418000,124.937000,125.069000,125.251000,125.383000,124.906000,125.039000
2016/04/26 05:00:00,125.069000,125.637000,124.707000,125.564000,125.039000,125.608000,124.677000,125.534000
2016/04/26 13:00:00,125.564000,125.992000,125.532000,125.797000,125.534000,125.963000,125.502000,125.719000
2016/04/26 21:00:00,125.797000,125.875000,125.462000,125.496000,125.719000,125.815000,125.434000,125.469000
2016/04/27 05:00:00,125.496000,126.063000,125.490000,125.805000,125.469000,126.034000,125.465000,125.775000
2016/04/27 13:00:00,125.805000,126.413000,125.739000,126.260000,125.775000,126.310000,125.710000,126.214000
2016/04/27 21:00:00,126.260000,126.487000,123.197000,123.487000,126.214000,126.458000,123.145000,123.461000
2016/04/28 05:00:00,123.487000,123.636000,122.558000,122.970000,123.461000,123.606000,122.528000,122.943000
2016/04/28 13:00:00,122.970000,123.232000,122.539000,122.770000,122.943000,123.205000,122.506000,122.680000
2016/04/28 21:00:00,122.770000,122.857000,121.909000,122.187000,122.680000,122.820000,121.875000,122.154000
2016/04/29 05:00:00,122.187000,122.680000,121.758000,122.425000,122.154000,122.652000,121.731000,122.398000
2016/04/29 13:00:00,122.425000,122.969000,121.700000,121.854000,122.398000,122.939000,121.669000,121.677000
2016/05/01 13:00:00,121.854000,122.006000,121.611000,121.826000,121.677000,121.836000,121.439000,121.708000
2016/05/01 21:00:00,121.826000,122.357000,121.808000,122.266000,121.708000,122.313000,121.692000,122.238000
2016/05/02 05:00:00,122.266000,122.531000,121.888000,122.456000,122.238000,122.503000,121.858000,122.428000
2016/05/02 13:00:00,122.456000,122.950000,122.360000,122.760000,122.428000,122.903000,122.332000,122.691000
2016/05/02 21:00:00,122.760000,122.793000,122.181000,122.273000,122.691000,122.751000,122.143000,122.246000
2016/05/03 05:00:00,122.273000,122.776000,122.141000,122.521000,122.246000,122.748000,122.111000,122.494000
2016/05/03 13:00:00,122.521000,122.751000,122.294000,122.652000,122.494000,122.720000,122.265000,122.522000
2016/05/03 21:00:00,122.652000,123.595000,122.574000,123.137000,122.522000,123.494000,122.492000,123.111000
2016/05/04 05:00:00,123.137000,123.192000,122.314000,122.517000,123.111000,123.165000,122.285000,122.489000
2016/05/04 13:00:00,122.517000,123.235000,122.455000,122.997000,122.489000,123.208000,122.426000,122.887000
2016/05/04 21:00:00,122.997000,123.146000,122.850000,123.042000,122.887000,123.118000,122.820000,123.012000
2016/05/05 05:00:00,123.042000,123.129000,122.114000,122.156000,123.012000,123.104000,122.084000,122.127000
2016/05/05 13:00:00,122.156000,122.563000,122.141000,122.350000,122.127000,122.538000,122.113000,122.306000
2016/05/05 21:00:00,122.350000,122.477000,122.074000,122.204000,122.306000,122.446000,122.046000,122.176000
2016/05/06 05:00:00,122.204000,122.433000,121.497000,121.824000,122.176000,122.349000,121.466000,121.794000
2016/05/06 13:00:00,121.824000,122.327000,121.759000,122.188000,121.794000,122.296000,121.728000,122.092000
2016/05/08 13:00:00,122.188000,122.188000,121.992000,122.091000,122.092000,122.092000,121.916000,121.933000
2016/05/08 21:00:00,122.091000,122.570000,122.071000,122.569000,121.933000,122.544000,121.933000,122.542000
2016/05/09 05:00:00,122.569000,123.535000,122.420000,123.515000,122.542000,123.507000,122.391000,123.487000
2016/05/09 13:00:00,123.515000,123.725000,123.302000,123.311000,123.487000,123.695000,123.265000,123.274000
2016/05/09 21:00:00,123.311000,123.877000,123.298000,123.840000,123.274000,123.849000,123.265000,123.813000
2016/05/10 05:00:00,123.840000,124.404000,123.695000,124.148000,123.813000,124.381000,123.667000,124.120000
2016/05/10 13:00:00,124.148000,124.458000,124.087000,124.289000,124.120000,124.434000,124.059000,124.223000
2016/05/10 21:00:00,124.289000,124.424000,123.735000,123.833000,124.223000,124.376000,123.706000,123.805000
2016/05/11 05:00:00,123.833000,124.240000,123.618000,124.051000,123.805000,124.211000,123.589000,124.021000
2016/05/11 13:00:00,124.051000,124.302000,123.843000,123.913000,124.021000,124.272000,123.814000,123.860000
2016/05/11 21:00:00,123.913000,124.353000,123.705000,124.346000,123.860000,124.324000,123.674000,124.319000
2016/05/12 05:00:00,124.346000,124.663000,124.068000,124.542000,124.319000,124.634000,124.039000,124.514000
2016/05/12 13:00:00,124.542000,124.555000,123.742000,124.095000,124.514000,124.527000,123.714000,123.966000
2016/05/12 21:00:00,124.095000,124.145000,123.664000,123.794000,123.966000,124.117000,123.635000,123.767000
2016/05/13 05:00:00,123.794000,123.832000,123.075000,123.574000,123.767000,123.802000,123.046000,123.545000
2016/05/13 13:00:00,123.574000,123.749000,122.767000,122.931000,123.545000,123.718000,122.739000,122.774000
2016/05/15 13:00:00,122.931000,123.034000,122.822000,122.945000,122.774000,122.861000,122.689000,122.775000
2016/05/15 21:00:00,122.945000,123.238000,122.633000,123.023000,122.775000,123.208000,122.600000,122.993000
2016/05/16 05:00:00,123.023000,123.398000,122.953000,123.397000,122.993000,123.369000,122.922000,123.367000
2016/05/16 13:00:00,123.397000,123.525000,123.247000,123.438000,123.367000,123.498000,123.218000,123.396000
2016/05/16 21:00:00,123.438000,123.501000,123.260000,123.323000,123.396000,123.459000,123.231000,123.293000
2016/05/17 05:00:00,123.323000,124.191000,123.268000,123.594000,123.293000,124.162000,123.239000,123.565000
2016/05/17 13:00:00,123.594000,123.756000,123.393000,123.517000,123.565000,123.727000,123.363000,123.421000
2016/05/17 21:00:00,123.517000,123.601000,122.976000,123.061000,123.421000,123.534000,122.946000,123.031000
2016/05/18 05:00:00,123.061000,123.523000,123.057000,123.385000,123.031000,123.495000,123.026000,123.356000
2016/05/18 13:00:00,123.385000,123.928000,123.309000,123.624000,123.356000,123.901000,123.278000,123.572000
2016/05/18 21:00:00,123.624000,123.784000,123.403000,123.506000,123.572000,123.752000,123.374000,123.477000
2016/05/19 05:00:00,123.506000,123.793000,122.994000,123.216000,123.477000,123.765000,122.965000,123.188000
2016/05/19 13:00:00,123.216000,123.325000,122.945000,123.228000,123.188000,123.296000,122.915000,123.164000
2016/05/19 21:00:00,123.228000,123.415000,123.072000,123.308000,123.164000,123.385000,123.043000,123.278000
2016/05/20 05:00:00,123.308000,123.922000,123.268000,123.849000,123.278000,123.891000,123.238000,123.819000
2016/05/20 13:00:00,123.849000,124.063000,123.496000,123.684000,123.819000,124.037000,123.470000,123.537000
2016/05/22 13:00:00,123.684000,123.684000,123.492000,123.541000,123.537000,123.572000,123.366000,123.371000
2016/05/22 21:00:00,123.541000,123.671000,123.165000,123.431000,123.371000,123.632000,123.133000,123.401000
2016/05/23 05:00:00,123.431000,123.446000,122.557000,122.576000,123.401000,123.417000,122.529000,122.546000
2016/05/23 13:00:00,122.576000,122.669000,122.404000,122.593000,122.546000,122.641000,122.374000,122.559000
2016/05/23 21:00:00,122.593000,122.707000,122.492000,122.553000,122.559000,122.678000,122.461000,122.521000
2016/05/24 05:00:00,122.553000,122.693000,122.364000,122.483000,122.521000,122.667000,122.336000,122.454000
2016/05/24 13:00:00,122.483000,122.748000,122.466000,122.572000,122.454000,122.719000,122.438000,122.520000
2016/05/24 21:00:00,122.572000,122.812000,122.527000,122.678000,122.520000,122.785000,122.455000,122.649000
2016/05/25 05:00:00,122.678000,123.037000,122.541000,123.037000,122.649000,123.008000,122.509000,123.008000
2016/05/25 13:00:00,123.037000,123.130000,122.820000,122.943000,123.008000,123.100000,122.795000,122.883000
2016/05/25 21:00:00,122.943000,122.983000,122.276000,122.719000,122.883000,122.935000,122.248000,122.690000
2016/05/26 05:00:00,122.719000,123.089000,122.576000,122.977000,122.690000,123.058000,122.547000,122.948000
2016/05/26 13:00:00,122.977000,123.079000,122.632000,122.888000,122.948000,123.050000,122.602000,122.845000
2016/05/26 21:00:00,122.888000,123.102000,122.687000,122.951000,122.845000,123.072000,122.653000,122.923000
2016/05/27 05:00:00,122.951000,122.999000,122.232000,122.307000,122.923000,122.967000,122.205000,122.276000
2016/05/27 13:00:00,122.307000,122.760000,122.265000,122.644000,122.276000,122.731000,122.236000,122.468000
2016/05/29 13:00:00,122.644000,122.842000,122.644000,122.733000,122.468000,122.811000,122.468000,122.694000
2016/05/29 21:00:00,122.733000,123.480000,122.693000,123.421000,122.694000,123.453000,122.648000,123.390000
2016/05/30 05:00:00,123.421000,123.920000,123.411000,123.856000,123.390000,123.886000,123.380000,123.826000
2016/05/30 13:00:00,123.856000,123.903000,123.665000,123.799000,123.826000,123.874000,123.638000,123.734000
2016/05/30 21:00:00,123.799000,124.154000,123.540000,123.776000,123.734000,124.129000,123.510000,123.744000
2016/05/31 05:00:00,123.776000,124.055000,123.417000,124.013000,123.744000,124.026000,123.386000,123.981000
2016/05/31 13:00:00,124.013000,124.219000,122.990000,123.318000,123.981000,124.180000,122.960000,123.212000
2016/05/31 21:00:00,123.318000,123.336000,122.897000,122.920000,123.212000,123.303000,122.866000,122.891000
2016/06/01 05:00:00,122.920000,122.936000,121.928000,121.947000,122.891000,122.906000,121.898000,121.916000
2016/06/01 13:00:00,121.947000,122.652000,121.915000,122.589000,121.916000,122.625000,121.885000,122.526000
2016/06/01 21:00:00,122.589000,122.662000,121.991000,122.350000,122.526000,122.589000,121.948000,122.318000
2016/06/02 05:00:00,122.350000,122.379000,121.646000,121.713000,122.318000,122.348000,121.613000,121.684000
2016/06/02 13:00:00,121.713000,121.787000,121.075000,121.419000,121.684000,121.754000,121.047000,121.383000
2016/06/02 21:00:00,121.419000,121.658000,121.080000,121.199000,121.383000,121.625000,121.050000,121.172000
2016/06/03 05:00:00,121.199000,121.598000,121.139000,121.464000,121.172000,121.571000,121.109000,121.431000
2016/06/03 13:00:00,121.464000,121.696000,120.841000,121.162000,121.431000,121.664000,120.812000,120.991000
2016/06/05 13:00:00,121.162000,121.193000,120.957000,121.113000,120.991000,121.065000,120.851000,120.952000
2016/06/05 21:00:00,121.113000,121.594000,120.844000,121.389000,120.952000,121.565000,120.797000,121.358000
2016/06/06 05:00:00,121.389000,121.810000,121.260000,121.621000,121.358000,121.782000,121.230000,121.591000
2016/06/06 13:00:00,121.621000,122.349000,121.481000,122.164000,121.591000,122.321000,121.452000,122.097000
2016/06/06 21:00:00,122.164000,122.524000,121.842000,122.332000,122.097000,122.493000,121.810000,122.297000
2016/06/07 05:00:00,122.332000,122.716000,122.098000,122.213000,122.297000,122.688000,122.068000,122.183000
2016/06/07 13:00:00,122.213000,122.219000,121.672000,121.993000,122.183000,122.190000,121.641000,121.883000
2016/06/07 21:00:00,121.993000,122.014000,121.349000,121.740000,121.883000,121.960000,121.319000,121.709000
2016/06/08 05:00:00,121.740000,121.909000,121.566000,121.865000,121.709000,121.879000,121.535000,121.834000
2016/06/08 13:00:00,121.865000,122.037000,121.481000,121.971000,121.834000,122.007000,121.455000,121.841000
2016/06/08 21:00:00,121.971000,122.089000,121.530000,121.596000,121.841000,122.024000,121.502000,121.566000
2016/06/09 05:00:00,121.596000,121.773000,120.675000,120.787000,121.566000,121.743000,120.644000,120.758000
2016/06/09 13:00:00,120.787000,121.370000,120.340000,121.245000,120.758000,121.340000,120.310000,121.113000
2016/06/09 21:00:00,121.245000,121.291000,120.828000,120.922000,121.113000,121.189000,120.795000,120.892000
2016/06/10 05:00:00,120.922000,121.180000,120.457000,120.862000,120.892000,121.148000,120.429000,120.831000
2016/06/10 13:00:00,120.862000,120.916000,119.930000,120.355000,120.831000,120.887000,119.897000,120.293000
2016/06/12 13:00:00,120.355000,120.481000,120.073000,120.294000,120.293000,120.339000,120.019000,120.131000
2016/06/12 21:00:00,120.294000,120.310000,119.124000,119.201000,120.131000,120.190000,119.095000,119.167000
2016/06/13 05:00:00,119.201000,119.795000,119.018000,119.250000,119.167000,119.764000,118.989000,119.219000
2016/06/13 13:00:00,119.250000,120.339000,119.184000,120.046000,119.219000,120.310000,119.156000,119.894000
2016/06/13 21:00:00,120.046000,120.139000,119.624000,119.649000,119.894000,120.107000,119.594000,119.619000
2016/06/14 05:00:00,119.649000,119.649000,118.530000,119.062000,119.619000,119.619000,118.502000,119.032000
2016/06/14 13:00:00,119.062000,119.093000,118.650000,118.969000,119.032000,119.064000,118.623000,118.862000
2016/06/14 21:00:00,118.969000,119.123000,118.735000,118.970000,118.862000,119.092000,118.704000,118.939000
2016/06/15 05:00:00,118.970000,119.463000,118.921000,119.189000,118.939000,119.433000,118.889000,119.160000
2016/06/15 13:00:00,119.189000,119.504000,118.862000,119.397000,119.160000,119.476000,118.831000,119.348000
2016/06/15 21:00:00,119.397000,119.472000,117.491000,117.571000,119.348000,119.427000,117.457000,117.538000
2016/06/16 05:00:00,117.571000,117.686000,116.365000,116.387000,117.538000,117.651000,116.335000,116.357000
2016/06/16 13:00:00,116.387000,117.501000,115.515000,117.057000,116.357000,117.468000,115.486000,116.994000
2016/06/16 21:00:00,117.057000,118.117000,117.057000,117.258000,116.994000,118.087000,116.957000,117.231000
2016/06/17 05:00:00,117.258000,117.513000,116.918000,117.332000,117.231000,117.481000,116.885000,117.303000
2016/06/17 13:00:00,117.332000,117.793000,117.141000,117.506000,117.303000,117.761000,117.114000,117.339000
2016/06/19 13:00:00,117.506000,118.857000,117.506000,118.720000,117.339000,118.645000,117.339000,118.601000
2016/06/19 21:00:00,118.720000,119.158000,118.232000,119.101000,118.601000,119.130000,118.181000,119.067000
2016/06/20 05:00:00,119.101000,119.127000,118.301000,118.519000,119.067000,119.093000,118.268000,118.491000
2016/06/20 13:00:00,118.519000,118.660000,117.365000,117.639000,118.491000,118.630000,117.338000,117.567000
2016/06/20 21:00:00,117.639000,118.097000,117.330000,118.024000,117.567000,118.069000,117.301000,117.991000
2016/06/21 05:00:00,118.024000,118.702000,117.911000,117.931000,117.991000,118.673000,117.885000,117.899000
2016/06/21 13:00:00,117.931000,118.268000,117.512000,117.788000,117.899000,118.235000,117.485000,117.732000
2016/06/21 21:00:00,117.788000,118.004000,117.446000,117.804000,117.732000,117.955000,117.413000,117.772000
2016/06/22 05:00:00,117.804000,118.314000,117.587000,118.314000,117.772000,118.282000,117.556000,118.282000
2016/06/22 13:00:00,118.314000,118.626000,117.843000,117.996000,118.282000,118.597000,117.811000,117.928000
2016/06/22 21:00:00,117.996000,119.097000,117.996000,118.643000,117.928000,119.020000,117.910000,118.613000
2016/06/23 05:00:00,118.643000,120.915000,117.974000,120.698000,118.613000,120.875000,117.914000,120.673000
2016/06/23 13:00:00,120.698000,120.987000,119.890000,120.925000,120.673000,120.941000,119.858000,120.795000
2016/06/23 21:00:00,120.925000,122.071000,109.601000,110.921000,120.795000,121.990000,109.194000,110.836000
2016/06/24 05:00:00,110.921000,115.516000,110.731000,112.981000,110.836000,115.451000,110.691000,112.946000
2016/06/24 13:00:00,112.981000,114.328000,112.727000,113.712000,112.946000,114.293000,112.687000,113.288000
2016/06/26 13:00:00,113.712000,113.712000,111.767000,111.806000,113.288000,113.288000,111.679000,111.744000
2016/06/26 21:00:00,111.806000,113.275000,111.675000,111.892000,111.744000,113.235000,111.637000,111.861000
2016/06/27 05:00:00,111.892000,113.269000,111.398000,111.597000,111.861000,113.231000,111.356000,111.568000
2016/06/27 13:00:00,111.597000,112.594000,111.498000,112.460000,111.568000,112.560000,111.465000,112.396000
2016/06/27 21:00:00,112.460000,113.001000,111.941000,112.858000,112.396000,112.966000,111.908000,112.823000
2016/06/28 05:00:00,112.858000,113.746000,112.546000,113.395000,112.823000,113.714000,112.512000,113.364000
2016/06/28 13:00:00,113.395000,113.876000,113.156000,113.734000,113.364000,113.847000,113.123000,113.671000
2016/06/28 21:00:00,113.734000,113.901000,113.051000,113.272000,113.671000,113.820000,113.007000,113.238000
2016/06/29 05:00:00,113.272000,114.196000,112.966000,113.896000,113.238000,114.164000,112.933000,113.866000
2016/06/29 13:00:00,113.896000,114.520000,113.798000,114.430000,113.866000,114.489000,113.763000,114.401000
2016/06/29 21:00:00,114.430000,114.617000,113.994000,114.079000,114.401000,114.571000,113.960000,114.044000
2016/06/30 05:00:00,114.079000,114.815000,113.614000,114.107000,114.044000,114.782000,113.586000,114.081000
2016/06/30 13:00:00,114.107000,114.711000,113.350000,114.668000,114.081000,114.677000,113.321000,114.564000
2016/06/30 21:00:00,114.668000,114.796000,114.024000,114.215000,114.564000,114.728000,113.990000,114.185000
2016/07/01 05:00:00,114.215000,114.460000,113.699000,114.273000,114.185000,114.428000,113.666000,114.241000
2016/07/01 13:00:00,114.273000,114.600000,114.001000,114.307000,114.241000,114.564000,113.971000,114.076000
2016/07/03 13:00:00,114.307000,114.334000,113.975000,114.328000,114.076000,114.165000,113.848000,114.150000
2016/07/03 21:00:00,114.328000,114.525000,114.009000,114.417000,114.150000,114.495000,113.968000,114.386000
2016/07/04 05:00:00,114.417000,114.488000,113.978000,114.339000,114.386000,114.459000,113.947000,114.309000
2016/07/04 13:00:00,114.339000,114.494000,114.160000,114.466000,114.309000,114.434000,114.131000,114.362000
2016/07/04 21:00:00,114.466000,114.472000,113.500000,113.507000,114.362000,114.372000,113.468000,113.476000
2016/07/05 05:00:00,113.507000,113.996000,113.174000,113.369000,113.476000,113.960000,113.143000,113.340000
2016/07/05 13:00:00,113.369000,113.519000,112.409000,112.730000,113.340000,113.490000,112.379000,112.644000
2016/07/05 21:00:00,112.730000,112.749000,111.066000,111.622000,112.644000,112.675000,111.026000,111.591000
2016/07/06 05:00:00,111.622000,112.046000,110.840000,111.538000,111.591000,112.014000,110.813000,111.507000
2016/07/06 13:00:00,111.538000,112.625000,111.467000,112.486000,111.507000,112.597000,111.439000,112.431000
2016/07/06 21:00:00,112.486000,112.548000,111.604000,112.130000,112.431000,112.510000,111.573000,112.100000
2016/07/07 05:00:00,112.130000,112.290000,111.518000,112.170000,112.100000,112.260000,111.488000,112.142000
2016/07/07 13:00:00,112.170000,112.212000,111.237000,111.557000,112.142000,112.184000,111.209000,111.430000
2016/07/07 21:00:00,111.557000,111.880000,111.089000,111.333000,111.430000,111.847000,111.051000,111.303000
2016/07/08 05:00:00,111.333000,111.608000,111.065000,111.109000,111.303000,111.576000,111.032000,111.079000
2016/07/08 13:00:00,111.109000,111.449000,110.887000,111.206000,111.079000,111.421000,110.854000,111.098000
2016/07/10 13:00:00,111.206000,111.302000,111.039000,111.276000,111.098000,111.237000,110.891000,111.106000
2016/07/10 21:00:00,111.276000,111.902000,111.134000,111.804000,111.106000,111.871000,111.057000,111.775000
2016/07/11 05:00:00,111.804000,113.475000,111.804000,113.434000,111.775000,113.444000,111.770000,113.405000
2016/07/11 13:00:00,113.434000,113.799000,113.252000,113.717000,113.405000,113.768000,113.222000,113.631000
2016/07/11 21:00:00,113.717000,114.344000,113.302000,114.154000,113.631000,114.312000,113.268000,114.125000
2016/07/12 05:00:00,114.154000,115.745000,114.110000,115.703000,114.125000,115.713000,114.076000,115.674000
2016/07/12 13:00:00,115.703000,116.443000,115.578000,115.840000,115.674000,116.412000,115.547000,115.767000
2016/07/12 21:00:00,115.840000,116.079000,114.944000,115.327000,115.767000,116.045000,114.907000,115.295000
2016/07/13 05:00:00,115.327000,116.245000,115.054000,115.910000,115.295000,116.216000,115.023000,115.879000
2016/07/13 13:00:00,115.910000,116.102000,115.447000,115.887000,115.879000,116.072000,115.414000,115.856000
2016/07/13 21:00:00,115.887000,116.437000,115.390000,116.335000,115.856000,116.405000,115.360000,116.303000
2016/07/14 05:00:00,116.335000,118.053000,116.244000,117.650000,116.303000,118.021000,116.209000,117.617000
2016/07/14 13:00:00,117.650000,117.718000,116.957000,117.179000,117.617000,117.687000,116.928000,117.104000
2016/07/14 21:00:00,117.179000,118.422000,116.703000,117.705000,117.104000,118.387000,116.666000,117.666000
2016/07/15 05:00:00,117.705000,118.253000,117.301000,117.840000,117.666000,118.221000,117.256000,117.806000
2016/07/15 13:00:00,117.840000,117.924000,115.516000,115.796000,117.806000,117.896000,115.453000,115.650000
2016/07/17 13:00:00,115.796000,116.977000,115.796000,116.449000,115.650000,116.817000,115.650000,116.375000
2016/07/17 21:00:00,116.449000,117.231000,116.449000,116.762000,116.375000,117.186000,116.364000,116.725000
2016/07/18 05:00:00,116.762000,117.102000,116.523000,116.667000,116.725000,117.064000,116.488000,116.634000
2016/07/18 13:00:00,116.667000,117.715000,116.339000,117.594000,116.634000,117.678000,116.303000,117.555000
2016/07/18 21:00:00,117.594000,117.795000,116.983000,117.187000,117.555000,117.754000,116.946000,117.153000
2016/07/19 05:00:00,117.187000,117.585000,117.002000,117.373000,117.153000,117.556000,116.968000,117.339000
2016/07/19 13:00:00,117.373000,117.428000,116.591000,116.998000,117.339000,117.394000,116.561000,116.921000
2016/07/19 21:00:00,116.998000,117.111000,116.556000,116.818000,116.921000,117.074000,116.522000,116.785000
2016/07/20 05:00:00,116.818000,117.530000,116.568000,117.221000,116.785000,117.498000,116.537000,117.191000
2016/07/20 13:00:00,117.221000,117.943000,117.159000,117.831000,117.191000,117.915000,117.129000,117.697000
2016/07/20 21:00:00,117.831000,118.421000,117.774000,118.194000,117.697000,118.389000,117.687000,118.159000
2016/07/21 05:00:00,118.194000,118.482000,116.166000,117.227000,118.159000,118.453000,116.133000,117.189000
2016/07/21 13:00:00,117.227000,117.478000,116.372000,116.704000,117.189000,117.446000,116.340000,116.649000
2016/07/21 21:00:00,116.704000,117.163000,116.415000,116.731000,116.649000,117.111000,116.380000,116.694000
2016/07/22 05:00:00,116.731000,117.293000,116.555000,116.903000,116.694000,117.260000,116.520000,116.872000
2016/07/22 13:00:00,116.903000,116.947000,116.238000,116.511000,116.872000,116.916000,116.209000,116.343000
2016/07/24 13:00:00,116.511000,116.892000,116.492000,116.576000,116.343000,116.759000,116.335000,116.429000
2016/07/24 21:00:00,116.576000,116.986000,116.441000,116.638000,116.429000,116.954000,116.341000,116.604000
2016/07/25 05:00:00,116.638000,116.884000,116.310000,116.501000,116.604000,116.854000,116.279000,116.469000
2016/07/25 13:00:00,116.501000,116.623000,116.239000,116.358000,116.469000,116.595000,116.211000,116.291000
2016/07/25 21:00:00,116.358000,116.438000,114.695000,114.823000,116.291000,116.402000,114.656000,114.790000
2016/07/26 05:00:00,114.823000,115.207000,114.471000,114.713000,114.790000,115.176000,114.441000,114.683000
2016/07/26 13:00:00,114.713000,115.365000,114.648000,115.085000,114.683000,115.333000,114.619000,114.940000
2016/07/26 21:00:00,115.085000,117.170000,114.988000,115.845000,114.940000,117.135000,114.901000,115.805000
2016/07/27 05:00:00,115.845000,116.764000,115.662000,116.233000,115.805000,116.687000,115.622000,116.202000
2016/07/27 13:00:00,116.233000,116.722000,115.881000,116.582000,116.202000,116.686000,115.793000,116.524000
2016/07/27 21:00:00,116.582000,116.739000,115.841000,116.004000,116.524000,116.690000,115.808000,115.972000
2016/07/28 05:00:00,116.004000,116.458000,115.912000,116.397000,115.972000,116.428000,115.876000,116.369000
2016/07/28 13:00:00,116.397000,116.865000,116.044000,116.649000,116.369000,116.834000,116.015000,116.566000
2016/07/28 21:00:00,116.649000,117.059000,113.959000,114.481000,116.566000,116.884000,113.896000,114.442000
2016/07/29 05:00:00,114.481000,115.331000,114.361000,114.697000,114.442000,115.302000,114.312000,114.666000
2016/07/29 13:00:00,114.697000,114.961000,113.896000,114.129000,114.666000,114.923000,113.870000,113.953000
2016/07/31 13:00:00,114.129000,114.471000,114.129000,114.433000,113.953000,114.317000,113.953000,114.275000
2016/07/31 21:00:00,114.433000,114.752000,114.031000,114.469000,114.275000,114.721000,113.883000,114.437000
2016/08/01 05:00:00,114.469000,114.573000,114.049000,114.399000,114.437000,114.543000,114.019000,114.370000
2016/08/01 13:00:00,114.399000,114.509000,114.131000,114.335000,114.370000,114.480000,114.096000,114.234000
2016/08/01 21:00:00,114.335000,114.834000,114.240000,114.498000,114.234000,114.801000,114.182000,114.468000
2016/08/02 05:00:00,114.498000,114.665000,113.482000,113.500000,114.468000,114.636000,113.451000,113.471000
2016/08/02 13:00:00,113.500000,113.630000,113.025000,113.273000,113.471000,113.600000,112.996000,113.205000
2016/08/02 21:00:00,113.273000,113.666000,112.988000,113.359000,113.205000,113.630000,112.959000,113.326000
2016/08/03 05:00:00,113.359000,113.534000,113.108000,113.165000,113.326000,113.500000,113.080000,113.135000
2016/08/03 13:00:00,113.165000,113.437000,112.683000,112.897000,113.135000,113.409000,112.652000,112.853000
2016/08/03 21:00:00,112.897000,113.061000,112.500000,112.903000,112.853000,113.033000,112.469000,112.872000
2016/08/04 05:00:00,112.903000,113.294000,112.531000,112.709000,112.872000,113.259000,112.502000,112.681000
2016/08/04 13:00:00,112.709000,112.818000,112.516000,112.687000,112.681000,112.790000,112.486000,112.613000
2016/08/04 21:00:00,112.687000,112.865000,112.539000,112.662000,112.613000,112.834000,112.510000,112.630000
2016/08/05 05:00:00,112.662000,113.024000,112.335000,112.585000,112.630000,112.881000,112.298000,112.559000
2016/08/05 13:00:00,112.585000,112.997000,112.390000,112.992000,112.559000,112.965000,112.360000,112.823000
2016/08/07 13:00:00,112.992000,113.309000,112.806000,113.097000,112.823000,113.150000,112.676000,112.966000
2016/08/07 21:00:00,113.097000,113.413000,112.948000,113.283000,112.966000,113.381000,112.877000,113.255000
2016/08/08 05:00:00,113.283000,113.697000,113.183000,113.635000,113.255000,113.667000,113.155000,113.608000
2016/08/08 13:00:00,113.635000,113.773000,113.468000,113.625000,113.608000,113.744000,113.439000,113.560000
2016/08/08 21:00:00,113.625000,113.657000,113.371000,113.456000,113.560000,113.606000,113.339000,113.424000
2016/08/09 05:00:00,113.456000,113.575000,113.051000,113.159000,113.424000,113.546000,113.021000,113.129000
2016/08/09 13:00:00,113.159000,113.373000,113.071000,113.300000,113.129000,113.339000,113.043000,113.137000
2016/08/09 21:00:00,113.300000,113.385000,112.859000,112.954000,113.137000,113.348000,112.827000,112.925000
2016/08/10 05:00:00,112.954000,113.488000,112.807000,113.053000,112.925000,113.457000,112.775000,113.023000
2016/08/10 13:00:00,113.053000,113.316000,112.979000,113.266000,113.023000,113.288000,112.951000,113.158000
2016/08/10 21:00:00,113.266000,113.368000,113.042000,113.287000,113.158000,113.338000,112.959000,113.257000
2016/08/11 05:00:00,113.287000,113.334000,112.721000,113.010000,113.257000,113.306000,112.692000,112.982000
2016/08/11 13:00:00,113.010000,113.714000,112.931000,113.568000,112.982000,113.684000,112.904000,113.510000
2016/08/11 21:00:00,113.568000,113.813000,113.375000,113.690000,113.510000,113.785000,113.340000,113.659000
2016/08/12 05:00:00,113.690000,114.047000,113.165000,113.219000,113.659000,114.019000,113.130000,113.190000
2016/08/12 13:00:00,113.219000,113.304000,112.751000,113.151000,113.190000,113.275000,112.711000,113.003000
2016/08/14 13:00:00,113.151000,113.151000,112.995000,113.089000,113.003000,113.003000,112.900000,112.932000
2016/08/14 21:00:00,113.089000,113.240000,112.976000,113.077000,112.932000,113.197000,112.909000,113.043000
2016/08/15 05:00:00,113.077000,113.124000,112.696000,112.999000,113.043000,113.096000,112.665000,112.971000
2016/08/15 13:00:00,112.999000,113.326000,112.940000,113.265000,112.971000,113.283000,112.911000,113.209000
2016/08/15 21:00:00,113.265000,113.314000,112.390000,112.595000,113.209000,113.265000,112.355000,112.565000
2016/08/16 05:00:00,112.595000,113.095000,112.382000,112.818000,112.565000,113.066000,112.349000,112.788000
2016/08/16 13:00:00,112.818000,113.270000,112.787000,113.156000,112.788000,113.241000,112.758000,113.098000
2016/08/16 21:00:00,113.156000,113.738000,112.966000,113.620000,113.098000,113.708000,112.931000,113.588000
2016/08/17 05:00:00,113.620000,113.956000,113.438000,113.543000,113.588000,113.920000,113.410000,113.513000
2016/08/17 13:00:00,113.543000,113.554000,112.845000,113.267000,113.513000,113.526000,112.817000,113.144000
2016/08/17 21:00:00,113.267000,113.442000,112.671000,113.239000,113.144000,113.394000,112.639000,113.206000
2016/08/18 05:00:00,113.239000,113.721000,112.930000,113.655000,113.206000,113.692000,112.899000,113.625000
2016/08/18 13:00:00,113.655000,113.684000,113.203000,113.445000,113.625000,113.653000,113.174000,113.380000
2016/08/18 21:00:00,113.445000,113.895000,113.390000,113.764000,113.380000,113.860000,113.290000,113.735000
2016/08/19 05:00:00,113.764000,113.785000,113.247000,113.559000,113.735000,113.754000,113.218000,113.527000
2016/08/19 13:00:00,113.559000,113.597000,113.247000,113.595000,113.527000,113.567000,113.219000,113.417000
2016/08/21 13:00:00,113.595000,114.299000,113.595000,114.020000,113.417000,114.155000,113.417000,113.946000
2016/08/21 21:00:00,114.020000,114.073000,113.484000,113.750000,113.946000,113.969000,113.446000,113.721000
2016/08/22 05:00:00,113.750000,113.844000,113.424000,113.446000,113.721000,113.815000,113.393000,113.417000
2016/08/22 13:00:00,113.446000,113.681000,113.423000,113.605000,113.417000,113.652000,113.392000,113.546000
2016/08/22 21:00:00,113.605000,113.745000,113.357000,113.493000,113.546000,113.716000,113.325000,113.463000
2016/08/23 05:00:00,113.493000,113.691000,113.356000,113.446000,113.463000,113.662000,113.325000,113.416000
2016/08/23 13:00:00,113.446000,113.489000,113.240000,113.369000,113.416000,113.462000,113.212000,113.303000
2016/08/23 21:00:00,113.369000,113.602000,113.284000,113.397000,113.303000,113.571000,113.230000,113.367000
2016/08/24 05:00:00,113.397000,113.473000,112.807000,112.983000,113.367000,113.443000,112.776000,112.954000
2016/08/24 13:00:00,112.983000,113.270000,112.927000,113.178000,112.954000,113.234000,112.899000,113.121000
2016/08/24 21:00:00,113.178000,113.348000,113.138000,113.276000,113.121000,113.317000,113.088000,113.247000
2016/08/25 05:00:00,113.276000,113.597000,113.116000,113.575000,113.247000,113.569000,113.087000,113.546000
2016/08/25 13:00:00,113.575000,113.583000,113.378000,113.474000,113.546000,113.553000,113.351000,113.367000
2016/08/25 21:00:00,113.474000,113.552000,113.373000,113.467000,113.367000,113.518000,113.345000,113.436000
2016/08/26 05:00:00,113.467000,113.594000,113.260000,113.304000,113.436000,113.563000,113.232000,113.273000
2016/08/26 13:00:00,113.304000,114.151000,113.169000,114.055000,113.273000,114.122000,113.137000,113.888000
2016/08/28 13:00:00,114.055000,114.188000,114.055000,114.130000,113.888000,114.112000,113.883000,114.047000
2016/08/28 21:00:00,114.130000,114.589000,114.008000,114.569000,114.047000,114.561000,113.911000,114.539000
2016/08/29 05:00:00,114.569000,114.705000,114.150000,114.210000,114.539000,114.676000,114.121000,114.182000
2016/08/29 13:00:00,114.210000,114.298000,113.972000,114.062000,114.182000,114.270000,113.943000,114.009000
2016/08/29 21:00:00,114.062000,114.220000,113.868000,114.119000,114.009000,114.191000,113.837000,114.090000
2016/08/30 05:00:00,114.119000,114.461000,114.055000,114.423000,114.090000,114.433000,114.025000,114.395000
2016/08/30 13:00:00,114.423000,114.957000,114.371000,114.761000,114.395000,114.926000,114.342000,114.693000
2016/08/30 21:00:00,114.761000,114.987000,114.702000,114.915000,114.693000,114.959000,114.647000,114.890000
2016/08/31 05:00:00,114.915000,115.210000,114.886000,115.194000,114.890000,115.180000,114.858000,115.166000
2016/08/31 13:00:00,115.194000,115.448000,115.042000,115.430000,115.166000,115.418000,115.013000,115.379000
2016/08/31 21:00:00,115.430000,115.443000,115.046000,115.187000,115.379000,115.393000,115.011000,115.159000
2016/09/01 05:00:00,115.187000,115.758000,115.106000,115.740000,115.159000,115.729000,115.077000,115.713000
2016/09/01 13:00:00,115.740000,115.842000,115.437000,115.636000,115.713000,115.814000,115.407000,115.565000
2016/09/01 21:00:00,115.636000,115.815000,115.529000,115.752000,115.565000,115.786000,115.499000,115.722000
2016/09/02 05:00:00,115.752000,116.069000,115.668000,115.962000,115.722000,116.041000,115.533000,115.932000
2016/09/02 13:00:00,115.962000,116.383000,115.907000,116.102000,115.932000,116.354000,115.875000,115.953000
2016/09/04 13:00:00,116.102000,116.204000,115.851000,116.204000,115.953000,116.119000,115.742000,116.118000
2016/09/04 21:00:00,116.204000,116.220000,115.643000,115.762000,116.118000,116.138000,115.610000,115.730000
2016/09/05 05:00:00,115.762000,115.762000,115.143000,115.323000,115.730000,115.730000,115.114000,115.294000
2016/09/05 13:00:00,115.323000,115.407000,115.193000,115.328000,115.294000,115.363000,115.163000,115.244000
2016/09/05 21:00:00,115.328000,115.695000,115.290000,115.590000,115.244000,115.666000,115.238000,115.562000
2016/09/06 05:00:00,115.590000,115.597000,115.255000,115.348000,115.562000,115.568000,115.227000,115.320000
2016/09/06 13:00:00,115.348000,115.413000,114.722000,114.855000,115.320000,115.385000,114.693000,114.786000
2016/09/06 21:00:00,114.855000,114.915000,113.835000,114.148000,114.786000,114.874000,113.799000,114.119000
2016/09/07 05:00:00,114.148000,114.311000,114.047000,114.079000,114.119000,114.283000,114.020000,114.054000
2016/09/07 13:00:00,114.079000,114.450000,114.037000,114.371000,114.054000,114.420000,114.007000,114.325000
2016/09/07 21:00:00,114.371000,114.568000,114.151000,114.288000,114.325000,114.534000,114.122000,114.261000
2016/09/08 05:00:00,114.288000,115.198000,114.282000,115.013000,114.261000,115.167000,114.254000,114.981000
2016/09/08 13:00:00,115.013000,115.482000,114.546000,115.422000,114.981000,115.437000,114.514000,115.390000
2016/09/08 21:00:00,115.422000,115.451000,115.036000,115.149000,115.390000,115.407000,115.006000,115.120000
2016/09/09 05:00:00,115.149000,115.965000,115.048000,115.689000,115.120000,115.935000,115.020000,115.662000
2016/09/09 13:00:00,115.689000,115.707000,115.112000,115.403000,115.662000,115.675000,115.084000,115.263000
2016/09/11 13:00:00,115.403000,115.523000,115.225000,115.288000,115.263000,115.423000,115.151000,115.228000
2016/09/11 21:00:00,115.288000,115.492000,114.953000,115.288000,115.228000,115.465000,114.916000,115.260000
2016/09/12 05:00:00,115.288000,115.435000,114.263000,114.328000,115.260000,115.406000,114.234000,114.299000
2016/09/12 13:00:00,114.328000,114.659000,114.305000,114.462000,114.299000,114.629000,114.278000,114.389000
2016/09/12 21:00:00,114.462000,114.638000,113.949000,114.547000,114.389000,114.610000,113.919000,114.519000
2016/09/13 05:00:00,114.547000,115.039000,114.264000,114.965000,114.519000,115.011000,114.177000,114.938000
2016/09/13 13:00:00,114.965000,115.331000,114.700000,115.093000,114.938000,115.302000,114.673000,115.050000
2016/09/13 21:00:00,115.093000,115.772000,114.931000,115.576000,115.050000,115.743000,114.903000,115.548000
2016/09/14 05:00:00,115.576000,116.103000,115.098000,115.374000,115.548000,116.072000,115.066000,115.346000
2016/09/14 13:00:00,115.374000,115.561000,115.007000,115.295000,115.346000,115.535000,114.978000,115.185000
2016/09/14 21:00:00,115.295000,115.418000,114.661000,115.103000,115.185000,115.388000,114.630000,115.073000
2016/09/15 05:00:00,115.103000,115.305000,114.871000,115.216000,115.073000,115.275000,114.841000,115.185000
2016/09/15 13:00:00,115.216000,115.447000,114.771000,114.837000,115.185000,115.419000,114.742000,114.786000
2016/09/15 21:00:00,114.837000,114.856000,114.451000,114.720000,114.786000,114.824000,114.418000,114.690000
2016/09/16 05:00:00,114.720000,114.770000,114.213000,114.287000,114.690000,114.741000,114.186000,114.258000
2016/09/16 13:00:00,114.287000,114.322000,113.970000,114.143000,114.258000,114.291000,113.942000,114.086000
2016/09/18 13:00:00,114.143000,114.167000,113.912000,113.932000,114.086000,114.086000,113.773000,113.900000
2016/09/18 21:00:00,113.932000,114.311000,113.929000,113.970000,113.900000,114.280000,113.877000,113.942000
2016/09/19 05:00:00,113.970000,114.068000,113.488000,113.700000,113.942000,114.040000,113.459000,113.672000
2016/09/19 13:00:00,113.700000,113.967000,113.578000,113.923000,113.672000,113.933000,113.546000,113.886000
2016/09/19 21:00:00,113.923000,114.044000,113.717000,113.741000,113.886000,114.014000,113.686000,113.712000
2016/09/20 05:00:00,113.741000,114.021000,113.653000,113.868000,113.712000,113.992000,113.625000,113.838000
2016/09/20 13:00:00,113.868000,113.882000,113.433000,113.433000,113.838000,113.854000,113.388000,113.388000
2016/09/20 21:00:00,113.433000,114.305000,112.560000,114.242000,113.388000,114.270000,112.479000,114.204000
2016/09/21 05:00:00,114.242000,114.415000,112.202000,112.305000,114.204000,114.387000,112.171000,112.275000
2016/09/21 13:00:00,112.305000,112.649000,112.094000,112.296000,112.275000,112.595000,112.067000,112.249000
2016/09/21 21:00:00,112.296000,112.470000,112.102000,112.322000,112.249000,112.394000,112.072000,112.291000
2016/09/22 05:00:00,112.322000,113.396000,112.261000,113.113000,112.291000,113.367000,112.232000,113.089000
2016/09/22 13:00:00,113.113000,113.526000,112.933000,112.962000,113.089000,113.488000,112.885000,112.901000
2016/09/22 21:00:00,112.962000,113.455000,112.900000,113.227000,112.901000,113.425000,112.788000,113.196000
2016/09/23 05:00:00,113.227000,113.320000,112.947000,113.112000,113.196000,113.290000,112.919000,113.085000
2016/09/23 13:00:00,113.112000,113.635000,113.104000,113.462000,113.085000,113.608000,113.076000,113.365000
2016/09/25 13:00:00,113.462000,113.603000,113.434000,113.521000,113.365000,113.518000,113.360000,113.384000
2016/09/25 21:00:00,113.521000,113.571000,113.182000,113.494000,113.384000,113.511000,113.151000,113.465000
2016/09/26 05:00:00,113.494000,113.511000,112.859000,113.233000,113.465000,113.483000,112.830000,113.204000
2016/09/26 13:00:00,113.233000,113.238000,112.832000,113.005000,113.204000,113.208000,112.806000,112.905000
2016/09/26 21:00:00,113.005000,113.477000,112.507000,113.285000,112.905000,113.441000,112.470000,113.259000
2016/09/27 05:00:00,113.285000,113.591000,112.338000,112.387000,113.259000,113.562000,112.308000,112.359000
2016/09/27 13:00:00,112.387000,112.722000,112.264000,112.638000,112.359000,112.684000,112.236000,112.597000
2016/09/27 21:00:00,112.638000,112.908000,112.478000,112.881000,112.597000,112.884000,112.448000,112.852000
2016/09/28 05:00:00,112.881000,113.120000,112.543000,112.952000,112.852000,113.091000,112.514000,112.921000
2016/09/28 13:00:00,112.952000,113.070000,112.538000,112.969000,112.921000,113.042000,112.509000,112.918000
2016/09/28 21:00:00,112.969000,114.015000,112.921000,113.903000,112.918000,113.986000,112.870000,113.873000
2016/09/29 05:00:00,113.903000,114.205000,113.672000,113.990000,113.873000,114.177000,113.644000,113.958000
2016/09/29 13:00:00,113.990000,114.197000,113.017000,113.421000,113.958000,114.168000,112.989000,113.330000
2016/09/29 21:00:00,113.421000,114.150000,113.209000,113.534000,113.330000,114.112000,113.181000,113.505000
2016/09/30 05:00:00,113.534000,113.610000,112.613000,113.064000,113.505000,113.581000,112.587000,113.033000
2016/09/30 13:00:00,113.064000,114.028000,112.997000,114.012000,113.033000,113.984000,112.967000,113.838000
2016/10/02 13:00:00,114.012000,114.012000,113.699000,113.776000,113.838000,113.838000,113.541000,113.618000
2016/10/02 21:00:00,113.776000,114.171000,113.648000,113.872000,113.618000,114.128000,113.596000,113.843000
2016/10/03 05:00:00,113.872000,114.053000,113.653000,113.865000,113.843000,114.026000,113.623000,113.837000
2016/10/03 13:00:00,113.865000,114.032000,113.746000,114.000000,113.837000,114.004000,113.717000,113.923000
2016/10/03 21:00:00,114.000000,114.684000,113.895000,114.465000,113.923000,114.654000,113.844000,114.434000
2016/10/04 05:00:00,114.465000,114.551000,114.101000,114.444000,114.434000,114.521000,114.072000,114.414000
2016/10/04 13:00:00,114.444000,115.395000,114.373000,115.333000,114.414000,115.366000,114.344000,115.214000
2016/10/04 21:00:00,115.333000,115.515000,115.131000,115.418000,115.214000,115.487000,115.102000,115.388000
2016/10/05 05:00:00,115.418000,115.869000,115.269000,115.550000,115.388000,115.841000,115.240000,115.519000
2016/10/05 13:00:00,115.550000,116.270000,115.520000,115.996000,115.519000,116.243000,115.491000,115.959000
2016/10/05 21:00:00,115.996000,116.105000,115.812000,115.929000,115.959000,116.076000,115.785000,115.898000
2016/10/06 05:00:00,115.929000,116.188000,115.737000,116.168000,115.898000,116.159000,115.710000,116.140000
2016/10/06 13:00:00,116.168000,116.298000,115.938000,115.967000,116.140000,116.269000,115.850000,115.856000
2016/10/06 21:00:00,115.967000,116.035000,115.236000,115.419000,115.856000,115.952000,115.203000,115.390000
2016/10/07 05:00:00,115.419000,115.713000,115.284000,115.474000,115.390000,115.678000,115.227000,115.441000
2016/10/07 13:00:00,115.474000,115.499000,115.068000,115.406000,115.441000,115.471000,115.037000,115.245000
2016/10/09 13:00:00,115.406000,115.645000,115.308000,115.534000,115.245000,115.494000,115.166000,115.412000
2016/10/09 21:00:00,115.534000,115.719000,115.091000,115.167000,115.412000,115.644000,115.061000,115.136000
2016/10/10 05:00:00,115.167000,115.531000,115.088000,115.337000,115.136000,115.503000,115.061000,115.308000
2016/10/10 13:00:00,115.337000,115.747000,115.332000,115.459000,115.308000,115.722000,115.305000,115.363000
2016/10/10 21:00:00,115.459000,115.767000,115.388000,115.728000,115.363000,115.739000,115.340000,115.701000
2016/10/11 05:00:00,115.728000,115.807000,114.859000,115.040000,115.701000,115.781000,114.831000,115.011000
2016/10/11 13:00:00,115.040000,115.061000,114.029000,114.453000,115.011000,115.032000,114.000000,114.368000
2016/10/11 21:00:00,114.453000,114.526000,114.218000,114.434000,114.368000,114.482000,114.188000,114.403000
2016/10/12 05:00:00,114.434000,114.655000,114.055000,114.559000,114.403000,114.626000,114.026000,114.530000
2016/10/12 13:00:00,114.559000,115.187000,114.378000,114.798000,114.530000,115.157000,114.349000,114.658000
2016/10/12 21:00:00,114.798000,115.166000,114.281000,114.371000,114.658000,115.135000,114.250000,114.340000
2016/10/13 05:00:00,114.371000,114.612000,114.116000,114.338000,114.340000,114.583000,114.088000,114.310000
2016/10/13 13:00:00,114.338000,114.703000,113.931000,114.694000,114.310000,114.665000,113.904000,114.597000
2016/10/13 21:00:00,114.694000,114.904000,114.531000,114.812000,114.597000,114.871000,114.501000,114.783000
2016/10/14 05:00:00,114.812000,115.067000,114.577000,114.881000,114.783000,115.040000,114.546000,114.852000
2016/10/14 13:00:00,114.881000,114.981000,114.229000,114.356000,114.852000,114.954000,114.202000,114.258000
2016/10/16 13:00:00,114.356000,114.599000,114.356000,114.493000,114.258000,114.471000,114.258000,114.452000
2016/10/16 21:00:00,114.493000,114.593000,114.039000,114.492000,114.452000,114.565000,114.010000,114.464000
2016/10/17 05:00:00,114.492000,114.567000,114.268000,114.427000,114.464000,114.539000,114.240000,114.400000
2016/10/17 13:00:00,114.427000,114.519000,114.174000,114.303000,114.400000,114.491000,114.146000,114.243000
2016/10/17 21:00:00,114.303000,114.576000,114.197000,114.512000,114.243000,114.545000,114.165000,114.485000
2016/10/18 05:00:00,114.512000,114.697000,114.287000,114.325000,114.485000,114.668000,114.235000,114.299000
2016/10/18 13:00:00,114.325000,114.472000,114.010000,114.079000,114.299000,114.444000,113.981000,114.021000
2016/10/18 21:00:00,114.079000,114.175000,113.942000,113.999000,114.021000,114.146000,113.913000,113.972000
2016/10/19 05:00:00,113.999000,114.035000,113.348000,113.472000,113.972000,114.005000,113.321000,113.445000
2016/10/19 13:00:00,113.472000,113.550000,113.136000,113.534000,113.445000,113.513000,113.109000,113.470000
2016/10/19 21:00:00,113.534000,113.741000,113.428000,113.616000,113.470000,113.713000,113.391000,113.587000
2016/10/20 05:00:00,113.616000,114.542000,113.591000,113.948000,113.587000,114.512000,113.563000,113.915000
2016/10/20 13:00:00,113.948000,113.997000,113.387000,113.633000,113.915000,113.967000,113.357000,113.591000
2016/10/20 21:00:00,113.633000,113.871000,113.482000,113.513000,113.591000,113.837000,113.453000,113.482000
2016/10/21 05:00:00,113.513000,113.536000,112.771000,112.787000,113.482000,113.507000,112.740000,112.756000
2016/10/21 13:00:00,112.787000,113.101000,112.626000,113.075000,112.756000,113.036000,112.599000,112.964000
2016/10/23 13:00:00,113.075000,113.136000,113.051000,113.056000,112.964000,113.113000,112.895000,112.973000
2016/10/23 21:00:00,113.056000,113.190000,112.852000,112.926000,112.973000,113.156000,112.823000,112.897000
2016/10/24 05:00:00,112.926000,113.358000,112.908000,113.206000,112.897000,113.331000,112.879000,113.179000
2016/10/24 13:00:00,113.206000,113.601000,113.177000,113.400000,113.179000,113.571000,113.149000,113.334000
2016/10/24 21:00:00,113.400000,113.677000,113.339000,113.582000,113.334000,113.648000,113.249000,113.554000
2016/10/25 05:00:00,113.582000,113.839000,113.513000,113.767000,113.554000,113.813000,113.487000,113.739000
2016/10/25 13:00:00,113.767000,113.924000,113.411000,113.533000,113.739000,113.896000,113.381000,113.459000
2016/10/25 21:00:00,113.533000,113.668000,113.282000,113.625000,113.459000,113.641000,113.255000,113.595000
2016/10/26 05:00:00,113.625000,114.024000,113.522000,113.879000,113.595000,113.999000,113.494000,113.851000
2016/10/26 13:00:00,113.879000,114.213000,113.838000,113.986000,113.851000,114.186000,113.809000,113.953000
2016/10/26 21:00:00,113.986000,114.188000,113.718000,113.886000,113.953000,114.158000,113.693000,113.858000
2016/10/27 05:00:00,113.886000,114.490000,113.852000,114.425000,113.858000,114.461000,113.824000,114.396000
2016/10/27 13:00:00,114.425000,114.880000,114.419000,114.777000,114.396000,114.853000,114.391000,114.683000
2016/10/27 21:00:00,114.777000,114.812000,114.601000,114.676000,114.683000,114.784000,114.574000,114.648000
2016/10/28 05:00:00,114.676000,115.330000,114.655000,114.988000,114.648000,115.302000,114.626000,114.959000
2016/10/28 13:00:00,114.988000,115.341000,114.793000,115.166000,114.959000,115.313000,114.766000,114.966000
2016/10/30 13:00:00,115.166000,115.166000,114.649000,114.862000,114.966000,115.061000,114.561000,114.734000
2016/10/30 21:00:00,114.862000,115.215000,114.719000,114.981000,114.734000,115.184000,114.652000,114.955000
2016/10/31 05:00:00,114.981000,115.098000,114.877000,114.955000,114.955000,115.064000,114.848000,114.925000
2016/10/31 13:00:00,114.955000,115.284000,114.860000,115.124000,114.925000,115.254000,114.832000,115.069000
2016/10/31 21:00:00,115.124000,115.154000,114.828000,115.000000,115.069000,115.100000,114.792000,114.970000
2016/11/01 05:00:00,115.000000,115.693000,114.927000,115.629000,114.970000,115.666000,114.900000,115.605000
2016/11/01 13:00:00,115.629000,115.681000,114.908000,115.176000,115.605000,115.653000,114.878000,115.127000
2016/11/01 21:00:00,115.176000,115.195000,114.732000,114.795000,115.127000,115.131000,114.698000,114.768000
2016/11/02 05:00:00,114.795000,115.031000,114.373000,114.568000,114.768000,115.004000,114.342000,114.540000
2016/11/02 13:00:00,114.568000,114.861000,114.534000,114.673000,114.540000,114.834000,114.505000,114.635000
2016/11/02 21:00:00,114.673000,114.790000,114.029000,114.228000,114.635000,114.756000,114.000000,114.198000
2016/11/03 05:00:00,114.228000,114.439000,114.089000,114.226000,114.198000,114.410000,114.060000,114.195000
2016/11/03 13:00:00,114.226000,114.533000,114.180000,114.401000,114.195000,114.506000,114.152000,114.339000
2016/11/03 21:00:00,114.401000,114.551000,114.205000,114.372000,114.339000,114.519000,114.178000,114.343000
2016/11/04 05:00:00,114.372000,114.733000,114.151000,114.299000,114.343000,114.705000,114.123000,114.270000
2016/11/04 13:00:00,114.299000,114.936000,114.210000,114.936000,114.270000,114.847000,114.183000,114.836000
2016/11/06 14:00:00,114.936000,115.628000,114.936000,115.227000,114.836000,115.430000,114.785000,115.113000
2016/11/06 22:00:00,115.227000,115.942000,114.987000,115.578000,115.113000,115.886000,114.841000,115.546000
2016/11/07 06:00:00,115.578000,115.679000,115.384000,115.428000,115.546000,115.651000,115.356000,115.400000
2016/11/07 14:00:00,115.428000,115.563000,115.279000,115.367000,115.400000,115.535000,115.252000,115.297000
2016/11/07 22:00:00,115.367000,115.525000,115.130000,115.244000,115.297000,115.494000,115.101000,115.216000
2016/11/08 06:00:00,115.244000,115.760000,115.241000,115.752000,115.216000,115.732000,115.213000,115.725000
2016/11/08 14:00:00,115.752000,116.026000,115.550000,115.989000,115.725000,115.997000,115.522000,115.862000
2016/11/08 22:00:00,115.989000,116.036000,113.749000,114.787000,115.862000,115.984000,113.705000,114.749000
2016/11/09 06:00:00,114.787000,115.433000,114.184000,114.426000,114.749000,115.385000,114.156000,114.395000
2016/11/09 14:00:00,114.426000,115.838000,114.151000,115.312000,114.395000,115.807000,114.113000,115.258000
2016/11/09 22:00:00,115.312000,115.698000,114.986000,115.230000,115.258000,115.670000,114.955000,115.197000
2016/11/10 06:00:00,115.230000,116.595000,115.124000,116.258000,115.197000,116.567000,115.093000,116.229000
2016/11/10 14:00:00,116.258000,116.519000,115.789000,116.425000,116.229000,116.491000,115.761000,116.296000
2016/11/10 22:00:00,116.425000,116.502000,115.924000,116.241000,116.296000,116.430000,115.893000,116.211000
2016/11/11 06:00:00,116.241000,116.504000,115.321000,116.097000,116.211000,116.477000,115.293000,116.068000
2016/11/11 14:00:00,116.097000,116.134000,115.526000,115.878000,116.068000,116.107000,115.497000,115.684000
2016/11/13 14:00:00,115.878000,115.878000,115.634000,115.813000,115.684000,115.782000,115.464000,115.753000
2016/11/13 22:00:00,115.813000,116.192000,115.568000,116.156000,115.753000,116.163000,115.541000,116.126000
2016/11/14 06:00:00,116.156000,116.390000,115.815000,116.132000,116.126000,116.361000,115.786000,116.103000
2016/11/14 14:00:00,116.132000,116.532000,115.884000,116.443000,116.103000,116.500000,115.860000,116.381000
2016/11/14 22:00:00,116.443000,116.490000,116.102000,116.346000,116.381000,116.419000,116.075000,116.315000
2016/11/15 06:00:00,116.346000,116.947000,116.226000,116.737000,116.315000,116.924000,116.196000,116.709000
2016/11/15 14:00:00,116.737000,117.237000,116.689000,117.134000,116.709000,117.207000,116.659000,117.026000
2016/11/15 22:00:00,117.134000,117.424000,116.818000,117.337000,117.026000,117.396000,116.788000,117.307000
2016/11/16 06:00:00,117.337000,117.498000,117.090000,117.122000,117.307000,117.471000,117.062000,117.091000
2016/11/16 14:00:00,117.122000,117.132000,116.536000,116.659000,117.091000,117.105000,116.505000,116.582000
2016/11/16 22:00:00,116.659000,116.893000,116.270000,116.788000,116.582000,116.860000,116.241000,116.759000
2016/11/17 06:00:00,116.788000,117.276000,116.721000,117.127000,116.759000,117.209000,116.692000,117.098000
2016/11/17 14:00:00,117.127000,117.160000,116.655000,117.087000,117.098000,117.131000,116.628000,116.996000
2016/11/17 22:00:00,117.087000,117.419000,116.837000,117.147000,116.996000,117.391000,116.804000,117.122000
2016/11/18 06:00:00,117.147000,117.485000,116.764000,117.024000,117.122000,117.457000,116.735000,116.995000
2016/11/18 14:00:00,117.024000,117.542000,116.939000,117.542000,116.995000,117.502000,116.913000,117.363000
2016/11/20 14:00:00,117.542000,117.746000,117.529000,117.551000,117.363000,117.632000,117.363000,117.473000
2016/11/20 22:00:00,117.551000,117.829000,117.331000,117.799000,117.473000,117.800000,117.288000,117.772000
2016/11/21 06:00:00,117.799000,117.993000,117.499000,117.841000,117.772000,117.964000,117.473000,117.814000
2016/11/21 14:00:00,117.841000,118.011000,117.532000,117.903000,117.814000,117.988000,117.501000,117.726000
2016/11/21 22:00:00,117.903000,117.911000,117.410000,117.829000,117.726000,117.865000,117.377000,117.804000
2016/11/22 06:00:00,117.829000,117.984000,117.661000,117.770000,117.804000,117.955000,117.633000,117.743000
2016/11/22 14:00:00,117.770000,118.168000,117.764000,118.132000,117.743000,118.143000,117.737000,118.082000
2016/11/22 22:00:00,118.132000,118.162000,117.943000,118.022000,118.082000,118.134000,117.916000,117.994000
2016/11/23 06:00:00,118.022000,118.411000,117.730000,118.325000,117.994000,118.380000,117.703000,118.299000
2016/11/23 14:00:00,118.325000,119.002000,118.319000,118.817000,118.299000,118.977000,118.291000,118.705000
2016/11/23 22:00:00,118.817000,118.911000,118.519000,118.805000,118.705000,118.883000,118.488000,118.775000
2016/11/24 06:00:00,118.805000,119.656000,118.802000,119.573000,118.775000,119.627000,118.773000,119.545000
2016/11/24 14:00:00,119.573000,119.785000,119.504000,119.710000,119.545000,119.756000,119.414000,119.514000
2016/11/24 22:00:00,119.710000,120.177000,119.521000,119.840000,119.514000,120.149000,119.460000,119.806000
2016/11/25 06:00:00,119.840000,120.102000,119.325000,119.720000,119.806000,120.074000,119.296000,119.693000
2016/11/25 14:00:00,119.720000,120.010000,119.622000,119.933000,119.693000,119.983000,119.572000,119.736000
2016/11/27 14:00:00,119.933000,120.052000,119.699000,119.783000,119.736000,119.926000,119.605000,119.650000
2016/11/27 22:00:00,119.783000,119.838000,118.851000,119.481000,119.650000,119.771000,118.809000,119.452000
2016/11/28 06:00:00,119.481000,119.603000,119.024000,119.107000,119.452000,119.575000,118.995000,119.078000
2016/11/28 14:00:00,119.107000,119.375000,118.721000,118.854000,119.078000,119.346000,118.693000,118.777000
2016/11/28 22:00:00,118.854000,119.014000,118.570000,118.794000,118.777000,118.985000,118.540000,118.765000
2016/11/29 06:00:00,118.794000,119.935000,118.762000,119.790000,118.765000,119.909000,118.732000,119.764000
2016/11/29 14:00:00,119.790000,119.991000,119.540000,119.703000,119.764000,119.963000,119.511000,119.655000
2016/11/29 22:00:00,119.703000,120.065000,119.475000,119.918000,119.655000,120.035000,119.446000,119.890000
2016/11/30 06:00:00,119.918000,120.756000,119.708000,120.555000,119.890000,120.725000,119.679000,120.525000
2016/11/30 14:00:00,120.555000,121.325000,120.284000,121.213000,120.525000,121.296000,120.257000,121.147000
2016/11/30 22:00:00,121.213000,121.573000,120.863000,121.025000,121.147000,121.542000,120.831000,120.996000
2016/12/01 06:00:00,121.025000,121.678000,120.960000,121.525000,120.996000,121.649000,120.931000,121.496000
2016/12/01 14:00:00,121.525000,121.816000,121.276000,121.691000,121.496000,121.788000,121.250000,121.586000
2016/12/01 22:00:00,121.691000,121.891000,121.234000,121.882000,121.586000,121.860000,121.201000,121.853000
2016/12/02 06:00:00,121.882000,121.906000,121.008000,121.320000,121.853000,121.880000,120.981000,121.292000
2016/12/02 14:00:00,121.320000,121.612000,120.894000,121.133000,121.292000,121.584000,120.868000,120.958000
2016/12/04 14:00:00,121.133000,121.133000,120.489000,120.917000,120.958000,120.958000,120.300000,120.818000
2016/12/04 22:00:00,120.917000,120.917000,118.749000,119.895000,120.818000,120.818000,118.686000,119.865000
2016/12/05 06:00:00,119.895000,122.541000,119.810000,122.161000,119.865000,122.511000,119.787000,122.132000
2016/12/05 14:00:00,122.161000,123.209000,122.050000,122.586000,122.132000,123.180000,122.014000,122.479000
2016/12/05 22:00:00,122.586000,122.638000,122.129000,122.496000,122.479000,122.573000,122.105000,122.469000
2016/12/06 06:00:00,122.496000,122.949000,122.194000,122.260000,122.469000,122.923000,122.163000,122.230000
2016/12/06 14:00:00,122.260000,122.421000,121.953000,122.271000,122.230000,122.391000,121.926000,122.159000
2016/12/06 22:00:00,122.271000,122.548000,122.150000,122.523000,122.159000,122.521000,122.118000,122.493000
2016/12/07 06:00:00,122.523000,122.608000,122.065000,122.441000,122.493000,122.577000,122.036000,122.414000
2016/12/07 14:00:00,122.441000,122.553000,122.038000,122.445000,122.414000,122.525000,122.013000,122.308000
2016/12/07 22:00:00,122.445000,122.464000,122.002000,122.377000,122.308000,122.436000,121.969000,122.348000
2016/12/08 06:00:00,122.377000,123.381000,121.648000,121.804000,122.348000,123.338000,121.619000,121.773000
2016/12/08 14:00:00,121.804000,121.892000,120.931000,121.082000,121.773000,121.864000,120.902000,121.009000
2016/12/08 22:00:00,121.082000,121.521000,121.018000,121.516000,121.009000,121.492000,120.966000,121.489000
2016/12/09 06:00:00,121.516000,121.705000,121.215000,121.595000,121.489000,121.675000,121.185000,121.566000
2016/12/09 14:00:00,121.595000,121.809000,121.306000,121.791000,121.566000,121.746000,121.282000,121.608000
2016/12/11 14:00:00,121.791000,121.791000,121.463000,121.590000,121.608000,121.608000,121.354000,121.521000
2016/12/11 22:00:00,121.590000,122.065000,121.590000,122.049000,121.521000,122.037000,121.516000,122.023000
2016/12/12 06:00:00,122.049000,122.948000,122.010000,122.575000,122.023000,122.918000,121.981000,122.549000
2016/12/12 14:00:00,122.575000,122.657000,122.250000,122.344000,122.549000,122.627000,122.221000,122.303000
2016/12/12 22:00:00,122.344000,122.693000,122.124000,122.666000,122.303000,122.663000,122.069000,122.637000
2016/12/13 06:00:00,122.666000,122.774000,122.197000,122.200000,122.637000,122.744000,122.170000,122.173000
2016/12/13 14:00:00,122.200000,122.816000,122.171000,122.422000,122.173000,122.788000,122.144000,122.365000
2016/12/13 22:00:00,122.422000,122.612000,122.328000,122.605000,122.365000,122.586000,122.299000,122.577000
2016/12/14 06:00:00,122.605000,122.679000,122.149000,122.265000,122.577000,122.650000,122.122000,122.240000
2016/12/14 14:00:00,122.265000,123.436000,122.205000,123.341000,122.240000,123.401000,122.177000,123.265000
2016/12/14 22:00:00,123.341000,123.568000,123.081000,123.505000,123.265000,123.538000,123.049000,123.476000
2016/12/15 06:00:00,123.505000,124.110000,122.682000,122.874000,123.476000,124.083000,122.656000,122.848000
2016/12/15 14:00:00,122.874000,123.543000,122.581000,123.099000,122.848000,123.514000,122.554000,123.052000
2016/12/15 22:00:00,123.099000,123.404000,122.994000,123.253000,123.052000,123.373000,122.966000,123.228000
2016/12/16 06:00:00,123.253000,123.651000,123.169000,123.399000,123.228000,123.624000,123.141000,123.370000
2016/12/16 14:00:00,123.399000,123.403000,122.850000,123.350000,123.370000,123.373000,122.821000,123.206000
2016/12/18 14:00:00,123.350000,123.350000,123.069000,123.205000,123.206000,123.206000,122.924000,123.125000
2016/12/18 22:00:00,123.205000,123.282000,122.612000,122.686000,123.125000,123.218000,122.582000,122.659000
2016/12/19 06:00:00,122.686000,123.020000,121.911000,122.225000,122.659000,122.994000,121.881000,122.197000
2016/12/19 14:00:00,122.225000,122.363000,121.699000,121.828000,122.197000,122.332000,121.668000,121.770000
2016/12/19 22:00:00,121.828000,122.384000,121.750000,122.371000,121.770000,122.354000,121.700000,122.343000
2016/12/20 06:00:00,122.371000,122.810000,122.215000,122.433000,122.343000,122.782000,122.185000,122.405000
2016/12/20 14:00:00,122.433000,122.640000,122.308000,122.475000,122.405000,122.612000,122.282000,122.390000
2016/12/20 22:00:00,122.475000,122.649000,122.329000,122.457000,122.390000,122.615000,122.297000,122.425000
2016/12/21 06:00:00,122.457000,122.478000,122.088000,122.384000,122.425000,122.449000,122.057000,122.354000
2016/12/21 14:00:00,122.384000,122.891000,122.372000,122.585000,122.354000,122.863000,122.342000,122.521000
2016/12/21 22:00:00,122.585000,122.849000,122.487000,122.823000,122.521000,122.818000,122.439000,122.793000
2016/12/22 06:00:00,122.823000,123.102000,122.756000,123.015000,122.793000,123.073000,122.728000,122.988000
2016/12/22 14:00:00,123.015000,123.217000,122.669000,122.716000,122.988000,123.188000,122.610000,122.624000
2016/12/22 22:00:00,122.716000,122.809000,122.609000,122.674000,122.624000,122.732000,122.559000,122.645000
2016/12/23 06:00:00,122.674000,122.786000,122.455000,122.473000,122.645000,122.758000,122.426000,122.449000
2016/12/23 14:00:00,122.473000,122.817000,122.391000,122.743000,122.449000,122.660000,122.364000,122.549000
2016/12/26 22:00:00,122.743000,122.743000,122.465000,122.555000,122.549000,122.671000,122.437000,122.526000
2016/12/27 06:00:00,122.555000,122.675000,122.477000,122.628000,122.526000,122.648000,122.448000,122.600000
2016/12/27 14:00:00,122.628000,123.016000,122.618000,122.841000,122.600000,122.992000,122.589000,122.776000
2016/12/27 22:00:00,122.841000,123.262000,122.811000,123.174000,122.776000,123.232000,122.730000,123.143000
2016/12/28 06:00:00,123.174000,123.219000,122.282000,122.438000,123.143000,123.188000,122.254000,122.409000
2016/12/28 14:00:00,122.438000,122.464000,121.854000,122.160000,122.409000,122.436000,121.824000,122.051000
2016/12/28 22:00:00,122.160000,122.289000,121.768000,122.098000,122.051000,122.147000,121.656000,122.065000
2016/12/29 06:00:00,122.098000,122.256000,121.612000,122.252000,122.065000,122.225000,121.582000,122.224000
2016/12/29 14:00:00,122.252000,122.399000,121.943000,122.305000,122.224000,122.368000,121.916000,122.218000
2016/12/29 22:00:00,122.305000,123.963000,122.231000,122.978000,122.218000,123.840000,122.095000,122.949000
2016/12/30 06:00:00,122.978000,123.783000,122.852000,123.311000,122.949000,123.758000,122.821000,123.282000
2016/12/30 14:00:00,123.311000,123.459000,122.934000,123.354000,123.282000,123.428000,122.885000,123.161000
