StartDate,AskOpen,AskHigh,AskLow,AskClose,BidOpen,BidHigh,BidLow,BidClose
2018/01/01 22:00:00,135.333000,135.644000,134.945000,135.449000,135.270000,135.624000,134.928000,135.368000
2018/01/02 22:00:00,135.449000,135.518000,134.814000,135.194000,135.368000,135.500000,134.797000,135.153000
2018/01/03 22:00:00,135.194000,136.377000,135.136000,136.106000,135.153000,136.364000,135.101000,136.053000
2018/01/04 22:00:00,136.106000,136.648000,136.000000,136.074000,136.053000,136.632000,135.968000,135.983000
2018/01/06 22:00:00,136.075000,136.165000,135.883000,136.165000,135.982000,136.056000,135.784000,136.054000
2018/01/07 22:00:00,136.165000,136.334000,135.139000,135.373000,136.054000,136.315000,135.123000,135.310000
2018/01/08 22:00:00,135.373000,135.488000,134.060000,134.517000,135.310000,135.469000,134.044000,134.431000
2018/01/09 22:00:00,134.517000,134.571000,133.087000,133.176000,134.431000,134.550000,133.070000,133.108000
2018/01/10 22:00:00,133.176000,134.363000,133.086000,133.908000,133.108000,134.344000,133.010000,133.826000
2018/01/11 22:00:00,133.908000,135.628000,133.872000,135.487000,133.826000,135.551000,133.774000,135.386000
2018/01/13 22:00:00,135.487000,135.595000,135.452000,135.520000,135.386000,135.556000,135.386000,135.420000
2018/01/14 22:00:00,135.520000,135.998000,135.032000,135.586000,135.420000,135.980000,135.013000,135.525000
2018/01/15 22:00:00,135.586000,136.108000,134.989000,135.458000,135.525000,136.092000,134.973000,135.382000
2018/01/16 22:00:00,135.458000,135.993000,135.166000,135.673000,135.382000,135.976000,135.147000,135.576000
2018/01/17 22:00:00,135.673000,136.320000,135.476000,136.014000,135.576000,136.304000,135.446000,135.916000
2018/01/18 22:00:00,136.014000,136.074000,135.196000,135.457000,135.916000,136.041000,135.177000,135.360000
2018/01/20 22:00:00,135.457000,135.906000,135.457000,135.748000,135.360000,135.845000,135.360000,135.648000
2018/01/21 22:00:00,135.748000,136.157000,135.356000,136.035000,135.648000,136.138000,135.338000,135.993000
2018/01/22 22:00:00,136.035000,136.228000,135.211000,135.687000,135.993000,136.208000,135.192000,135.639000
2018/01/23 22:00:00,135.687000,135.729000,134.927000,135.544000,135.639000,135.675000,134.910000,135.517000
2018/01/24 22:00:00,135.544000,136.306000,135.052000,135.677000,135.517000,136.290000,135.034000,135.583000
2018/01/25 22:00:00,135.677000,136.149000,134.550000,135.075000,135.583000,136.135000,134.533000,134.967000
2018/01/27 22:00:00,135.075000,135.287000,135.061000,135.146000,134.967000,135.200000,134.948000,135.035000
2018/01/28 22:00:00,135.146000,135.354000,134.336000,134.941000,135.035000,135.334000,134.318000,134.887000
2018/01/29 22:00:00,134.941000,135.218000,134.140000,134.940000,134.887000,135.199000,134.124000,134.892000
2018/01/30 22:00:00,134.940000,136.062000,134.870000,135.590000,134.892000,136.044000,134.808000,135.515000
2018/01/31 22:00:00,135.590000,136.972000,135.484000,136.905000,135.515000,136.955000,135.432000,136.807000
2018/02/01 22:00:00,136.905000,137.516000,136.677000,137.298000,136.807000,137.498000,136.659000,137.187000
2018/02/03 22:00:00,137.298000,137.298000,136.877000,137.082000,137.187000,137.187000,136.832000,136.985000
2018/02/04 22:00:00,137.082000,137.238000,134.936000,134.950000,136.985000,137.166000,134.877000,134.879000
2018/02/05 22:00:00,134.950000,135.803000,133.986000,135.641000,134.879000,135.787000,133.968000,135.576000
2018/02/06 22:00:00,135.641000,135.870000,133.833000,134.128000,135.576000,135.838000,133.813000,134.029000
2018/02/07 22:00:00,134.128000,134.809000,132.949000,133.203000,134.029000,134.790000,132.931000,133.176000
2018/02/08 22:00:00,133.203000,134.183000,131.994000,133.376000,133.176000,134.163000,131.977000,133.270000
2018/02/10 22:00:00,133.376000,133.503000,133.282000,133.418000,133.270000,133.432000,133.228000,133.337000
2018/02/11 22:00:00,133.418000,133.661000,132.912000,133.611000,133.337000,133.645000,132.892000,133.513000
2018/02/12 22:00:00,133.611000,133.805000,132.530000,133.229000,133.513000,133.784000,132.512000,133.134000
2018/02/13 22:00:00,133.229000,133.399000,131.616000,133.275000,133.134000,133.381000,131.597000,133.177000
2018/02/14 22:00:00,133.275000,133.353000,132.526000,132.772000,133.177000,133.258000,132.504000,132.696000
2018/02/15 22:00:00,132.772000,133.116000,131.823000,131.989000,132.696000,133.096000,131.803000,131.879000
2018/02/17 22:00:00,131.989000,132.008000,131.923000,131.951000,131.879000,131.904000,131.812000,131.839000
2018/02/18 22:00:00,131.951000,132.388000,131.823000,132.294000,131.839000,132.369000,131.797000,132.229000
2018/02/19 22:00:00,132.294000,132.521000,132.128000,132.425000,132.229000,132.506000,132.109000,132.397000
2018/02/20 22:00:00,132.425000,133.068000,132.278000,132.415000,132.397000,133.049000,132.258000,132.360000
2018/02/21 22:00:00,132.415000,132.439000,131.298000,131.677000,132.360000,132.373000,131.281000,131.600000
2018/02/22 22:00:00,131.677000,131.863000,130.944000,131.471000,131.600000,131.842000,130.927000,131.391000
2018/02/24 22:00:00,131.471000,131.997000,131.343000,131.839000,131.391000,131.906000,131.247000,131.750000
2018/02/25 22:00:00,131.839000,131.839000,131.091000,131.749000,131.750000,131.750000,131.074000,131.651000
2018/02/26 22:00:00,131.749000,132.196000,131.284000,131.312000,131.651000,132.177000,131.264000,131.275000
2018/02/27 22:00:00,131.312000,131.531000,130.052000,130.120000,131.275000,131.513000,130.033000,130.056000
2018/02/28 22:00:00,130.120000,130.803000,129.772000,130.332000,130.056000,130.786000,129.754000,130.270000
2018/03/01 22:00:00,130.332000,130.451000,129.571000,130.275000,130.270000,130.433000,129.553000,130.238000
2018/03/03 22:00:00,130.275000,130.507000,130.160000,130.252000,130.238000,130.435000,130.077000,130.144000
2018/03/04 22:00:00,130.252000,131.041000,129.364000,131.037000,130.144000,131.006000,129.343000,130.997000
2018/03/05 22:00:00,131.037000,132.028000,130.611000,131.700000,130.997000,132.010000,130.591000,131.632000
2018/03/06 22:00:00,131.700000,131.778000,130.936000,131.695000,131.632000,131.739000,130.918000,131.606000
2018/03/07 22:00:00,131.695000,131.993000,130.528000,130.829000,131.606000,131.974000,130.509000,130.721000
2018/03/08 22:00:00,130.829000,131.905000,130.719000,131.496000,130.721000,131.887000,130.658000,131.420000
2018/03/10 22:00:00,131.496000,131.496000,131.279000,131.412000,131.420000,131.420000,131.244000,131.317000
2018/03/11 21:00:00,131.412000,131.711000,130.977000,131.273000,131.317000,131.690000,130.957000,131.251000
2018/03/12 21:00:00,131.273000,132.445000,131.126000,132.057000,131.251000,132.428000,131.105000,132.030000
2018/03/13 21:00:00,132.057000,132.293000,131.034000,131.508000,132.030000,132.273000,131.013000,131.478000
2018/03/14 21:00:00,131.508000,131.552000,130.574000,130.890000,131.478000,131.531000,130.553000,130.837000
2018/03/15 21:00:00,130.890000,130.946000,130.087000,130.312000,130.837000,130.897000,130.067000,130.212000
2018/03/17 21:00:00,130.312000,130.312000,130.084000,130.135000,130.212000,130.212000,130.023000,130.094000
2018/03/18 21:00:00,130.135000,131.081000,129.620000,130.891000,130.094000,131.061000,129.599000,130.854000
2018/03/19 21:00:00,130.891000,131.737000,130.354000,130.432000,130.854000,131.718000,130.335000,130.409000
2018/03/20 21:00:00,130.432000,131.075000,130.205000,130.860000,130.409000,131.054000,130.176000,130.836000
2018/03/21 21:00:00,130.860000,131.030000,129.508000,129.533000,130.836000,131.010000,129.490000,129.512000
2018/03/22 21:00:00,129.533000,129.987000,128.953000,129.405000,129.512000,129.969000,128.936000,129.358000
2018/03/24 21:00:00,129.405000,129.405000,129.223000,129.308000,129.358000,129.358000,129.173000,129.277000
2018/03/25 21:00:00,129.308000,131.389000,129.308000,131.198000,129.277000,131.369000,129.268000,131.149000
2018/03/26 21:00:00,131.198000,131.829000,130.594000,130.662000,131.149000,131.808000,130.573000,130.621000
2018/03/27 21:00:00,130.662000,131.725000,130.601000,131.498000,130.621000,131.705000,130.568000,131.466000
2018/03/28 21:00:00,131.498000,131.618000,130.624000,130.925000,131.466000,131.595000,130.605000,130.885000
2018/03/29 21:00:00,130.925000,131.116000,130.613000,131.038000,130.885000,131.076000,130.610000,130.924000
2018/04/01 21:00:00,131.038000,131.308000,129.992000,130.286000,130.924000,131.290000,129.971000,130.238000
2018/04/02 21:00:00,130.286000,130.933000,130.000000,130.843000,130.238000,130.913000,129.979000,130.801000
2018/04/03 21:00:00,130.843000,131.207000,130.243000,131.117000,130.801000,131.186000,130.224000,131.093000
2018/04/04 21:00:00,131.117000,131.509000,131.076000,131.466000,131.093000,131.491000,131.039000,131.417000
2018/04/05 21:00:00,131.466000,131.633000,131.101000,131.368000,131.417000,131.614000,131.080000,131.304000
2018/04/07 21:00:00,131.368000,131.501000,131.172000,131.480000,131.304000,131.402000,131.100000,131.367000
2018/04/08 21:00:00,131.480000,132.005000,131.121000,131.604000,131.367000,131.987000,131.097000,131.514000
2018/04/09 21:00:00,131.604000,132.631000,131.436000,132.486000,131.514000,132.612000,131.415000,132.436000
2018/04/10 21:00:00,132.486000,132.621000,132.041000,132.094000,132.436000,132.602000,132.023000,132.051000
2018/04/11 21:00:00,132.094000,132.352000,131.817000,132.339000,132.051000,132.331000,131.795000,132.243000
2018/04/12 21:00:00,132.339000,132.908000,132.186000,132.439000,132.243000,132.891000,132.165000,132.326000
2018/04/14 21:00:00,132.439000,132.736000,132.373000,132.713000,132.326000,132.634000,132.273000,132.620000
2018/04/15 21:00:00,132.713000,132.984000,132.128000,132.635000,132.620000,132.966000,132.108000,132.580000
2018/04/16 21:00:00,132.635000,132.781000,132.119000,132.393000,132.580000,132.763000,132.100000,132.331000
2018/04/17 21:00:00,132.393000,132.920000,132.377000,132.709000,132.331000,132.900000,132.300000,132.670000
2018/04/18 21:00:00,132.709000,133.105000,132.366000,132.561000,132.670000,133.083000,132.347000,132.521000
2018/04/19 21:00:00,132.561000,132.986000,132.053000,132.313000,132.521000,132.968000,132.033000,132.257000
2018/04/21 21:00:00,132.313000,132.494000,132.263000,132.368000,132.257000,132.382000,132.172000,132.270000
2018/04/22 21:00:00,132.368000,132.800000,132.120000,132.730000,132.270000,132.780000,132.100000,132.705000
2018/04/23 21:00:00,132.730000,133.497000,132.626000,133.136000,132.705000,133.478000,132.607000,133.100000
2018/04/24 21:00:00,133.136000,133.349000,132.927000,133.093000,133.100000,133.329000,132.905000,133.059000
2018/04/25 21:00:00,133.093000,133.263000,132.302000,132.311000,133.059000,133.247000,132.281000,132.283000
2018/04/26 21:00:00,132.311000,132.414000,131.897000,132.334000,132.283000,132.386000,131.877000,132.251000
2018/04/28 21:00:00,132.334000,132.423000,132.214000,132.250000,132.251000,132.362000,132.123000,132.194000
2018/04/29 21:00:00,132.250000,132.555000,131.870000,132.067000,132.194000,132.535000,131.855000,132.022000
2018/04/30 21:00:00,132.067000,132.146000,131.582000,131.803000,132.022000,132.128000,131.564000,131.782000
2018/05/01 21:00:00,131.803000,132.125000,131.267000,131.313000,131.782000,132.108000,131.247000,131.290000
2018/05/02 21:00:00,131.313000,131.680000,130.278000,130.949000,131.290000,131.664000,130.258000,130.905000
2018/05/03 21:00:00,130.949000,131.005000,129.904000,130.551000,130.905000,130.924000,129.886000,130.434000
2018/05/05 21:00:00,130.551000,130.653000,130.398000,130.537000,130.434000,130.607000,130.326000,130.420000
2018/05/06 21:00:00,130.537000,130.602000,129.965000,130.075000,130.420000,130.586000,129.945000,130.053000
2018/05/07 21:00:00,130.075000,130.149000,129.242000,129.493000,130.053000,130.116000,129.226000,129.460000
2018/05/08 21:00:00,129.493000,130.499000,129.367000,130.066000,129.460000,130.481000,129.348000,130.046000
2018/05/09 21:00:00,130.066000,130.777000,130.003000,130.373000,130.046000,130.758000,129.929000,130.347000
2018/05/10 21:00:00,130.373000,130.697000,130.012000,130.648000,130.347000,130.680000,129.993000,130.539000
2018/05/12 21:00:00,130.648000,130.748000,130.444000,130.682000,130.539000,130.667000,130.380000,130.560000
2018/05/13 21:00:00,130.682000,131.387000,130.584000,130.807000,130.560000,131.368000,130.484000,130.786000
2018/05/14 21:00:00,130.807000,131.147000,130.453000,130.643000,130.786000,131.129000,130.433000,130.620000
2018/05/15 21:00:00,130.643000,130.723000,129.542000,130.375000,130.620000,130.669000,129.524000,130.337000
2018/05/16 21:00:00,130.375000,130.859000,130.258000,130.654000,130.337000,130.838000,130.223000,130.598000
2018/05/17 21:00:00,130.654000,131.137000,130.253000,130.429000,130.598000,131.118000,130.233000,130.306000
2018/05/19 21:00:00,130.429000,130.755000,130.429000,130.572000,130.306000,130.672000,130.306000,130.477000
2018/05/20 21:00:00,130.572000,131.017000,130.387000,130.961000,130.477000,130.997000,130.367000,130.921000
2018/05/21 21:00:00,130.961000,131.362000,130.612000,130.648000,130.921000,131.342000,130.591000,130.614000
2018/05/22 21:00:00,130.648000,130.708000,128.245000,128.760000,130.614000,130.664000,128.226000,128.738000
2018/05/23 21:00:00,128.760000,128.888000,127.733000,128.050000,128.738000,128.869000,127.710000,128.029000
2018/05/24 21:00:00,128.050000,128.540000,127.163000,127.499000,128.029000,128.520000,127.143000,127.378000
2018/05/26 21:00:00,127.499000,128.358000,127.499000,128.333000,127.378000,128.312000,127.378000,128.247000
2018/05/27 21:00:00,128.333000,128.549000,126.870000,127.204000,128.247000,128.527000,126.848000,127.176000
2018/05/28 21:00:00,127.204000,127.290000,124.631000,125.536000,127.176000,127.272000,124.612000,125.495000
2018/05/29 21:00:00,125.536000,127.330000,124.997000,127.030000,125.495000,127.312000,124.976000,126.949000
2018/05/30 21:00:00,127.030000,127.740000,126.338000,127.250000,126.949000,127.714000,126.320000,127.226000
2018/05/31 21:00:00,127.250000,128.148000,127.139000,127.739000,127.226000,128.129000,127.119000,127.618000
2018/06/02 21:00:00,127.739000,127.739000,127.584000,127.701000,127.618000,127.632000,127.517000,127.579000
2018/06/03 21:00:00,127.701000,128.699000,127.659000,128.441000,127.579000,128.680000,127.573000,128.444000
2018/06/04 21:00:00,128.441000,128.710000,127.801000,128.658000,128.444000,128.692000,127.781000,128.647000
2018/06/05 21:00:00,128.658000,129.840000,128.625000,129.744000,128.647000,129.820000,128.582000,129.705000
2018/06/06 21:00:00,129.744000,130.288000,129.318000,129.483000,129.705000,130.267000,129.298000,129.430000
2018/06/07 21:00:00,129.483000,129.744000,128.124000,128.961000,129.430000,129.723000,128.101000,128.842000
2018/06/09 21:00:00,128.961000,128.961000,128.676000,128.713000,128.842000,128.842000,128.567000,128.610000
2018/06/10 21:00:00,128.713000,130.070000,128.713000,129.674000,128.610000,130.050000,128.610000,129.629000
2018/06/11 21:00:00,129.674000,130.287000,129.517000,129.652000,129.629000,130.265000,129.497000,129.637000
2018/06/12 21:00:00,129.652000,130.360000,129.642000,130.134000,129.637000,130.339000,129.556000,130.099000
2018/06/13 21:00:00,130.134000,130.381000,127.933000,128.036000,130.099000,130.354000,127.899000,127.973000
2018/06/14 21:00:00,128.036000,128.524000,127.715000,128.524000,127.973000,128.495000,127.693000,128.407000
2018/06/16 21:00:00,128.524000,128.524000,128.288000,128.313000,128.407000,128.422000,128.235000,128.242000
2018/06/17 21:00:00,128.313000,128.510000,127.826000,128.502000,128.242000,128.492000,127.808000,128.484000
2018/06/18 21:00:00,128.502000,128.529000,126.654000,127.593000,128.484000,128.505000,126.635000,127.533000
2018/06/19 21:00:00,127.593000,127.947000,127.107000,127.715000,127.533000,127.928000,127.081000,127.678000
2018/06/20 21:00:00,127.715000,128.043000,127.002000,127.700000,127.678000,128.025000,126.983000,127.607000
2018/06/21 21:00:00,127.700000,128.620000,127.523000,128.248000,127.607000,128.596000,127.464000,128.165000
2018/06/23 21:00:00,128.248000,128.297000,127.931000,128.194000,128.165000,128.192000,127.905000,128.116000
2018/06/24 21:00:00,128.194000,128.863000,127.296000,128.540000,128.116000,128.831000,127.276000,128.455000
2018/06/25 21:00:00,128.540000,128.563000,127.810000,128.204000,128.455000,128.457000,127.792000,128.166000
2018/06/26 21:00:00,128.204000,128.357000,127.269000,127.397000,128.166000,128.337000,127.250000,127.392000
2018/06/27 21:00:00,127.397000,127.934000,127.155000,127.832000,127.392000,127.916000,127.139000,127.811000
2018/06/28 21:00:00,127.832000,129.480000,127.693000,129.390000,127.811000,129.462000,127.643000,129.305000
2018/06/30 21:00:00,129.390000,129.408000,128.608000,129.353000,129.305000,129.317000,128.570000,129.232000
2018/07/01 21:00:00,129.353000,129.510000,128.430000,129.085000,129.232000,129.491000,128.409000,129.049000
2018/07/02 21:00:00,129.085000,129.575000,128.741000,129.011000,129.049000,129.556000,128.721000,128.904000
2018/07/03 21:00:00,129.011000,129.018000,128.511000,128.836000,128.904000,128.956000,128.492000,128.742000
2018/07/04 21:00:00,128.836000,129.643000,128.585000,129.387000,128.742000,129.624000,128.568000,129.264000
2018/07/05 21:00:00,129.387000,129.977000,129.253000,129.774000,129.264000,129.961000,129.204000,129.693000
2018/07/07 21:00:00,129.774000,129.776000,129.600000,129.697000,129.693000,129.693000,129.521000,129.576000
2018/07/08 21:00:00,129.697000,130.276000,129.694000,130.265000,129.576000,130.252000,129.576000,130.243000
2018/07/09 21:00:00,130.265000,130.753000,130.109000,130.379000,130.243000,130.734000,130.089000,130.344000
2018/07/10 21:00:00,130.379000,130.971000,129.924000,130.761000,130.344000,130.953000,129.903000,130.726000
2018/07/11 21:00:00,130.761000,131.486000,130.686000,131.375000,130.726000,131.467000,130.661000,131.334000
2018/07/12 21:00:00,131.375000,131.542000,130.817000,131.314000,131.334000,131.525000,130.797000,131.260000
2018/07/14 21:00:00,131.314000,131.368000,131.118000,131.238000,131.260000,131.310000,131.039000,131.152000
2018/07/15 21:00:00,131.238000,131.709000,131.144000,131.545000,131.152000,131.690000,131.073000,131.492000
2018/07/16 21:00:00,131.545000,131.995000,131.480000,131.644000,131.492000,131.978000,131.434000,131.604000
2018/07/17 21:00:00,131.644000,131.787000,130.894000,131.368000,131.604000,131.768000,130.873000,131.340000
2018/07/18 21:00:00,131.368000,131.444000,130.739000,130.965000,131.340000,131.421000,130.720000,130.921000
2018/07/19 21:00:00,130.965000,131.223000,130.569000,130.716000,130.921000,131.204000,130.540000,130.595000
2018/07/21 21:00:00,130.716000,130.716000,130.457000,130.677000,130.595000,130.627000,130.422000,130.582000
2018/07/22 21:00:00,130.677000,130.761000,129.870000,130.217000,130.582000,130.739000,129.853000,130.181000
2018/07/23 21:00:00,130.217000,130.388000,129.751000,129.950000,130.181000,130.370000,129.734000,129.914000
2018/07/24 21:00:00,129.950000,130.279000,129.419000,130.174000,129.914000,130.260000,129.402000,130.141000
2018/07/25 21:00:00,130.174000,130.299000,129.455000,129.523000,130.141000,130.257000,129.437000,129.497000
2018/07/26 21:00:00,129.523000,129.546000,129.137000,129.451000,129.497000,129.509000,129.119000,129.330000
2018/07/28 21:00:00,129.451000,129.593000,129.348000,129.391000,129.330000,129.499000,129.242000,129.282000
2018/07/29 21:00:00,129.391000,130.084000,129.315000,130.007000,129.282000,130.065000,129.263000,129.970000
2018/07/30 21:00:00,130.007000,131.162000,129.718000,130.802000,129.970000,131.145000,129.683000,130.777000
2018/07/31 21:00:00,130.802000,131.116000,130.042000,130.284000,130.777000,131.099000,130.023000,130.258000
2018/08/01 21:00:00,130.284000,130.338000,129.258000,129.369000,130.258000,130.290000,129.242000,129.332000
2018/08/02 21:00:00,129.369000,129.545000,128.652000,128.722000,129.332000,129.527000,128.628000,128.685000
2018/08/04 21:00:00,128.722000,128.799000,128.694000,128.735000,128.685000,128.707000,128.613000,128.642000
2018/08/05 21:00:00,128.735000,128.893000,128.518000,128.724000,128.642000,128.875000,128.498000,128.697000
2018/08/06 21:00:00,128.724000,129.243000,128.606000,129.209000,128.697000,129.225000,128.586000,129.175000
2018/08/07 21:00:00,129.209000,129.467000,128.570000,128.853000,129.175000,129.449000,128.550000,128.823000
2018/08/08 21:00:00,128.853000,129.020000,128.053000,128.066000,128.823000,129.002000,128.026000,128.032000
2018/08/09 21:00:00,128.066000,128.125000,126.021000,126.527000,128.032000,128.103000,126.002000,126.425000
2018/08/11 21:00:00,126.527000,126.527000,125.476000,125.685000,126.425000,126.425000,125.390000,125.586000
2018/08/12 21:00:00,125.685000,126.791000,125.158000,126.363000,125.586000,126.772000,125.138000,126.296000
2018/08/13 21:00:00,126.363000,127.002000,125.819000,126.112000,126.296000,126.984000,125.800000,126.075000
2018/08/14 21:00:00,126.112000,126.383000,124.914000,125.664000,126.075000,126.363000,124.895000,125.633000
2018/08/15 21:00:00,125.664000,126.501000,125.295000,126.173000,125.633000,126.482000,125.275000,126.155000
2018/08/16 21:00:00,126.173000,126.619000,125.588000,126.420000,126.155000,126.600000,125.570000,126.379000
2018/08/18 21:00:00,126.420000,126.583000,126.420000,126.542000,126.379000,126.513000,126.360000,126.486000
2018/08/19 21:00:00,126.542000,126.546000,126.086000,126.403000,126.486000,126.500000,126.067000,126.367000
2018/08/20 21:00:00,126.403000,128.066000,126.271000,127.643000,126.367000,128.047000,126.253000,127.616000
2018/08/21 21:00:00,127.643000,128.290000,127.359000,128.228000,127.616000,128.274000,127.340000,128.190000
2018/08/22 21:00:00,128.228000,128.779000,127.928000,128.446000,128.190000,128.758000,127.909000,128.388000
2018/08/23 21:00:00,128.446000,129.432000,128.397000,129.309000,128.388000,129.413000,128.357000,129.249000
2018/08/25 21:00:00,129.309000,129.516000,129.279000,129.332000,129.249000,129.447000,129.243000,129.276000
2018/08/26 21:00:00,129.332000,129.846000,128.805000,129.736000,129.276000,129.827000,128.786000,129.699000
2018/08/27 21:00:00,129.736000,130.286000,129.667000,130.044000,129.699000,130.267000,129.633000,130.012000
2018/08/28 21:00:00,130.044000,130.859000,129.594000,130.764000,130.012000,130.840000,129.575000,130.727000
2018/08/29 21:00:00,130.764000,130.877000,129.427000,129.538000,130.727000,130.858000,129.409000,129.522000
2018/08/30 21:00:00,129.538000,129.856000,128.568000,128.932000,129.522000,129.839000,128.549000,128.822000
2018/09/01 21:00:00,128.932000,128.932000,128.853000,128.885000,128.822000,128.854000,128.766000,128.777000
2018/09/02 21:00:00,128.885000,129.160000,128.585000,129.089000,128.777000,129.142000,128.567000,129.008000
2018/09/03 21:00:00,129.089000,129.209000,128.327000,129.112000,129.008000,129.191000,128.311000,129.042000
2018/09/04 21:00:00,129.112000,129.993000,128.609000,129.728000,129.042000,129.977000,128.592000,129.693000
2018/09/05 21:00:00,129.728000,129.850000,128.507000,128.755000,129.693000,129.830000,128.487000,128.706000
2018/09/06 21:00:00,128.755000,129.116000,128.026000,128.371000,128.706000,129.097000,128.009000,128.257000
2018/09/08 21:00:00,128.371000,128.371000,128.146000,128.306000,128.257000,128.257000,128.103000,128.230000
2018/09/09 21:00:00,128.306000,129.083000,127.874000,128.852000,128.230000,129.064000,127.857000,128.785000
2018/09/10 21:00:00,128.852000,129.838000,128.780000,129.559000,128.785000,129.819000,128.751000,129.536000
2018/09/11 21:00:00,129.559000,129.821000,128.941000,129.372000,129.536000,129.803000,128.928000,129.335000
2018/09/12 21:00:00,129.372000,130.953000,129.271000,130.874000,129.335000,130.935000,129.252000,130.847000
2018/09/13 21:00:00,130.874000,131.124000,130.190000,130.273000,130.847000,131.109000,130.170000,130.227000
2018/09/15 21:00:00,130.273000,130.318000,130.158000,130.298000,130.227000,130.260000,130.104000,130.202000
2018/09/16 21:00:00,130.298000,131.055000,130.111000,130.698000,130.202000,131.037000,130.091000,130.665000
2018/09/17 21:00:00,130.698000,131.510000,130.310000,131.113000,130.665000,131.492000,130.290000,131.074000
2018/09/18 21:00:00,131.113000,131.692000,130.791000,131.096000,131.074000,131.675000,130.772000,131.044000
2018/09/19 21:00:00,131.096000,132.550000,130.921000,132.523000,131.044000,132.512000,130.900000,132.470000
2018/09/20 21:00:00,132.523000,133.142000,132.169000,132.312000,132.470000,133.123000,132.148000,132.226000
2018/09/22 21:00:00,132.312000,132.312000,131.972000,132.142000,132.226000,132.226000,131.872000,132.035000
2018/09/23 21:00:00,132.142000,133.083000,131.913000,132.519000,132.035000,133.066000,131.895000,132.466000
2018/09/24 21:00:00,132.519000,133.122000,132.381000,132.939000,132.466000,133.102000,132.362000,132.917000
2018/09/25 21:00:00,132.939000,133.131000,132.243000,132.358000,132.917000,133.112000,132.222000,132.328000
2018/09/26 21:00:00,132.358000,132.688000,131.585000,132.013000,132.328000,132.671000,131.569000,131.961000
2018/09/27 21:00:00,132.013000,132.318000,131.190000,131.959000,131.961000,132.300000,131.173000,131.887000
2018/09/29 21:00:00,131.959000,132.356000,131.932000,132.197000,131.887000,132.314000,131.822000,132.119000
2018/09/30 21:00:00,132.197000,132.474000,131.746000,131.960000,132.119000,132.455000,131.729000,131.898000
2018/10/01 21:00:00,131.960000,132.011000,130.723000,131.281000,131.898000,131.992000,130.705000,131.227000
2018/10/02 21:00:00,131.281000,131.989000,130.978000,131.481000,131.227000,131.969000,130.960000,131.434000
2018/10/03 21:00:00,131.481000,131.587000,130.755000,131.220000,131.434000,131.569000,130.736000,131.145000
2018/10/04 21:00:00,131.220000,131.428000,130.613000,131.035000,131.145000,131.410000,130.594000,130.955000
2018/10/06 21:00:00,131.035000,131.265000,131.035000,131.189000,130.955000,131.165000,130.955000,131.079000
2018/10/07 21:00:00,131.189000,131.259000,129.519000,130.147000,131.079000,131.241000,129.501000,130.107000
2018/10/08 21:00:00,130.147000,130.241000,129.349000,129.820000,130.107000,130.222000,129.332000,129.783000
2018/10/09 21:00:00,129.820000,130.511000,129.309000,129.341000,129.783000,130.493000,129.288000,129.305000
2018/10/10 21:00:00,129.341000,130.225000,129.220000,130.049000,129.305000,130.207000,129.202000,130.024000
2018/10/11 21:00:00,130.049000,130.511000,129.367000,129.759000,130.024000,130.492000,129.349000,129.677000
2018/10/13 21:00:00,129.759000,129.759000,129.443000,129.509000,129.677000,129.677000,129.368000,129.406000
2018/10/14 21:00:00,129.509000,129.808000,129.135000,129.441000,129.406000,129.791000,129.118000,129.397000
2018/10/15 21:00:00,129.441000,130.306000,129.438000,129.943000,129.397000,130.292000,129.391000,129.902000
2018/10/16 21:00:00,129.943000,130.169000,129.184000,129.584000,129.902000,130.151000,129.165000,129.546000
2018/10/17 21:00:00,129.584000,129.741000,128.333000,128.550000,129.546000,129.722000,128.313000,128.474000
2018/10/18 21:00:00,128.550000,129.698000,128.487000,129.599000,128.474000,129.678000,128.441000,129.523000
2018/10/20 21:00:00,129.599000,129.708000,129.533000,129.698000,129.523000,129.666000,129.482000,129.647000
2018/10/21 21:00:00,129.698000,130.213000,129.211000,129.364000,129.647000,130.194000,129.196000,129.319000
2018/10/22 21:00:00,129.364000,129.405000,128.223000,129.008000,129.319000,129.372000,128.204000,128.973000
2018/10/23 21:00:00,129.008000,129.228000,127.782000,127.896000,128.973000,129.209000,127.762000,127.864000
2018/10/24 21:00:00,127.896000,128.451000,127.506000,127.881000,127.864000,128.431000,127.488000,127.819000
2018/10/25 21:00:00,127.881000,127.941000,126.643000,127.639000,127.819000,127.879000,126.625000,127.566000
2018/10/27 21:00:00,127.639000,127.639000,127.408000,127.498000,127.566000,127.566000,127.333000,127.414000
2018/10/28 21:00:00,127.498000,128.245000,127.258000,127.815000,127.414000,128.232000,127.241000,127.788000
2018/10/29 21:00:00,127.815000,128.450000,127.747000,128.350000,127.788000,128.432000,127.725000,128.304000
2018/10/30 21:00:00,128.350000,128.555000,127.667000,127.790000,128.304000,128.540000,127.650000,127.742000
2018/10/31 21:00:00,127.790000,128.776000,127.626000,128.624000,127.742000,128.757000,127.605000,128.561000
2018/11/01 21:00:00,128.624000,129.338000,128.383000,128.946000,128.561000,129.318000,128.364000,128.890000
2018/11/03 21:00:00,128.946000,129.113000,128.873000,128.898000,128.890000,129.027000,128.821000,128.822000
2018/11/04 22:00:00,128.898000,129.337000,128.613000,129.144000,128.822000,129.317000,128.589000,129.096000
2018/11/05 22:00:00,129.144000,129.655000,128.865000,129.648000,129.096000,129.630000,128.844000,129.579000
2018/11/06 22:00:00,129.648000,130.159000,129.405000,129.763000,129.579000,130.140000,129.383000,129.662000
2018/11/07 22:00:00,129.763000,130.138000,129.401000,129.630000,129.662000,130.120000,129.383000,129.599000
2018/11/08 22:00:00,129.630000,129.686000,128.747000,129.040000,129.599000,129.631000,128.729000,128.976000
2018/11/10 22:00:00,129.040000,129.040000,128.713000,128.871000,128.976000,128.976000,128.656000,128.767000
2018/11/11 22:00:00,128.871000,129.199000,127.665000,127.724000,128.767000,129.179000,127.644000,127.686000
2018/11/12 22:00:00,127.724000,128.765000,127.512000,128.573000,127.686000,128.746000,127.494000,128.473000
2018/11/13 22:00:00,128.573000,129.241000,128.141000,128.542000,128.473000,129.221000,128.122000,128.468000
2018/11/14 22:00:00,128.542000,129.066000,127.779000,128.788000,128.468000,129.046000,127.760000,128.686000
2018/11/15 22:00:00,128.788000,128.912000,128.135000,128.858000,128.686000,128.885000,128.114000,128.790000
2018/11/17 22:00:00,128.858000,128.858000,128.583000,128.820000,128.790000,128.790000,128.512000,128.720000
2018/11/18 22:00:00,128.820000,129.078000,128.477000,128.952000,128.720000,129.059000,128.458000,128.893000
2018/11/19 22:00:00,128.952000,129.050000,128.018000,128.285000,128.893000,129.029000,128.001000,128.228000
2018/11/20 22:00:00,128.285000,129.091000,128.132000,128.789000,128.228000,129.071000,128.110000,128.689000
2018/11/21 22:00:00,128.789000,129.114000,128.685000,128.863000,128.689000,129.095000,128.654000,128.761000
2018/11/22 22:00:00,128.863000,128.931000,127.834000,128.143000,128.761000,128.911000,127.810000,128.041000
2018/11/24 22:00:00,128.143000,128.143000,128.024000,128.099000,128.041000,128.072000,127.982000,128.017000
2018/11/25 22:00:00,128.099000,128.929000,127.940000,128.697000,128.017000,128.911000,127.920000,128.634000
2018/11/26 22:00:00,128.697000,128.858000,128.366000,128.494000,128.634000,128.839000,128.347000,128.420000
2018/11/27 22:00:00,128.494000,129.270000,128.262000,129.234000,128.420000,129.250000,128.240000,129.190000
2018/11/28 22:00:00,129.234000,129.336000,128.683000,129.312000,129.190000,129.286000,128.666000,129.276000
2018/11/29 22:00:00,129.312000,129.345000,128.427000,128.501000,129.276000,129.276000,128.406000,128.417000
2018/12/01 22:00:00,128.501000,129.398000,128.501000,129.123000,128.417000,129.359000,128.417000,129.023000
2018/12/02 22:00:00,129.123000,129.162000,128.555000,129.065000,129.023000,129.142000,128.534000,129.018000
2018/12/03 22:00:00,129.065000,129.101000,127.631000,127.959000,129.018000,129.032000,127.611000,127.907000
2018/12/04 22:00:00,127.959000,128.504000,127.798000,128.439000,127.907000,128.483000,127.782000,128.397000
2018/12/05 22:00:00,128.439000,128.482000,127.684000,128.217000,128.397000,128.420000,127.663000,128.133000
2018/12/06 22:00:00,128.217000,128.685000,128.148000,128.472000,128.133000,128.664000,128.103000,128.391000
2018/12/08 22:00:00,128.472000,128.472000,128.150000,128.332000,128.391000,128.391000,128.091000,128.252000
2018/12/09 22:00:00,128.332000,128.950000,128.187000,128.737000,128.252000,128.930000,128.164000,128.684000
2018/12/10 22:00:00,128.737000,128.994000,128.188000,128.316000,128.684000,128.972000,128.168000,128.279000
2018/12/11 22:00:00,128.316000,128.876000,128.309000,128.807000,128.279000,128.858000,128.248000,128.770000
2018/12/12 22:00:00,128.807000,129.266000,128.720000,129.123000,128.770000,129.246000,128.699000,129.022000
2018/12/13 22:00:00,129.123000,129.177000,127.992000,128.208000,129.022000,129.113000,127.976000,128.145000
2018/12/15 22:00:00,128.208000,128.213000,128.108000,128.195000,128.145000,128.165000,128.085000,128.092000
2018/12/16 22:00:00,128.195000,128.603000,127.873000,128.055000,128.092000,128.583000,127.855000,128.021000
2018/12/17 22:00:00,128.055000,128.123000,127.653000,127.862000,128.021000,128.105000,127.633000,127.790000
2018/12/18 22:00:00,127.862000,128.405000,127.557000,128.007000,127.790000,128.370000,127.535000,127.946000
2018/12/19 22:00:00,128.007000,128.401000,127.231000,127.420000,127.946000,128.378000,127.208000,127.373000
2018/12/20 22:00:00,127.420000,127.698000,126.398000,126.491000,127.373000,127.678000,126.369000,126.412000
2018/12/22 22:00:00,126.491000,126.491000,125.814000,126.327000,126.412000,126.412000,125.760000,126.300000
2018/12/23 22:00:00,126.327000,126.755000,125.825000,125.937000,126.300000,126.734000,125.798000,125.834000
2018/12/25 22:00:00,125.937000,126.498000,125.811000,126.496000,125.834000,126.442000,125.793000,126.409000
2018/12/26 22:00:00,126.496000,127.114000,126.004000,126.983000,126.409000,127.082000,125.980000,126.897000
2018/12/27 22:00:00,126.983000,127.049000,126.139000,126.333000,126.897000,127.005000,126.115000,126.232000
2018/12/30 22:00:00,126.333000,126.450000,125.414000,125.602000,126.232000,126.430000,125.394000,125.574000
