StartDate,AskOpen,AskHigh,AskLow,AskClose,BidOpen,BidHigh,BidLow,BidClose
2018/01/01 14:00:00,135.282000,135.343000,135.282000,135.333000,135.150000,135.270000,135.150000,135.270000
2018/01/01 22:00:00,135.333000,135.553000,135.195000,135.519000,135.270000,135.535000,135.140000,135.501000
2018/01/02 06:00:00,135.519000,135.644000,135.211000,135.212000,135.501000,135.624000,135.195000,135.198000
2018/01/02 14:00:00,135.212000,135.469000,134.945000,135.449000,135.198000,135.450000,134.928000,135.368000
2018/01/02 22:00:00,135.449000,135.518000,135.290000,135.399000,135.368000,135.500000,135.271000,135.383000
2018/01/03 06:00:00,135.399000,135.415000,134.814000,135.051000,135.383000,135.398000,134.797000,135.034000
2018/01/03 14:00:00,135.051000,135.256000,134.846000,135.194000,135.034000,135.240000,134.829000,135.153000
2018/01/03 22:00:00,135.194000,135.451000,135.136000,135.426000,135.153000,135.436000,135.101000,135.408000
2018/01/04 06:00:00,135.426000,136.227000,135.345000,136.112000,135.408000,136.212000,135.328000,136.094000
2018/01/04 14:00:00,136.112000,136.377000,136.009000,136.106000,136.094000,136.364000,135.992000,136.053000
2018/01/04 22:00:00,136.106000,136.435000,136.056000,136.425000,136.053000,136.420000,135.968000,136.408000
2018/01/05 06:00:00,136.425000,136.648000,136.328000,136.459000,136.408000,136.632000,136.310000,136.445000
2018/01/05 14:00:00,136.459000,136.460000,136.000000,136.074000,136.445000,136.446000,135.979000,135.983000
2018/01/07 14:00:00,136.075000,136.165000,135.883000,136.165000,135.982000,136.056000,135.784000,136.054000
2018/01/07 22:00:00,136.165000,136.334000,136.041000,136.111000,136.054000,136.315000,135.996000,136.091000
2018/01/08 06:00:00,136.111000,136.128000,135.166000,135.188000,136.091000,136.110000,135.147000,135.169000
2018/01/08 14:00:00,135.188000,135.497000,135.139000,135.373000,135.169000,135.478000,135.123000,135.310000
2018/01/08 22:00:00,135.373000,135.488000,134.695000,134.856000,135.310000,135.469000,134.676000,134.837000
2018/01/09 06:00:00,134.856000,135.028000,134.240000,134.276000,134.837000,135.009000,134.226000,134.259000
2018/01/09 14:00:00,134.276000,134.519000,134.060000,134.517000,134.259000,134.497000,134.044000,134.431000
2018/01/09 22:00:00,134.517000,134.571000,133.985000,134.033000,134.431000,134.550000,133.964000,134.014000
2018/01/10 06:00:00,134.033000,134.074000,133.326000,133.848000,134.014000,134.056000,133.309000,133.830000
2018/01/10 14:00:00,133.848000,133.915000,133.087000,133.176000,133.830000,133.899000,133.070000,133.108000
2018/01/10 22:00:00,133.176000,133.651000,133.086000,133.651000,133.108000,133.633000,133.010000,133.632000
2018/01/11 06:00:00,133.651000,134.358000,133.262000,134.206000,133.632000,134.344000,133.244000,134.187000
2018/01/11 14:00:00,134.206000,134.363000,133.677000,133.908000,134.187000,134.344000,133.658000,133.826000
2018/01/11 22:00:00,133.908000,134.164000,133.872000,133.996000,133.826000,134.146000,133.774000,133.976000
2018/01/12 06:00:00,133.996000,135.376000,133.954000,135.310000,133.976000,135.356000,133.935000,135.291000
2018/01/12 14:00:00,135.310000,135.628000,134.837000,135.487000,135.291000,135.551000,134.819000,135.386000
2018/01/14 14:00:00,135.487000,135.595000,135.452000,135.520000,135.386000,135.556000,135.386000,135.420000
2018/01/14 22:00:00,135.520000,135.682000,135.032000,135.324000,135.420000,135.658000,135.013000,135.305000
2018/01/15 06:00:00,135.324000,135.998000,135.166000,135.800000,135.305000,135.980000,135.149000,135.781000
2018/01/15 14:00:00,135.800000,135.888000,135.403000,135.586000,135.781000,135.869000,135.384000,135.525000
2018/01/15 22:00:00,135.586000,136.108000,135.533000,135.949000,135.525000,136.092000,135.485000,135.928000
2018/01/16 06:00:00,135.949000,136.067000,135.082000,135.225000,135.928000,136.051000,135.065000,135.207000
2018/01/16 14:00:00,135.225000,135.714000,134.989000,135.458000,135.207000,135.696000,134.973000,135.382000
2018/01/16 22:00:00,135.458000,135.914000,135.305000,135.740000,135.382000,135.895000,135.283000,135.722000
2018/01/17 06:00:00,135.740000,135.763000,135.166000,135.371000,135.722000,135.742000,135.147000,135.354000
2018/01/17 14:00:00,135.371000,135.993000,135.221000,135.673000,135.354000,135.976000,135.206000,135.576000
2018/01/17 22:00:00,135.673000,135.860000,135.476000,135.663000,135.576000,135.841000,135.446000,135.646000
2018/01/18 06:00:00,135.663000,136.320000,135.595000,136.148000,135.646000,136.304000,135.576000,136.129000
2018/01/18 14:00:00,136.148000,136.165000,135.577000,136.014000,136.129000,136.145000,135.559000,135.916000
2018/01/18 22:00:00,136.014000,136.074000,135.808000,135.950000,135.916000,136.041000,135.790000,135.932000
2018/01/19 06:00:00,135.950000,136.037000,135.326000,135.383000,135.932000,136.018000,135.310000,135.364000
2018/01/19 14:00:00,135.383000,135.571000,135.196000,135.457000,135.364000,135.552000,135.177000,135.360000
2018/01/21 14:00:00,135.457000,135.906000,135.457000,135.748000,135.360000,135.845000,135.360000,135.648000
2018/01/21 22:00:00,135.748000,135.749000,135.356000,135.524000,135.648000,135.696000,135.338000,135.506000
2018/01/22 06:00:00,135.524000,135.807000,135.428000,135.664000,135.506000,135.791000,135.408000,135.645000
2018/01/22 14:00:00,135.664000,136.157000,135.623000,136.035000,135.645000,136.138000,135.604000,135.993000
2018/01/22 22:00:00,136.035000,136.183000,135.621000,135.876000,135.993000,136.163000,135.601000,135.858000
2018/01/23 06:00:00,135.876000,136.228000,135.211000,135.311000,135.858000,136.208000,135.192000,135.293000
2018/01/23 14:00:00,135.311000,135.731000,135.280000,135.687000,135.293000,135.712000,135.264000,135.639000
2018/01/23 22:00:00,135.687000,135.729000,135.332000,135.515000,135.639000,135.675000,135.318000,135.494000
2018/01/24 06:00:00,135.515000,135.546000,134.927000,135.434000,135.494000,135.527000,134.910000,135.416000
2018/01/24 14:00:00,135.434000,135.578000,135.038000,135.544000,135.416000,135.561000,135.019000,135.517000
2018/01/24 22:00:00,135.544000,135.728000,135.381000,135.605000,135.517000,135.713000,135.350000,135.587000
2018/01/25 06:00:00,135.605000,136.085000,135.052000,135.918000,135.587000,136.061000,135.034000,135.899000
2018/01/25 14:00:00,135.918000,136.306000,135.419000,135.677000,135.899000,136.290000,135.398000,135.583000
2018/01/25 22:00:00,135.677000,136.149000,135.618000,135.961000,135.583000,136.135000,135.560000,135.945000
2018/01/26 06:00:00,135.961000,136.147000,135.692000,135.936000,135.945000,136.129000,135.672000,135.918000
2018/01/26 14:00:00,135.936000,136.081000,134.550000,135.075000,135.918000,136.064000,134.533000,134.967000
2018/01/28 14:00:00,135.075000,135.287000,135.061000,135.146000,134.967000,135.200000,134.948000,135.035000
2018/01/28 22:00:00,135.146000,135.167000,134.844000,135.064000,135.035000,135.089000,134.824000,135.048000
2018/01/29 06:00:00,135.064000,135.354000,134.487000,134.501000,135.048000,135.334000,134.472000,134.483000
2018/01/29 14:00:00,134.501000,135.027000,134.336000,134.941000,134.483000,135.009000,134.318000,134.887000
2018/01/29 22:00:00,134.941000,135.009000,134.386000,134.389000,134.887000,134.992000,134.370000,134.371000
2018/01/30 06:00:00,134.389000,135.218000,134.140000,135.129000,134.371000,135.199000,134.124000,135.109000
2018/01/30 14:00:00,135.129000,135.183000,134.756000,134.940000,135.109000,135.166000,134.738000,134.892000
2018/01/30 22:00:00,134.940000,135.355000,134.870000,135.194000,134.892000,135.335000,134.808000,135.179000
2018/01/31 06:00:00,135.194000,135.811000,135.145000,135.797000,135.179000,135.794000,135.126000,135.779000
2018/01/31 14:00:00,135.797000,136.062000,135.398000,135.590000,135.779000,136.044000,135.381000,135.515000
2018/01/31 22:00:00,135.590000,135.914000,135.484000,135.829000,135.515000,135.894000,135.432000,135.809000
2018/02/01 06:00:00,135.829000,136.680000,135.723000,136.246000,135.809000,136.659000,135.706000,136.227000
2018/02/01 14:00:00,136.246000,136.972000,135.984000,136.905000,136.227000,136.955000,135.965000,136.807000
2018/02/01 22:00:00,136.905000,137.095000,136.677000,137.032000,136.807000,137.077000,136.659000,137.013000
2018/02/02 06:00:00,137.032000,137.506000,136.972000,137.276000,137.013000,137.490000,136.953000,137.257000
2018/02/02 14:00:00,137.276000,137.516000,137.003000,137.298000,137.257000,137.498000,136.984000,137.187000
2018/02/04 14:00:00,137.298000,137.298000,136.877000,137.082000,137.187000,137.187000,136.832000,136.985000
2018/02/04 22:00:00,137.082000,137.238000,136.701000,137.028000,136.985000,137.166000,136.684000,137.009000
2018/02/05 06:00:00,137.028000,137.070000,136.474000,136.629000,137.009000,137.050000,136.455000,136.611000
2018/02/05 14:00:00,136.629000,136.971000,134.936000,134.950000,136.611000,136.953000,134.877000,134.879000
2018/02/05 22:00:00,134.950000,135.301000,133.986000,134.753000,134.879000,135.281000,133.968000,134.734000
2018/02/06 06:00:00,134.753000,135.803000,134.589000,135.141000,134.734000,135.787000,134.569000,135.125000
2018/02/06 14:00:00,135.141000,135.742000,134.539000,135.641000,135.125000,135.720000,134.522000,135.576000
2018/02/06 22:00:00,135.641000,135.870000,135.220000,135.273000,135.576000,135.838000,135.199000,135.252000
2018/02/07 06:00:00,135.273000,135.455000,134.601000,134.768000,135.252000,135.435000,134.583000,134.749000
2018/02/07 14:00:00,134.768000,134.882000,133.833000,134.128000,134.749000,134.864000,133.813000,134.029000
2018/02/07 22:00:00,134.128000,134.630000,133.880000,134.618000,134.029000,134.610000,133.862000,134.597000
2018/02/08 06:00:00,134.618000,134.809000,134.024000,134.517000,134.597000,134.790000,134.009000,134.498000
2018/02/08 14:00:00,134.517000,134.638000,132.949000,133.203000,134.498000,134.621000,132.931000,133.176000
2018/02/08 22:00:00,133.203000,133.745000,133.041000,133.612000,133.176000,133.729000,133.022000,133.590000
2018/02/09 06:00:00,133.612000,134.183000,133.130000,133.829000,133.590000,134.163000,133.111000,133.814000
2018/02/09 14:00:00,133.829000,133.839000,131.994000,133.376000,133.814000,133.820000,131.977000,133.270000
2018/02/11 14:00:00,133.376000,133.503000,133.282000,133.418000,133.270000,133.432000,133.228000,133.337000
2018/02/11 22:00:00,133.418000,133.661000,133.041000,133.516000,133.337000,133.645000,133.021000,133.497000
2018/02/12 06:00:00,133.516000,133.627000,132.968000,132.983000,133.497000,133.608000,132.952000,132.964000
2018/02/12 14:00:00,132.983000,133.657000,132.912000,133.611000,132.964000,133.636000,132.892000,133.513000
2018/02/12 22:00:00,133.611000,133.805000,133.179000,133.361000,133.513000,133.784000,133.160000,133.342000
2018/02/13 06:00:00,133.361000,133.415000,132.530000,132.827000,133.342000,133.395000,132.512000,132.809000
2018/02/13 14:00:00,132.827000,133.286000,132.748000,133.229000,132.809000,133.267000,132.730000,133.134000
2018/02/13 22:00:00,133.229000,133.373000,132.372000,132.660000,133.134000,133.355000,132.354000,132.642000
2018/02/14 06:00:00,132.660000,132.994000,131.616000,131.964000,132.642000,132.976000,131.597000,131.944000
2018/02/14 14:00:00,131.964000,133.399000,131.841000,133.275000,131.944000,133.381000,131.821000,133.177000
2018/02/14 22:00:00,133.275000,133.353000,132.526000,132.841000,133.177000,133.258000,132.504000,132.822000
2018/02/15 06:00:00,132.841000,133.275000,132.627000,132.881000,132.822000,133.258000,132.608000,132.864000
2018/02/15 14:00:00,132.881000,133.156000,132.532000,132.772000,132.864000,133.140000,132.513000,132.696000
2018/02/15 22:00:00,132.772000,133.116000,132.405000,132.773000,132.696000,133.096000,132.384000,132.749000
2018/02/16 06:00:00,132.773000,132.892000,132.199000,132.200000,132.749000,132.873000,132.180000,132.181000
2018/02/16 14:00:00,132.200000,132.376000,131.823000,131.989000,132.181000,132.358000,131.803000,131.879000
2018/02/18 14:00:00,131.989000,132.008000,131.923000,131.951000,131.879000,131.904000,131.812000,131.839000
2018/02/18 22:00:00,131.951000,132.209000,131.823000,132.172000,131.839000,132.189000,131.797000,132.151000
2018/02/19 06:00:00,132.172000,132.388000,132.023000,132.049000,132.151000,132.369000,132.007000,132.030000
2018/02/19 14:00:00,132.049000,132.313000,131.912000,132.294000,132.030000,132.296000,131.895000,132.229000
2018/02/19 22:00:00,132.294000,132.521000,132.161000,132.331000,132.229000,132.506000,132.145000,132.312000
2018/02/20 06:00:00,132.331000,132.467000,132.128000,132.288000,132.312000,132.449000,132.109000,132.269000
2018/02/20 14:00:00,132.288000,132.497000,132.163000,132.425000,132.269000,132.479000,132.145000,132.397000
2018/02/20 22:00:00,132.425000,133.068000,132.349000,132.863000,132.397000,133.049000,132.302000,132.841000
2018/02/21 06:00:00,132.863000,132.911000,132.279000,132.433000,132.841000,132.893000,132.259000,132.417000
2018/02/21 14:00:00,132.433000,132.813000,132.278000,132.415000,132.417000,132.781000,132.258000,132.360000
2018/02/21 22:00:00,132.415000,132.439000,131.582000,131.926000,132.360000,132.373000,131.565000,131.906000
2018/02/22 06:00:00,131.926000,132.066000,131.298000,131.613000,131.906000,132.047000,131.281000,131.594000
2018/02/22 14:00:00,131.613000,131.958000,131.476000,131.677000,131.594000,131.942000,131.456000,131.600000
2018/02/22 22:00:00,131.677000,131.863000,131.500000,131.604000,131.600000,131.842000,131.481000,131.584000
2018/02/23 06:00:00,131.604000,131.756000,131.248000,131.331000,131.584000,131.737000,131.229000,131.313000
2018/02/23 14:00:00,131.331000,131.473000,130.944000,131.471000,131.313000,131.450000,130.927000,131.391000
2018/02/25 14:00:00,131.471000,131.997000,131.343000,131.839000,131.391000,131.906000,131.247000,131.750000
2018/02/25 22:00:00,131.839000,131.839000,131.113000,131.328000,131.750000,131.750000,131.095000,131.310000
2018/02/26 06:00:00,131.328000,131.760000,131.091000,131.492000,131.310000,131.744000,131.074000,131.475000
2018/02/26 14:00:00,131.492000,131.770000,131.320000,131.749000,131.475000,131.742000,131.303000,131.651000
2018/02/26 22:00:00,131.749000,132.086000,131.699000,131.743000,131.651000,132.067000,131.643000,131.724000
2018/02/27 06:00:00,131.743000,132.196000,131.587000,131.610000,131.724000,132.177000,131.570000,131.594000
2018/02/27 14:00:00,131.610000,131.701000,131.284000,131.312000,131.594000,131.682000,131.264000,131.275000
2018/02/27 22:00:00,131.312000,131.531000,130.916000,130.924000,131.275000,131.513000,130.898000,130.903000
2018/02/28 06:00:00,130.924000,131.079000,130.595000,130.812000,130.903000,131.060000,130.577000,130.793000
2018/02/28 14:00:00,130.812000,130.899000,130.052000,130.120000,130.793000,130.882000,130.033000,130.056000
2018/02/28 22:00:00,130.120000,130.329000,129.858000,130.265000,130.056000,130.311000,129.839000,130.244000
2018/03/01 06:00:00,130.265000,130.484000,129.883000,130.321000,130.244000,130.464000,129.866000,130.301000
2018/03/01 14:00:00,130.321000,130.803000,129.772000,130.332000,130.301000,130.786000,129.754000,130.270000
2018/03/01 22:00:00,130.332000,130.451000,129.887000,129.918000,130.270000,130.433000,129.869000,129.899000
2018/03/02 06:00:00,129.918000,129.965000,129.571000,129.771000,129.899000,129.946000,129.553000,129.751000
2018/03/02 14:00:00,129.771000,130.393000,129.650000,130.275000,129.751000,130.372000,129.630000,130.238000
2018/03/04 14:00:00,130.275000,130.507000,130.160000,130.252000,130.238000,130.435000,130.077000,130.144000
2018/03/04 22:00:00,130.252000,130.560000,129.785000,130.060000,130.144000,130.507000,129.763000,130.039000
2018/03/05 06:00:00,130.060000,130.280000,129.364000,130.066000,130.039000,130.259000,129.343000,130.046000
2018/03/05 14:00:00,130.066000,131.041000,130.029000,131.037000,130.046000,131.006000,130.009000,130.997000
2018/03/05 22:00:00,131.037000,131.560000,130.963000,131.189000,130.997000,131.540000,130.937000,131.169000
2018/03/06 06:00:00,131.189000,132.028000,130.611000,131.585000,131.169000,132.010000,130.591000,131.567000
2018/03/06 14:00:00,131.585000,131.789000,131.258000,131.700000,131.567000,131.769000,131.239000,131.632000
2018/03/06 22:00:00,131.700000,131.778000,130.936000,131.205000,131.632000,131.727000,130.918000,131.185000
2018/03/07 06:00:00,131.205000,131.558000,131.110000,131.399000,131.185000,131.539000,131.091000,131.380000
2018/03/07 14:00:00,131.399000,131.756000,131.190000,131.695000,131.380000,131.739000,131.171000,131.606000
2018/03/07 22:00:00,131.695000,131.846000,131.423000,131.459000,131.606000,131.825000,131.402000,131.437000
2018/03/08 06:00:00,131.459000,131.993000,131.218000,131.576000,131.437000,131.974000,131.201000,131.558000
2018/03/08 14:00:00,131.576000,131.638000,130.528000,130.829000,131.558000,131.620000,130.509000,130.721000
2018/03/08 22:00:00,130.829000,131.606000,130.719000,131.343000,130.721000,131.585000,130.658000,131.322000
2018/03/09 06:00:00,131.343000,131.561000,131.221000,131.392000,131.322000,131.540000,131.170000,131.372000
2018/03/09 14:00:00,131.392000,131.905000,131.358000,131.496000,131.372000,131.887000,131.339000,131.420000
2018/03/11 13:00:00,131.496000,131.496000,131.279000,131.412000,131.420000,131.420000,131.244000,131.317000
2018/03/11 21:00:00,131.412000,131.711000,131.097000,131.150000,131.317000,131.690000,131.077000,131.130000
2018/03/12 05:00:00,131.150000,131.547000,130.977000,131.145000,131.130000,131.529000,130.957000,131.125000
2018/03/12 13:00:00,131.145000,131.386000,131.024000,131.273000,131.125000,131.370000,131.004000,131.251000
2018/03/12 21:00:00,131.273000,131.661000,131.126000,131.638000,131.251000,131.641000,131.105000,131.617000
2018/03/13 05:00:00,131.638000,132.445000,131.560000,132.278000,131.617000,132.428000,131.541000,132.257000
2018/03/13 13:00:00,132.278000,132.400000,131.886000,132.057000,132.257000,132.381000,131.867000,132.030000
2018/03/13 21:00:00,132.057000,132.293000,131.876000,132.175000,132.030000,132.273000,131.852000,132.155000
2018/03/14 05:00:00,132.175000,132.202000,131.712000,131.753000,132.155000,132.183000,131.690000,131.733000
2018/03/14 13:00:00,131.753000,131.862000,131.034000,131.508000,131.733000,131.844000,131.013000,131.478000
2018/03/14 21:00:00,131.508000,131.552000,130.986000,131.226000,131.478000,131.531000,130.966000,131.206000
2018/03/15 05:00:00,131.226000,131.313000,130.730000,130.798000,131.206000,131.293000,130.711000,130.780000
2018/03/15 13:00:00,130.798000,131.048000,130.574000,130.890000,130.780000,131.030000,130.553000,130.837000
2018/03/15 21:00:00,130.890000,130.946000,130.296000,130.364000,130.837000,130.897000,130.274000,130.347000
2018/03/16 05:00:00,130.364000,130.597000,130.140000,130.234000,130.347000,130.578000,130.122000,130.218000
2018/03/16 13:00:00,130.234000,130.463000,130.087000,130.312000,130.218000,130.446000,130.067000,130.212000
2018/03/18 13:00:00,130.312000,130.312000,130.084000,130.135000,130.212000,130.212000,130.023000,130.094000
2018/03/18 21:00:00,130.135000,130.389000,129.649000,129.689000,130.094000,130.355000,129.630000,129.667000
2018/03/19 05:00:00,129.689000,130.982000,129.620000,130.672000,129.667000,130.961000,129.599000,130.652000
2018/03/19 13:00:00,130.672000,131.081000,130.426000,130.891000,130.652000,131.061000,130.409000,130.854000
2018/03/19 21:00:00,130.891000,131.294000,130.741000,131.200000,130.854000,131.275000,130.721000,131.179000
2018/03/20 05:00:00,131.200000,131.737000,130.790000,130.797000,131.179000,131.718000,130.770000,130.775000
2018/03/20 13:00:00,130.797000,130.831000,130.354000,130.432000,130.775000,130.813000,130.335000,130.409000
2018/03/20 21:00:00,130.432000,130.603000,130.401000,130.558000,130.409000,130.584000,130.373000,130.538000
2018/03/21 05:00:00,130.558000,130.652000,130.205000,130.486000,130.538000,130.636000,130.176000,130.468000
2018/03/21 13:00:00,130.486000,131.075000,130.318000,130.860000,130.468000,131.054000,130.300000,130.836000
2018/03/21 21:00:00,130.860000,130.974000,130.572000,130.749000,130.836000,130.957000,130.555000,130.729000
2018/03/22 05:00:00,130.749000,131.030000,129.775000,129.806000,130.729000,131.010000,129.755000,129.787000
2018/03/22 13:00:00,129.806000,130.256000,129.508000,129.533000,129.787000,130.236000,129.490000,129.512000
2018/03/22 21:00:00,129.533000,129.693000,128.953000,129.296000,129.512000,129.639000,128.936000,129.275000
2018/03/23 05:00:00,129.296000,129.987000,129.171000,129.666000,129.275000,129.969000,129.152000,129.646000
2018/03/23 13:00:00,129.666000,129.934000,129.356000,129.405000,129.646000,129.916000,129.329000,129.358000
2018/03/25 13:00:00,129.405000,129.405000,129.223000,129.308000,129.358000,129.358000,129.173000,129.277000
2018/03/25 21:00:00,129.308000,129.941000,129.308000,129.778000,129.277000,129.920000,129.268000,129.758000
2018/03/26 05:00:00,129.778000,130.544000,129.711000,130.448000,129.758000,130.524000,129.693000,130.430000
2018/03/26 13:00:00,130.448000,131.389000,130.369000,131.198000,130.430000,131.369000,130.350000,131.149000
2018/03/26 21:00:00,131.198000,131.613000,131.179000,131.515000,131.149000,131.593000,131.139000,131.494000
2018/03/27 05:00:00,131.515000,131.829000,130.938000,130.991000,131.494000,131.808000,130.919000,130.971000
2018/03/27 13:00:00,130.991000,131.312000,130.594000,130.662000,130.971000,131.291000,130.573000,130.621000
2018/03/27 21:00:00,130.662000,131.188000,130.616000,130.967000,130.621000,131.167000,130.568000,130.950000
2018/03/28 05:00:00,130.967000,131.725000,130.601000,131.368000,130.950000,131.705000,130.582000,131.348000
2018/03/28 13:00:00,131.368000,131.637000,130.882000,131.498000,131.348000,131.616000,130.862000,131.466000
2018/03/28 21:00:00,131.498000,131.618000,131.248000,131.274000,131.466000,131.595000,131.231000,131.253000
2018/03/29 05:00:00,131.274000,131.402000,131.058000,131.234000,131.253000,131.385000,131.041000,131.215000
2018/03/29 13:00:00,131.234000,131.354000,130.624000,130.925000,131.215000,131.334000,130.605000,130.885000
2018/03/29 21:00:00,130.925000,131.116000,130.613000,130.857000,130.885000,131.076000,130.610000,130.825000
2018/03/30 05:00:00,130.857000,130.982000,130.651000,130.895000,130.825000,130.954000,130.615000,130.872000
2018/03/30 13:00:00,130.895000,131.064000,130.802000,131.038000,130.872000,130.983000,130.749000,130.924000
2018/04/01 21:00:00,131.038000,131.143000,130.821000,130.978000,130.924000,131.123000,130.797000,130.959000
2018/04/02 05:00:00,130.978000,131.308000,130.913000,131.299000,130.959000,131.287000,130.893000,131.278000
2018/04/02 13:00:00,131.299000,131.308000,129.992000,130.286000,131.278000,131.290000,129.971000,130.238000
2018/04/02 21:00:00,130.286000,130.446000,130.000000,130.416000,130.238000,130.426000,129.979000,130.395000
2018/04/03 05:00:00,130.416000,130.933000,130.311000,130.710000,130.395000,130.913000,130.292000,130.691000
2018/04/03 13:00:00,130.710000,130.891000,130.393000,130.843000,130.691000,130.870000,130.372000,130.801000
2018/04/03 21:00:00,130.843000,130.899000,130.643000,130.843000,130.801000,130.856000,130.624000,130.822000
2018/04/04 05:00:00,130.843000,130.883000,130.243000,130.661000,130.822000,130.863000,130.224000,130.641000
2018/04/04 13:00:00,130.661000,131.207000,130.537000,131.117000,130.641000,131.186000,130.519000,131.093000
2018/04/04 21:00:00,131.117000,131.427000,131.088000,131.297000,131.093000,131.406000,131.039000,131.277000
2018/04/05 05:00:00,131.297000,131.487000,131.076000,131.186000,131.277000,131.467000,131.054000,131.166000
2018/04/05 13:00:00,131.186000,131.509000,131.163000,131.466000,131.166000,131.491000,131.145000,131.417000
2018/04/05 21:00:00,131.466000,131.509000,131.101000,131.395000,131.417000,131.482000,131.080000,131.373000
2018/04/06 05:00:00,131.395000,131.506000,131.220000,131.337000,131.373000,131.488000,131.202000,131.318000
2018/04/06 13:00:00,131.337000,131.633000,131.175000,131.368000,131.318000,131.614000,131.155000,131.304000
2018/04/08 13:00:00,131.368000,131.501000,131.172000,131.480000,131.304000,131.402000,131.100000,131.367000
2018/04/08 21:00:00,131.480000,131.480000,131.121000,131.401000,131.367000,131.421000,131.097000,131.381000
2018/04/09 05:00:00,131.401000,131.736000,131.227000,131.723000,131.381000,131.718000,131.208000,131.703000
2018/04/09 13:00:00,131.723000,132.005000,131.392000,131.604000,131.703000,131.987000,131.370000,131.514000
2018/04/09 21:00:00,131.604000,132.049000,131.436000,131.965000,131.514000,132.026000,131.415000,131.945000
2018/04/10 05:00:00,131.965000,132.490000,131.690000,132.251000,131.945000,132.470000,131.669000,132.230000
2018/04/10 13:00:00,132.251000,132.631000,132.190000,132.486000,132.230000,132.612000,132.169000,132.436000
2018/04/10 21:00:00,132.486000,132.548000,132.267000,132.328000,132.436000,132.529000,132.246000,132.309000
2018/04/11 05:00:00,132.328000,132.621000,132.160000,132.221000,132.309000,132.602000,132.141000,132.204000
2018/04/11 13:00:00,132.221000,132.414000,132.041000,132.094000,132.204000,132.397000,132.023000,132.051000
2018/04/11 21:00:00,132.094000,132.333000,132.084000,132.135000,132.051000,132.315000,132.019000,132.116000
2018/04/12 05:00:00,132.135000,132.333000,131.817000,132.080000,132.116000,132.315000,131.795000,132.059000
2018/04/12 13:00:00,132.080000,132.352000,132.033000,132.339000,132.059000,132.331000,132.013000,132.243000
2018/04/12 21:00:00,132.339000,132.527000,132.186000,132.395000,132.243000,132.507000,132.165000,132.375000
2018/04/13 05:00:00,132.395000,132.908000,132.372000,132.657000,132.375000,132.891000,132.352000,132.637000
2018/04/13 13:00:00,132.657000,132.799000,132.364000,132.439000,132.637000,132.782000,132.325000,132.326000
2018/04/15 13:00:00,132.439000,132.736000,132.373000,132.713000,132.326000,132.634000,132.273000,132.620000
2018/04/15 21:00:00,132.713000,132.713000,132.193000,132.262000,132.620000,132.641000,132.174000,132.241000
2018/04/16 05:00:00,132.262000,132.920000,132.128000,132.875000,132.241000,132.899000,132.108000,132.856000
2018/04/16 13:00:00,132.875000,132.984000,132.509000,132.635000,132.856000,132.966000,132.490000,132.580000
2018/04/16 21:00:00,132.635000,132.694000,132.469000,132.576000,132.580000,132.664000,132.446000,132.557000
2018/04/17 05:00:00,132.576000,132.781000,132.308000,132.309000,132.557000,132.763000,132.287000,132.289000
2018/04/17 13:00:00,132.309000,132.467000,132.119000,132.393000,132.289000,132.448000,132.100000,132.331000
2018/04/17 21:00:00,132.393000,132.920000,132.377000,132.884000,132.331000,132.900000,132.300000,132.864000
2018/04/18 05:00:00,132.884000,132.912000,132.439000,132.880000,132.864000,132.891000,132.418000,132.860000
2018/04/18 13:00:00,132.880000,132.880000,132.664000,132.709000,132.860000,132.861000,132.645000,132.670000
2018/04/18 21:00:00,132.709000,133.038000,132.700000,132.995000,132.670000,133.021000,132.650000,132.975000
2018/04/19 05:00:00,132.995000,133.105000,132.708000,132.899000,132.975000,133.083000,132.688000,132.881000
2018/04/19 13:00:00,132.899000,132.972000,132.366000,132.561000,132.881000,132.952000,132.347000,132.521000
2018/04/19 21:00:00,132.561000,132.986000,132.558000,132.858000,132.521000,132.968000,132.508000,132.838000
2018/04/20 05:00:00,132.858000,132.904000,132.350000,132.374000,132.838000,132.886000,132.330000,132.355000
2018/04/20 13:00:00,132.374000,132.402000,132.053000,132.313000,132.355000,132.384000,132.033000,132.257000
2018/04/22 13:00:00,132.313000,132.494000,132.263000,132.368000,132.257000,132.382000,132.172000,132.270000
2018/04/22 21:00:00,132.368000,132.490000,132.240000,132.311000,132.270000,132.432000,132.220000,132.291000
2018/04/23 05:00:00,132.311000,132.574000,132.120000,132.469000,132.291000,132.555000,132.100000,132.449000
2018/04/23 13:00:00,132.469000,132.800000,132.395000,132.730000,132.449000,132.780000,132.379000,132.705000
2018/04/23 21:00:00,132.730000,132.905000,132.626000,132.904000,132.705000,132.888000,132.607000,132.887000
2018/04/24 05:00:00,132.904000,133.090000,132.642000,133.060000,132.887000,133.070000,132.622000,133.041000
2018/04/24 13:00:00,133.060000,133.497000,132.876000,133.136000,133.041000,133.478000,132.858000,133.100000
2018/04/24 21:00:00,133.136000,133.296000,133.037000,133.220000,133.100000,133.276000,133.017000,133.200000
2018/04/25 05:00:00,133.220000,133.349000,132.927000,133.055000,133.200000,133.329000,132.905000,133.036000
2018/04/25 13:00:00,133.055000,133.268000,132.974000,133.093000,133.036000,133.250000,132.955000,133.059000
2018/04/25 21:00:00,133.093000,133.263000,132.993000,133.149000,133.059000,133.247000,132.971000,133.129000
2018/04/26 05:00:00,133.149000,133.261000,132.692000,133.208000,133.129000,133.244000,132.673000,133.186000
2018/04/26 13:00:00,133.208000,133.230000,132.302000,132.311000,133.186000,133.210000,132.281000,132.283000
2018/04/26 21:00:00,132.311000,132.414000,132.173000,132.247000,132.283000,132.386000,132.153000,132.226000
2018/04/27 05:00:00,132.247000,132.357000,131.897000,132.112000,132.226000,132.341000,131.877000,132.095000
2018/04/27 13:00:00,132.112000,132.374000,131.910000,132.334000,132.095000,132.357000,131.891000,132.251000
2018/04/29 13:00:00,132.334000,132.423000,132.214000,132.250000,132.251000,132.362000,132.123000,132.194000
2018/04/29 21:00:00,132.250000,132.390000,132.201000,132.380000,132.194000,132.373000,132.158000,132.362000
2018/04/30 05:00:00,132.380000,132.555000,132.044000,132.145000,132.362000,132.535000,132.025000,132.125000
2018/04/30 13:00:00,132.145000,132.246000,131.870000,132.067000,132.125000,132.228000,131.855000,132.022000
2018/04/30 21:00:00,132.067000,132.146000,131.988000,132.095000,132.022000,132.128000,131.908000,132.074000
2018/05/01 05:00:00,132.095000,132.107000,131.820000,131.937000,132.074000,132.087000,131.801000,131.917000
2018/05/01 13:00:00,131.937000,131.965000,131.582000,131.803000,131.917000,131.947000,131.564000,131.782000
2018/05/01 21:00:00,131.803000,131.846000,131.650000,131.765000,131.782000,131.822000,131.629000,131.745000
2018/05/02 05:00:00,131.765000,132.125000,131.686000,131.904000,131.745000,132.108000,131.666000,131.884000
2018/05/02 13:00:00,131.904000,131.914000,131.267000,131.313000,131.884000,131.894000,131.247000,131.290000
2018/05/02 21:00:00,131.313000,131.478000,131.248000,131.469000,131.290000,131.458000,131.229000,131.452000
2018/05/03 05:00:00,131.469000,131.680000,130.813000,130.902000,131.452000,131.664000,130.792000,130.882000
2018/05/03 13:00:00,130.902000,131.143000,130.278000,130.949000,130.882000,131.129000,130.258000,130.905000
2018/05/03 21:00:00,130.949000,131.005000,130.634000,130.781000,130.905000,130.924000,130.615000,130.763000
2018/05/04 05:00:00,130.781000,130.811000,130.009000,130.222000,130.763000,130.791000,129.988000,130.202000
2018/05/04 13:00:00,130.222000,130.558000,129.904000,130.551000,130.202000,130.538000,129.886000,130.434000
2018/05/06 13:00:00,130.551000,130.653000,130.398000,130.537000,130.434000,130.607000,130.326000,130.420000
2018/05/06 21:00:00,130.537000,130.602000,130.211000,130.519000,130.420000,130.586000,130.193000,130.500000
2018/05/07 05:00:00,130.519000,130.528000,130.135000,130.250000,130.500000,130.509000,130.115000,130.233000
2018/05/07 13:00:00,130.250000,130.313000,129.965000,130.075000,130.233000,130.293000,129.945000,130.053000
2018/05/07 21:00:00,130.075000,130.149000,129.832000,129.923000,130.053000,130.116000,129.813000,129.904000
2018/05/08 05:00:00,129.923000,130.028000,129.242000,129.472000,129.904000,130.008000,129.226000,129.454000
2018/05/08 13:00:00,129.472000,129.745000,129.263000,129.493000,129.454000,129.726000,129.243000,129.460000
2018/05/08 21:00:00,129.493000,129.888000,129.367000,129.788000,129.460000,129.872000,129.348000,129.767000
2018/05/09 05:00:00,129.788000,130.457000,129.695000,130.339000,129.767000,130.439000,129.675000,130.321000
2018/05/09 13:00:00,130.339000,130.499000,129.937000,130.066000,130.321000,130.481000,129.920000,130.046000
2018/05/09 21:00:00,130.066000,130.250000,130.003000,130.248000,130.046000,130.230000,129.929000,130.230000
2018/05/10 05:00:00,130.248000,130.574000,130.114000,130.520000,130.230000,130.556000,130.096000,130.501000
2018/05/10 13:00:00,130.520000,130.777000,130.126000,130.373000,130.501000,130.758000,130.107000,130.347000
2018/05/10 21:00:00,130.373000,130.561000,130.211000,130.416000,130.347000,130.541000,130.192000,130.396000
2018/05/11 05:00:00,130.416000,130.618000,130.012000,130.565000,130.396000,130.600000,129.993000,130.545000
2018/05/11 13:00:00,130.565000,130.697000,130.492000,130.648000,130.545000,130.680000,130.474000,130.539000
2018/05/13 13:00:00,130.648000,130.748000,130.444000,130.682000,130.539000,130.667000,130.380000,130.560000
2018/05/13 21:00:00,130.682000,130.850000,130.584000,130.796000,130.560000,130.831000,130.484000,130.777000
2018/05/14 05:00:00,130.796000,131.387000,130.779000,131.255000,130.777000,131.368000,130.759000,131.237000
2018/05/14 13:00:00,131.255000,131.384000,130.779000,130.807000,131.237000,131.364000,130.758000,130.786000
2018/05/14 21:00:00,130.807000,131.018000,130.783000,130.956000,130.786000,130.998000,130.748000,130.935000
2018/05/15 05:00:00,130.956000,131.147000,130.561000,130.569000,130.935000,131.129000,130.543000,130.550000
2018/05/15 13:00:00,130.569000,130.995000,130.453000,130.643000,130.550000,130.976000,130.433000,130.620000
2018/05/15 21:00:00,130.643000,130.723000,130.322000,130.463000,130.620000,130.669000,130.301000,130.444000
2018/05/16 05:00:00,130.463000,130.582000,129.542000,129.584000,130.444000,130.567000,129.524000,129.565000
2018/05/16 13:00:00,129.584000,130.391000,129.557000,130.375000,129.565000,130.357000,129.537000,130.337000
2018/05/16 21:00:00,130.375000,130.455000,130.258000,130.396000,130.337000,130.439000,130.223000,130.377000
2018/05/17 05:00:00,130.396000,130.859000,130.288000,130.760000,130.377000,130.838000,130.270000,130.741000
2018/05/17 13:00:00,130.760000,130.779000,130.525000,130.654000,130.741000,130.760000,130.505000,130.598000
2018/05/17 21:00:00,130.654000,131.014000,130.612000,130.952000,130.598000,130.994000,130.574000,130.933000
2018/05/18 05:00:00,130.952000,131.137000,130.536000,130.600000,130.933000,131.118000,130.517000,130.581000
2018/05/18 13:00:00,130.600000,130.654000,130.253000,130.429000,130.581000,130.634000,130.233000,130.306000
2018/05/20 13:00:00,130.429000,130.755000,130.429000,130.572000,130.306000,130.672000,130.306000,130.477000
2018/05/20 21:00:00,130.572000,130.747000,130.387000,130.722000,130.477000,130.727000,130.367000,130.702000
2018/05/21 05:00:00,130.722000,131.017000,130.497000,130.951000,130.702000,130.997000,130.479000,130.930000
2018/05/21 13:00:00,130.951000,131.010000,130.593000,130.961000,130.930000,130.990000,130.574000,130.921000
2018/05/21 21:00:00,130.961000,130.996000,130.615000,130.633000,130.921000,130.951000,130.595000,130.612000
2018/05/22 05:00:00,130.633000,131.362000,130.612000,130.680000,130.612000,131.342000,130.591000,130.661000
2018/05/22 13:00:00,130.680000,130.890000,130.619000,130.648000,130.661000,130.869000,130.598000,130.614000
2018/05/22 21:00:00,130.648000,130.708000,129.715000,130.011000,130.614000,130.664000,129.698000,129.992000
2018/05/23 05:00:00,130.011000,130.056000,128.245000,128.607000,129.992000,130.035000,128.226000,128.589000
2018/05/23 13:00:00,128.607000,129.070000,128.518000,128.760000,128.589000,129.053000,128.497000,128.738000
2018/05/23 21:00:00,128.760000,128.888000,127.984000,128.206000,128.738000,128.869000,127.964000,128.185000
2018/05/24 05:00:00,128.206000,128.886000,127.994000,128.582000,128.185000,128.869000,127.972000,128.561000
2018/05/24 13:00:00,128.582000,128.590000,127.733000,128.050000,128.561000,128.571000,127.710000,128.029000
2018/05/24 21:00:00,128.050000,128.528000,127.941000,128.275000,128.029000,128.511000,127.919000,128.255000
2018/05/25 05:00:00,128.275000,128.540000,127.524000,127.700000,128.255000,128.520000,127.502000,127.677000
2018/05/25 13:00:00,127.700000,127.768000,127.163000,127.499000,127.677000,127.745000,127.143000,127.378000
2018/05/27 13:00:00,127.499000,128.358000,127.499000,128.333000,127.378000,128.312000,127.378000,128.247000
2018/05/27 21:00:00,128.333000,128.388000,127.991000,128.285000,128.247000,128.347000,127.972000,128.265000
2018/05/28 05:00:00,128.285000,128.549000,126.873000,126.958000,128.265000,128.527000,126.853000,126.938000
2018/05/28 13:00:00,126.958000,127.281000,126.870000,127.204000,126.938000,127.261000,126.848000,127.176000
2018/05/28 21:00:00,127.204000,127.290000,126.523000,126.859000,127.176000,127.272000,126.504000,126.842000
2018/05/29 05:00:00,126.859000,126.954000,125.066000,126.123000,126.842000,126.935000,125.042000,126.104000
2018/05/29 13:00:00,126.123000,126.458000,124.631000,125.536000,126.104000,126.436000,124.612000,125.495000
2018/05/29 21:00:00,125.536000,125.613000,124.997000,125.389000,125.495000,125.594000,124.976000,125.368000
2018/05/30 05:00:00,125.389000,126.887000,125.152000,126.539000,125.368000,126.865000,125.135000,126.518000
2018/05/30 13:00:00,126.539000,127.330000,126.248000,127.030000,126.518000,127.312000,126.226000,126.949000
2018/05/30 21:00:00,127.030000,127.090000,126.468000,126.816000,126.949000,127.053000,126.451000,126.795000
2018/05/31 05:00:00,126.816000,127.740000,126.714000,127.034000,126.795000,127.714000,126.693000,127.013000
2018/05/31 13:00:00,127.034000,127.340000,126.338000,127.250000,127.013000,127.319000,126.320000,127.226000
2018/05/31 21:00:00,127.250000,127.699000,127.139000,127.426000,127.226000,127.676000,127.119000,127.406000
2018/06/01 05:00:00,127.426000,128.085000,127.220000,127.887000,127.406000,128.067000,127.201000,127.867000
2018/06/01 13:00:00,127.887000,128.148000,127.197000,127.739000,127.867000,128.129000,127.174000,127.618000
2018/06/03 13:00:00,127.739000,127.739000,127.584000,127.701000,127.618000,127.632000,127.517000,127.579000
2018/06/03 21:00:00,127.701000,128.238000,127.659000,128.181000,127.579000,128.221000,127.573000,128.162000
2018/06/04 05:00:00,128.181000,128.699000,127.909000,128.310000,128.162000,128.680000,127.891000,128.291000
2018/06/04 13:00:00,128.310000,128.503000,128.015000,128.441000,128.291000,128.483000,127.992000,128.444000
2018/06/04 21:00:00,128.441000,128.710000,128.316000,128.508000,128.444000,128.692000,128.294000,128.488000
2018/06/05 05:00:00,128.508000,128.693000,127.921000,127.962000,128.488000,128.670000,127.900000,127.940000
2018/06/05 13:00:00,127.962000,128.679000,127.801000,128.658000,127.940000,128.662000,127.781000,128.647000
2018/06/05 21:00:00,128.658000,128.973000,128.625000,128.811000,128.647000,128.954000,128.582000,128.791000
2018/06/06 05:00:00,128.811000,129.840000,128.804000,129.545000,128.791000,129.820000,128.785000,129.524000
2018/06/06 13:00:00,129.545000,129.814000,129.436000,129.744000,129.524000,129.794000,129.415000,129.705000
2018/06/06 21:00:00,129.744000,129.960000,129.535000,129.629000,129.705000,129.939000,129.514000,129.610000
2018/06/07 05:00:00,129.629000,130.288000,129.627000,130.171000,129.610000,130.267000,129.608000,130.150000
2018/06/07 13:00:00,130.171000,130.229000,129.318000,129.483000,130.150000,130.211000,129.298000,129.430000
2018/06/07 21:00:00,129.483000,129.744000,129.295000,129.470000,129.430000,129.723000,129.275000,129.449000
2018/06/08 05:00:00,129.470000,129.565000,128.124000,128.700000,129.449000,129.544000,128.101000,128.682000
2018/06/08 13:00:00,128.700000,128.979000,128.594000,128.961000,128.682000,128.942000,128.574000,128.842000
2018/06/10 13:00:00,128.961000,128.961000,128.676000,128.713000,128.842000,128.842000,128.567000,128.610000
2018/06/10 21:00:00,128.713000,129.587000,128.713000,129.555000,128.610000,129.565000,128.610000,129.533000
2018/06/11 05:00:00,129.555000,130.070000,129.410000,129.681000,129.533000,130.050000,129.391000,129.660000
2018/06/11 13:00:00,129.681000,129.914000,129.617000,129.674000,129.660000,129.894000,129.596000,129.629000
2018/06/11 21:00:00,129.674000,130.026000,129.517000,129.925000,129.629000,130.005000,129.497000,129.907000
2018/06/12 05:00:00,129.925000,130.287000,129.700000,130.146000,129.907000,130.265000,129.679000,130.126000
2018/06/12 13:00:00,130.146000,130.146000,129.576000,129.652000,130.126000,130.126000,129.559000,129.637000
2018/06/12 21:00:00,129.652000,130.001000,129.642000,129.941000,129.637000,129.981000,129.556000,129.922000
2018/06/13 05:00:00,129.941000,130.144000,129.714000,130.091000,129.922000,130.124000,129.694000,130.070000
2018/06/13 13:00:00,130.091000,130.360000,129.868000,130.134000,130.070000,130.339000,129.849000,130.099000
2018/06/13 21:00:00,130.134000,130.204000,129.921000,130.083000,130.099000,130.159000,129.899000,130.063000
2018/06/14 05:00:00,130.083000,130.381000,128.676000,128.784000,130.063000,130.354000,128.655000,128.762000
2018/06/14 13:00:00,128.784000,128.959000,127.933000,128.036000,128.762000,128.942000,127.899000,127.973000
2018/06/14 21:00:00,128.036000,128.181000,127.715000,128.153000,127.973000,128.158000,127.693000,128.133000
2018/06/15 05:00:00,128.153000,128.428000,127.802000,128.220000,128.133000,128.408000,127.779000,128.202000
2018/06/15 13:00:00,128.220000,128.524000,128.193000,128.524000,128.202000,128.495000,128.174000,128.407000
2018/06/17 13:00:00,128.524000,128.524000,128.288000,128.313000,128.407000,128.422000,128.235000,128.242000
2018/06/17 21:00:00,128.313000,128.483000,127.826000,128.095000,128.242000,128.416000,127.808000,128.075000
2018/06/18 05:00:00,128.095000,128.429000,127.842000,128.212000,128.075000,128.410000,127.823000,128.193000
2018/06/18 13:00:00,128.212000,128.510000,128.079000,128.502000,128.193000,128.492000,128.060000,128.484000
2018/06/18 21:00:00,128.502000,128.529000,127.536000,127.585000,128.484000,128.505000,127.516000,127.569000
2018/06/19 05:00:00,127.585000,127.644000,126.654000,126.998000,127.569000,127.626000,126.635000,126.979000
2018/06/19 13:00:00,126.998000,127.623000,126.859000,127.593000,126.979000,127.605000,126.840000,127.533000
2018/06/19 21:00:00,127.593000,127.714000,127.210000,127.471000,127.533000,127.694000,127.194000,127.450000
2018/06/20 05:00:00,127.471000,127.754000,127.107000,127.585000,127.450000,127.738000,127.081000,127.563000
2018/06/20 13:00:00,127.585000,127.947000,127.401000,127.715000,127.563000,127.928000,127.383000,127.678000
2018/06/20 21:00:00,127.715000,128.027000,127.675000,127.940000,127.678000,128.006000,127.643000,127.920000
2018/06/21 05:00:00,127.940000,128.043000,127.002000,127.804000,127.920000,128.025000,126.983000,127.787000
2018/06/21 13:00:00,127.804000,127.906000,127.396000,127.700000,127.787000,127.887000,127.376000,127.607000
2018/06/21 21:00:00,127.700000,127.802000,127.523000,127.798000,127.607000,127.784000,127.464000,127.779000
2018/06/22 05:00:00,127.798000,128.620000,127.762000,128.276000,127.779000,128.596000,127.744000,128.257000
2018/06/22 13:00:00,128.276000,128.448000,127.687000,128.248000,128.257000,128.429000,127.666000,128.165000
2018/06/24 13:00:00,128.248000,128.297000,127.931000,128.194000,128.165000,128.192000,127.905000,128.116000
2018/06/24 21:00:00,128.194000,128.328000,127.550000,127.589000,128.116000,128.275000,127.530000,127.569000
2018/06/25 05:00:00,127.589000,128.244000,127.296000,128.105000,127.569000,128.223000,127.276000,128.086000
2018/06/25 13:00:00,128.105000,128.863000,127.871000,128.540000,128.086000,128.831000,127.851000,128.455000
2018/06/25 21:00:00,128.540000,128.563000,128.070000,128.235000,128.455000,128.457000,128.054000,128.216000
2018/06/26 05:00:00,128.235000,128.464000,127.810000,128.052000,128.216000,128.444000,127.792000,128.036000
2018/06/26 13:00:00,128.052000,128.385000,127.974000,128.204000,128.036000,128.368000,127.954000,128.166000
2018/06/26 21:00:00,128.204000,128.357000,127.907000,128.199000,128.166000,128.337000,127.889000,128.179000
2018/06/27 05:00:00,128.199000,128.326000,127.590000,127.865000,128.179000,128.306000,127.571000,127.844000
2018/06/27 13:00:00,127.865000,128.231000,127.269000,127.397000,127.844000,128.214000,127.250000,127.392000
2018/06/27 21:00:00,127.397000,127.617000,127.155000,127.538000,127.392000,127.597000,127.139000,127.518000
2018/06/28 05:00:00,127.538000,127.871000,127.223000,127.394000,127.518000,127.849000,127.201000,127.374000
2018/06/28 13:00:00,127.394000,127.934000,127.324000,127.832000,127.374000,127.916000,127.305000,127.811000
2018/06/28 21:00:00,127.832000,129.159000,127.693000,129.002000,127.811000,129.140000,127.643000,128.981000
2018/06/29 05:00:00,129.002000,129.171000,128.518000,128.809000,128.981000,129.149000,128.499000,128.789000
2018/06/29 13:00:00,128.809000,129.480000,128.752000,129.390000,128.789000,129.462000,128.729000,129.305000
2018/07/01 13:00:00,129.390000,129.408000,128.608000,129.353000,129.305000,129.317000,128.570000,129.232000
2018/07/01 21:00:00,129.353000,129.510000,129.070000,129.092000,129.232000,129.491000,129.052000,129.074000
2018/07/02 05:00:00,129.092000,129.101000,128.641000,128.758000,129.074000,129.082000,128.621000,128.738000
2018/07/02 13:00:00,128.758000,129.119000,128.430000,129.085000,128.738000,129.102000,128.409000,129.049000
2018/07/02 21:00:00,129.085000,129.281000,128.742000,128.945000,129.049000,129.264000,128.724000,128.927000
2018/07/03 05:00:00,128.945000,129.575000,128.886000,129.002000,128.927000,129.556000,128.864000,128.982000
2018/07/03 13:00:00,129.002000,129.067000,128.741000,129.011000,128.982000,129.050000,128.721000,128.904000
2018/07/03 21:00:00,129.011000,129.018000,128.710000,128.834000,128.904000,128.947000,128.691000,128.815000
2018/07/04 05:00:00,128.834000,128.936000,128.511000,128.652000,128.815000,128.916000,128.492000,128.629000
2018/07/04 13:00:00,128.652000,128.974000,128.608000,128.836000,128.629000,128.956000,128.590000,128.742000
2018/07/04 21:00:00,128.836000,128.962000,128.585000,128.681000,128.742000,128.942000,128.568000,128.662000
2018/07/05 05:00:00,128.681000,129.643000,128.619000,129.534000,128.662000,129.624000,128.601000,129.515000
2018/07/05 13:00:00,129.534000,129.536000,129.126000,129.387000,129.515000,129.518000,129.107000,129.264000
2018/07/05 21:00:00,129.387000,129.548000,129.253000,129.346000,129.264000,129.528000,129.204000,129.323000
2018/07/06 05:00:00,129.346000,129.975000,129.302000,129.851000,129.323000,129.953000,129.283000,129.833000
2018/07/06 13:00:00,129.851000,129.977000,129.640000,129.774000,129.833000,129.961000,129.637000,129.693000
2018/07/08 13:00:00,129.774000,129.776000,129.600000,129.697000,129.693000,129.693000,129.521000,129.576000
2018/07/08 21:00:00,129.697000,129.981000,129.694000,129.911000,129.576000,129.962000,129.576000,129.892000
2018/07/09 05:00:00,129.911000,130.229000,129.871000,130.149000,129.892000,130.211000,129.854000,130.131000
2018/07/09 13:00:00,130.149000,130.276000,130.023000,130.265000,130.131000,130.252000,130.004000,130.243000
2018/07/09 21:00:00,130.265000,130.588000,130.207000,130.526000,130.243000,130.571000,130.183000,130.508000
2018/07/10 05:00:00,130.526000,130.612000,130.109000,130.306000,130.508000,130.594000,130.089000,130.287000
2018/07/10 13:00:00,130.306000,130.753000,130.246000,130.379000,130.287000,130.734000,130.228000,130.344000
2018/07/10 21:00:00,130.379000,130.429000,129.924000,130.212000,130.344000,130.410000,129.903000,130.192000
2018/07/11 05:00:00,130.212000,130.703000,130.067000,130.607000,130.192000,130.683000,130.049000,130.587000
2018/07/11 13:00:00,130.607000,130.971000,130.381000,130.761000,130.587000,130.953000,130.363000,130.726000
2018/07/11 21:00:00,130.761000,131.195000,130.686000,131.087000,130.726000,131.176000,130.661000,131.071000
2018/07/12 05:00:00,131.087000,131.484000,131.040000,131.311000,131.071000,131.466000,131.021000,131.290000
2018/07/12 13:00:00,131.311000,131.486000,131.221000,131.375000,131.290000,131.467000,131.205000,131.334000
2018/07/12 21:00:00,131.375000,131.542000,131.284000,131.361000,131.334000,131.525000,131.238000,131.341000
2018/07/13 05:00:00,131.361000,131.373000,130.817000,131.035000,131.341000,131.354000,130.797000,131.016000
2018/07/13 13:00:00,131.035000,131.341000,130.940000,131.314000,131.016000,131.317000,130.921000,131.260000
2018/07/15 13:00:00,131.314000,131.368000,131.118000,131.238000,131.260000,131.310000,131.039000,131.152000
2018/07/15 21:00:00,131.238000,131.581000,131.144000,131.456000,131.152000,131.561000,131.073000,131.436000
2018/07/16 05:00:00,131.456000,131.709000,131.444000,131.574000,131.436000,131.690000,131.424000,131.557000
2018/07/16 13:00:00,131.574000,131.665000,131.416000,131.545000,131.557000,131.646000,131.398000,131.492000
2018/07/16 21:00:00,131.545000,131.773000,131.480000,131.706000,131.492000,131.754000,131.434000,131.688000
2018/07/17 05:00:00,131.706000,131.949000,131.633000,131.787000,131.688000,131.929000,131.614000,131.767000
2018/07/17 13:00:00,131.787000,131.995000,131.540000,131.644000,131.767000,131.978000,131.520000,131.604000
2018/07/17 21:00:00,131.644000,131.787000,131.524000,131.563000,131.604000,131.768000,131.505000,131.544000
2018/07/18 05:00:00,131.563000,131.612000,130.894000,131.140000,131.544000,131.594000,130.873000,131.120000
2018/07/18 13:00:00,131.140000,131.507000,131.106000,131.368000,131.120000,131.489000,131.090000,131.340000
2018/07/18 21:00:00,131.368000,131.444000,131.194000,131.318000,131.340000,131.421000,131.178000,131.300000
2018/07/19 05:00:00,131.318000,131.395000,130.926000,131.033000,131.300000,131.375000,130.909000,131.016000
2018/07/19 13:00:00,131.033000,131.181000,130.739000,130.965000,131.016000,131.160000,130.720000,130.921000
2018/07/19 21:00:00,130.965000,131.223000,130.605000,130.903000,130.921000,131.204000,130.590000,130.882000
2018/07/20 05:00:00,130.903000,131.139000,130.786000,130.921000,130.882000,131.121000,130.768000,130.899000
2018/07/20 13:00:00,130.921000,131.056000,130.569000,130.716000,130.899000,131.040000,130.540000,130.595000
2018/07/22 13:00:00,130.716000,130.716000,130.457000,130.677000,130.595000,130.627000,130.422000,130.582000
2018/07/22 21:00:00,130.677000,130.761000,130.131000,130.178000,130.582000,130.739000,130.114000,130.159000
2018/07/23 05:00:00,130.178000,130.424000,129.870000,130.394000,130.159000,130.407000,129.853000,130.376000
2018/07/23 13:00:00,130.394000,130.460000,130.192000,130.217000,130.376000,130.441000,130.173000,130.181000
2018/07/23 21:00:00,130.217000,130.388000,129.822000,130.023000,130.181000,130.370000,129.804000,130.005000
2018/07/24 05:00:00,130.023000,130.143000,129.751000,130.017000,130.005000,130.126000,129.734000,129.998000
2018/07/24 13:00:00,130.017000,130.109000,129.798000,129.950000,129.998000,130.091000,129.779000,129.914000
2018/07/24 21:00:00,129.950000,130.203000,129.876000,129.970000,129.914000,130.185000,129.837000,129.949000
2018/07/25 05:00:00,129.970000,130.133000,129.783000,129.940000,129.949000,130.114000,129.765000,129.920000
2018/07/25 13:00:00,129.940000,130.279000,129.419000,130.174000,129.920000,130.260000,129.402000,130.141000
2018/07/25 21:00:00,130.174000,130.299000,129.919000,129.992000,130.141000,130.257000,129.902000,129.974000
2018/07/26 05:00:00,129.992000,130.039000,129.661000,129.795000,129.974000,130.020000,129.645000,129.774000
2018/07/26 13:00:00,129.795000,129.847000,129.455000,129.523000,129.774000,129.827000,129.437000,129.497000
2018/07/26 21:00:00,129.523000,129.546000,129.212000,129.317000,129.497000,129.509000,129.194000,129.298000
2018/07/27 05:00:00,129.317000,129.448000,129.137000,129.181000,129.298000,129.431000,129.119000,129.162000
2018/07/27 13:00:00,129.181000,129.493000,129.177000,129.451000,129.162000,129.462000,129.160000,129.330000
2018/07/29 13:00:00,129.451000,129.593000,129.348000,129.391000,129.330000,129.499000,129.242000,129.282000
2018/07/29 21:00:00,129.391000,129.558000,129.315000,129.475000,129.282000,129.540000,129.263000,129.457000
2018/07/30 05:00:00,129.475000,129.903000,129.453000,129.895000,129.457000,129.884000,129.435000,129.875000
2018/07/30 13:00:00,129.895000,130.084000,129.860000,130.007000,129.875000,130.065000,129.843000,129.970000
2018/07/30 21:00:00,130.007000,130.416000,129.718000,130.112000,129.970000,130.395000,129.683000,130.094000
2018/07/31 05:00:00,130.112000,130.951000,130.084000,130.787000,130.094000,130.932000,130.066000,130.768000
2018/07/31 13:00:00,130.787000,131.162000,130.701000,130.802000,130.768000,131.145000,130.683000,130.777000
2018/07/31 21:00:00,130.802000,130.859000,130.569000,130.777000,130.777000,130.822000,130.551000,130.757000
2018/08/01 05:00:00,130.777000,131.116000,130.673000,130.856000,130.757000,131.099000,130.654000,130.837000
2018/08/01 13:00:00,130.856000,130.876000,130.042000,130.284000,130.837000,130.859000,130.023000,130.258000
2018/08/01 21:00:00,130.284000,130.338000,129.906000,129.989000,130.258000,130.290000,129.888000,129.970000
2018/08/02 05:00:00,129.989000,130.071000,129.258000,129.525000,129.970000,130.053000,129.242000,129.504000
2018/08/02 13:00:00,129.525000,129.628000,129.337000,129.369000,129.504000,129.608000,129.318000,129.332000
2018/08/02 21:00:00,129.369000,129.536000,129.298000,129.477000,129.332000,129.517000,129.277000,129.457000
2018/08/03 05:00:00,129.477000,129.545000,129.196000,129.244000,129.457000,129.527000,129.176000,129.224000
2018/08/03 13:00:00,129.244000,129.257000,128.652000,128.722000,129.224000,129.238000,128.628000,128.685000
2018/08/05 13:00:00,128.722000,128.799000,128.694000,128.735000,128.685000,128.707000,128.613000,128.642000
2018/08/05 21:00:00,128.735000,128.771000,128.531000,128.696000,128.642000,128.752000,128.512000,128.677000
2018/08/06 05:00:00,128.696000,128.769000,128.518000,128.665000,128.677000,128.749000,128.498000,128.646000
2018/08/06 13:00:00,128.665000,128.893000,128.644000,128.724000,128.646000,128.875000,128.625000,128.697000
2018/08/06 21:00:00,128.724000,128.756000,128.606000,128.695000,128.697000,128.726000,128.586000,128.676000
2018/08/07 05:00:00,128.695000,129.006000,128.615000,128.849000,128.676000,128.990000,128.596000,128.829000
2018/08/07 13:00:00,128.849000,129.243000,128.822000,129.209000,128.829000,129.225000,128.802000,129.175000
2018/08/07 21:00:00,129.209000,129.467000,129.162000,129.330000,129.175000,129.449000,129.130000,129.312000
2018/08/08 05:00:00,129.330000,129.391000,128.570000,128.713000,129.312000,129.372000,128.550000,128.695000
2018/08/08 13:00:00,128.713000,128.959000,128.611000,128.853000,128.695000,128.943000,128.594000,128.823000
2018/08/08 21:00:00,128.853000,128.951000,128.500000,128.748000,128.823000,128.879000,128.484000,128.730000
2018/08/09 05:00:00,128.748000,129.020000,128.585000,128.749000,128.730000,129.002000,128.567000,128.728000
2018/08/09 13:00:00,128.749000,128.751000,128.053000,128.066000,128.728000,128.730000,128.026000,128.032000
2018/08/09 21:00:00,128.066000,128.125000,127.578000,127.603000,128.032000,128.103000,127.559000,127.584000
2018/08/10 05:00:00,127.603000,127.649000,126.797000,127.087000,127.584000,127.630000,126.781000,127.068000
2018/08/10 13:00:00,127.087000,127.174000,126.021000,126.527000,127.068000,127.155000,126.002000,126.425000
2018/08/12 13:00:00,126.527000,126.527000,125.476000,125.685000,126.425000,126.425000,125.390000,125.586000
2018/08/12 21:00:00,125.685000,126.241000,125.158000,125.221000,125.586000,126.219000,125.138000,125.201000
2018/08/13 05:00:00,125.221000,126.556000,125.216000,126.458000,125.201000,126.537000,125.196000,126.438000
2018/08/13 13:00:00,126.458000,126.791000,125.985000,126.363000,126.438000,126.772000,125.965000,126.296000
2018/08/13 21:00:00,126.363000,126.581000,126.060000,126.370000,126.296000,126.561000,126.044000,126.350000
2018/08/14 05:00:00,126.370000,127.002000,126.259000,126.322000,126.350000,126.984000,126.239000,126.304000
2018/08/14 13:00:00,126.322000,126.342000,125.819000,126.112000,126.304000,126.324000,125.800000,126.075000
2018/08/14 21:00:00,126.112000,126.383000,125.874000,126.057000,126.075000,126.363000,125.857000,126.037000
2018/08/15 05:00:00,126.057000,126.323000,125.457000,125.472000,126.037000,126.307000,125.437000,125.452000
2018/08/15 13:00:00,125.472000,125.735000,124.914000,125.664000,125.452000,125.716000,124.895000,125.633000
2018/08/15 21:00:00,125.664000,126.304000,125.295000,126.112000,125.633000,126.284000,125.275000,126.092000
2018/08/16 05:00:00,126.112000,126.384000,125.716000,125.765000,126.092000,126.367000,125.697000,125.745000
2018/08/16 13:00:00,125.765000,126.501000,125.734000,126.173000,125.745000,126.482000,125.714000,126.155000
2018/08/16 21:00:00,126.173000,126.285000,126.045000,126.167000,126.155000,126.265000,126.024000,126.147000
2018/08/17 05:00:00,126.167000,126.445000,125.588000,125.917000,126.147000,126.428000,125.570000,125.901000
2018/08/17 13:00:00,125.917000,126.619000,125.875000,126.420000,125.901000,126.600000,125.855000,126.379000
2018/08/19 13:00:00,126.420000,126.583000,126.420000,126.542000,126.379000,126.513000,126.360000,126.486000
2018/08/19 21:00:00,126.542000,126.546000,126.243000,126.404000,126.486000,126.500000,126.226000,126.385000
2018/08/20 05:00:00,126.404000,126.430000,126.086000,126.169000,126.385000,126.411000,126.067000,126.148000
2018/08/20 13:00:00,126.169000,126.475000,126.132000,126.403000,126.148000,126.457000,126.115000,126.367000
2018/08/20 21:00:00,126.403000,126.960000,126.271000,126.904000,126.367000,126.942000,126.253000,126.884000
2018/08/21 05:00:00,126.904000,127.174000,126.657000,126.983000,126.884000,127.156000,126.639000,126.964000
2018/08/21 13:00:00,126.983000,128.066000,126.883000,127.643000,126.964000,128.047000,126.866000,127.616000
2018/08/21 21:00:00,127.643000,127.917000,127.359000,127.849000,127.616000,127.901000,127.340000,127.830000
2018/08/22 05:00:00,127.849000,128.248000,127.531000,128.233000,127.830000,128.230000,127.512000,128.215000
2018/08/22 13:00:00,128.233000,128.290000,127.968000,128.228000,128.215000,128.274000,127.950000,128.190000
2018/08/22 21:00:00,128.228000,128.280000,127.928000,128.062000,128.190000,128.262000,127.909000,128.043000
2018/08/23 05:00:00,128.062000,128.437000,128.002000,128.340000,128.043000,128.419000,127.983000,128.319000
2018/08/23 13:00:00,128.340000,128.779000,128.255000,128.446000,128.319000,128.758000,128.236000,128.388000
2018/08/23 21:00:00,128.446000,128.848000,128.397000,128.831000,128.388000,128.832000,128.357000,128.812000
2018/08/24 05:00:00,128.831000,129.132000,128.724000,129.081000,128.812000,129.114000,128.704000,129.062000
2018/08/24 13:00:00,129.081000,129.432000,129.061000,129.309000,129.062000,129.413000,129.044000,129.249000
2018/08/26 13:00:00,129.309000,129.516000,129.279000,129.332000,129.249000,129.447000,129.243000,129.276000
2018/08/26 21:00:00,129.332000,129.696000,128.984000,129.076000,129.276000,129.677000,128.965000,129.058000
2018/08/27 05:00:00,129.076000,129.237000,128.805000,129.218000,129.058000,129.220000,128.786000,129.199000
2018/08/27 13:00:00,129.218000,129.846000,129.178000,129.736000,129.199000,129.827000,129.159000,129.699000
2018/08/27 21:00:00,129.736000,130.059000,129.667000,129.857000,129.699000,130.040000,129.633000,129.838000
2018/08/28 05:00:00,129.857000,130.181000,129.720000,130.155000,129.838000,130.163000,129.701000,130.135000
2018/08/28 13:00:00,130.155000,130.286000,130.013000,130.044000,130.135000,130.267000,129.994000,130.012000
2018/08/28 21:00:00,130.044000,130.216000,129.919000,130.103000,130.012000,130.199000,129.900000,130.085000
2018/08/29 05:00:00,130.103000,130.123000,129.594000,129.910000,130.085000,130.106000,129.575000,129.890000
2018/08/29 13:00:00,129.910000,130.859000,129.895000,130.764000,129.890000,130.840000,129.875000,130.727000
2018/08/29 21:00:00,130.764000,130.877000,130.486000,130.642000,130.727000,130.858000,130.468000,130.623000
2018/08/30 05:00:00,130.642000,130.798000,130.048000,130.051000,130.623000,130.780000,130.029000,130.031000
2018/08/30 13:00:00,130.051000,130.131000,129.427000,129.538000,130.031000,130.111000,129.409000,129.522000
2018/08/30 21:00:00,129.538000,129.656000,129.338000,129.559000,129.522000,129.637000,129.314000,129.536000
2018/08/31 05:00:00,129.559000,129.856000,128.887000,128.947000,129.536000,129.839000,128.868000,128.929000
2018/08/31 13:00:00,128.947000,129.153000,128.568000,128.932000,128.929000,129.135000,128.549000,128.822000
2018/09/02 13:00:00,128.932000,128.932000,128.853000,128.885000,128.822000,128.854000,128.766000,128.777000
2018/09/02 21:00:00,128.885000,128.977000,128.585000,128.735000,128.777000,128.957000,128.567000,128.716000
2018/09/03 05:00:00,128.735000,129.130000,128.605000,128.986000,128.716000,129.112000,128.587000,128.966000
2018/09/03 13:00:00,128.986000,129.160000,128.973000,129.089000,128.966000,129.142000,128.954000,129.008000
2018/09/03 21:00:00,129.089000,129.115000,128.728000,128.980000,129.008000,129.066000,128.707000,128.963000
2018/09/04 05:00:00,128.980000,129.159000,128.517000,128.708000,128.963000,129.140000,128.498000,128.689000
2018/09/04 13:00:00,128.708000,129.209000,128.327000,129.112000,128.689000,129.191000,128.311000,129.042000
2018/09/04 21:00:00,129.112000,129.541000,129.028000,129.343000,129.042000,129.524000,129.004000,129.324000
2018/09/05 05:00:00,129.343000,129.447000,128.609000,129.148000,129.324000,129.428000,128.592000,129.128000
2018/09/05 13:00:00,129.148000,129.993000,129.147000,129.728000,129.128000,129.977000,129.128000,129.693000
2018/09/05 21:00:00,129.728000,129.850000,129.445000,129.581000,129.693000,129.830000,129.425000,129.561000
2018/09/06 05:00:00,129.581000,129.660000,129.304000,129.463000,129.561000,129.644000,129.285000,129.445000
2018/09/06 13:00:00,129.463000,129.501000,128.507000,128.755000,129.445000,129.482000,128.487000,128.706000
2018/09/06 21:00:00,128.755000,128.767000,128.235000,128.596000,128.706000,128.712000,128.214000,128.575000
2018/09/07 05:00:00,128.596000,129.116000,128.425000,128.452000,128.575000,129.097000,128.407000,128.434000
2018/09/07 13:00:00,128.452000,128.846000,128.026000,128.371000,128.434000,128.827000,128.009000,128.257000
2018/09/09 13:00:00,128.371000,128.371000,128.146000,128.306000,128.257000,128.257000,128.103000,128.230000
2018/09/09 21:00:00,128.306000,128.406000,128.072000,128.141000,128.230000,128.386000,128.053000,128.121000
2018/09/10 05:00:00,128.141000,128.974000,127.874000,128.960000,128.121000,128.952000,127.857000,128.941000
2018/09/10 13:00:00,128.960000,129.083000,128.836000,128.852000,128.941000,129.064000,128.784000,128.785000
2018/09/10 21:00:00,128.852000,129.302000,128.809000,129.246000,128.785000,129.283000,128.751000,129.226000
2018/09/11 05:00:00,129.246000,129.838000,128.780000,128.992000,129.226000,129.819000,128.760000,128.972000
2018/09/11 13:00:00,128.992000,129.581000,128.952000,129.559000,128.972000,129.560000,128.932000,129.536000
2018/09/11 21:00:00,129.559000,129.588000,129.162000,129.217000,129.536000,129.544000,129.143000,129.198000
2018/09/12 05:00:00,129.217000,129.399000,129.011000,129.026000,129.198000,129.379000,128.996000,129.011000
2018/09/12 13:00:00,129.026000,129.821000,128.941000,129.372000,129.011000,129.803000,128.928000,129.335000
2018/09/12 21:00:00,129.372000,129.767000,129.271000,129.522000,129.335000,129.750000,129.252000,129.502000
2018/09/13 05:00:00,129.522000,130.221000,129.449000,130.213000,129.502000,130.202000,129.429000,130.194000
2018/09/13 13:00:00,130.213000,130.953000,130.081000,130.874000,130.194000,130.935000,130.066000,130.847000
2018/09/13 21:00:00,130.874000,131.050000,130.719000,130.823000,130.847000,131.034000,130.702000,130.803000
2018/09/14 05:00:00,130.823000,131.124000,130.719000,130.746000,130.803000,131.109000,130.703000,130.725000
2018/09/14 13:00:00,130.746000,130.817000,130.190000,130.273000,130.725000,130.798000,130.170000,130.227000
2018/09/16 13:00:00,130.273000,130.318000,130.158000,130.298000,130.227000,130.260000,130.104000,130.202000
2018/09/16 21:00:00,130.298000,130.417000,130.130000,130.311000,130.202000,130.400000,130.110000,130.291000
2018/09/17 05:00:00,130.311000,130.894000,130.111000,130.883000,130.291000,130.877000,130.091000,130.864000
2018/09/17 13:00:00,130.883000,131.055000,130.586000,130.698000,130.864000,131.037000,130.567000,130.665000
2018/09/17 21:00:00,130.698000,131.039000,130.310000,130.953000,130.665000,131.022000,130.290000,130.933000
2018/09/18 05:00:00,130.953000,131.488000,130.681000,131.337000,130.933000,131.472000,130.661000,131.317000
2018/09/18 13:00:00,131.337000,131.510000,130.885000,131.113000,131.317000,131.492000,130.867000,131.074000
2018/09/18 21:00:00,131.113000,131.266000,130.924000,131.176000,131.074000,131.249000,130.907000,131.156000
2018/09/19 05:00:00,131.176000,131.692000,130.927000,131.167000,131.156000,131.675000,130.909000,131.146000
2018/09/19 13:00:00,131.167000,131.330000,130.791000,131.096000,131.146000,131.308000,130.772000,131.044000
2018/09/19 21:00:00,131.096000,131.214000,130.958000,131.039000,131.044000,131.193000,130.937000,131.022000
2018/09/20 05:00:00,131.039000,132.069000,130.921000,131.981000,131.022000,132.050000,130.900000,131.960000
2018/09/20 13:00:00,131.981000,132.550000,131.721000,132.523000,131.960000,132.512000,131.702000,132.470000
2018/09/20 21:00:00,132.523000,132.893000,132.422000,132.799000,132.470000,132.876000,132.404000,132.780000
2018/09/21 05:00:00,132.799000,133.142000,132.389000,132.551000,132.780000,133.123000,132.370000,132.532000
2018/09/21 13:00:00,132.551000,132.557000,132.169000,132.312000,132.532000,132.538000,132.148000,132.226000
2018/09/23 13:00:00,132.312000,132.312000,131.972000,132.142000,132.226000,132.226000,131.872000,132.035000
2018/09/23 21:00:00,132.142000,132.311000,132.124000,132.226000,132.035000,132.294000,132.019000,132.207000
2018/09/24 05:00:00,132.226000,132.688000,131.913000,132.383000,132.207000,132.669000,131.895000,132.365000
2018/09/24 13:00:00,132.383000,133.083000,132.358000,132.519000,132.365000,133.066000,132.341000,132.466000
2018/09/24 21:00:00,132.519000,132.801000,132.381000,132.535000,132.466000,132.787000,132.362000,132.515000
2018/09/25 05:00:00,132.535000,132.979000,132.471000,132.912000,132.515000,132.962000,132.451000,132.896000
2018/09/25 13:00:00,132.912000,133.122000,132.789000,132.939000,132.896000,133.102000,132.773000,132.917000
2018/09/25 21:00:00,132.939000,132.981000,132.796000,132.832000,132.917000,132.960000,132.778000,132.814000
2018/09/26 05:00:00,132.832000,132.927000,132.561000,132.665000,132.814000,132.910000,132.545000,132.646000
2018/09/26 13:00:00,132.665000,133.131000,132.243000,132.358000,132.646000,133.112000,132.222000,132.328000
2018/09/26 21:00:00,132.358000,132.688000,132.323000,132.461000,132.328000,132.671000,132.289000,132.442000
2018/09/27 05:00:00,132.461000,132.495000,131.585000,131.942000,132.442000,132.477000,131.569000,131.925000
2018/09/27 13:00:00,131.942000,132.535000,131.905000,132.013000,131.925000,132.517000,131.886000,131.961000
2018/09/27 21:00:00,132.013000,132.318000,131.871000,132.222000,131.961000,132.300000,131.854000,132.205000
2018/09/28 05:00:00,132.222000,132.304000,131.190000,131.363000,132.205000,132.287000,131.173000,131.344000
2018/09/28 13:00:00,131.363000,132.042000,131.269000,131.959000,131.344000,132.023000,131.253000,131.887000
2018/09/30 13:00:00,131.959000,132.356000,131.932000,132.197000,131.887000,132.314000,131.822000,132.119000
2018/09/30 21:00:00,132.197000,132.226000,131.982000,132.116000,132.119000,132.208000,131.965000,132.096000
2018/10/01 05:00:00,132.116000,132.474000,131.920000,132.276000,132.096000,132.455000,131.903000,132.259000
2018/10/01 13:00:00,132.276000,132.310000,131.746000,131.960000,132.259000,132.293000,131.729000,131.898000
2018/10/01 21:00:00,131.960000,132.011000,131.774000,131.861000,131.898000,131.992000,131.756000,131.840000
2018/10/02 05:00:00,131.861000,131.864000,130.723000,131.318000,131.840000,131.846000,130.705000,131.299000
2018/10/02 13:00:00,131.318000,131.524000,131.092000,131.281000,131.299000,131.508000,131.074000,131.227000
2018/10/02 21:00:00,131.281000,131.989000,130.978000,131.596000,131.227000,131.969000,130.960000,131.577000
2018/10/03 05:00:00,131.596000,131.976000,131.262000,131.297000,131.577000,131.958000,131.243000,131.278000
2018/10/03 13:00:00,131.297000,131.842000,131.265000,131.481000,131.278000,131.824000,131.248000,131.434000
2018/10/03 21:00:00,131.481000,131.545000,131.010000,131.167000,131.434000,131.481000,130.992000,131.148000
2018/10/04 05:00:00,131.167000,131.586000,131.096000,131.354000,131.148000,131.567000,131.076000,131.337000
2018/10/04 13:00:00,131.354000,131.587000,130.755000,131.220000,131.337000,131.569000,130.736000,131.145000
2018/10/04 21:00:00,131.220000,131.374000,131.047000,131.160000,131.145000,131.357000,131.030000,131.141000
2018/10/05 05:00:00,131.160000,131.343000,130.804000,131.231000,131.141000,131.326000,130.785000,131.213000
2018/10/05 13:00:00,131.231000,131.428000,130.613000,131.035000,131.213000,131.410000,130.594000,130.955000
2018/10/07 13:00:00,131.035000,131.265000,131.035000,131.189000,130.955000,131.165000,130.955000,131.079000
2018/10/07 21:00:00,131.189000,131.259000,130.964000,131.078000,131.079000,131.241000,130.944000,131.058000
2018/10/08 05:00:00,131.078000,131.120000,129.939000,129.984000,131.058000,131.102000,129.919000,129.967000
2018/10/08 13:00:00,129.984000,130.149000,129.519000,130.147000,129.967000,130.129000,129.501000,130.107000
2018/10/08 21:00:00,130.147000,130.212000,129.748000,130.015000,130.107000,130.112000,129.729000,129.994000
2018/10/09 05:00:00,130.015000,130.241000,129.349000,129.758000,129.994000,130.222000,129.332000,129.742000
2018/10/09 13:00:00,129.758000,130.190000,129.569000,129.820000,129.742000,130.172000,129.551000,129.783000
2018/10/09 21:00:00,129.820000,130.247000,129.813000,130.111000,129.783000,130.228000,129.749000,130.091000
2018/10/10 05:00:00,130.111000,130.373000,129.831000,130.256000,130.091000,130.357000,129.813000,130.236000
2018/10/10 13:00:00,130.256000,130.511000,129.309000,129.341000,130.236000,130.493000,129.288000,129.305000
2018/10/10 21:00:00,129.341000,129.831000,129.220000,129.713000,129.305000,129.812000,129.202000,129.693000
2018/10/11 05:00:00,129.713000,130.225000,129.425000,129.988000,129.693000,130.207000,129.406000,129.972000
2018/10/11 13:00:00,129.988000,130.173000,129.552000,130.049000,129.972000,130.154000,129.533000,130.024000
2018/10/11 21:00:00,130.049000,130.437000,129.869000,130.392000,130.024000,130.418000,129.845000,130.373000
2018/10/12 05:00:00,130.392000,130.511000,129.694000,129.799000,130.373000,130.492000,129.677000,129.781000
2018/10/12 13:00:00,129.799000,129.881000,129.367000,129.759000,129.781000,129.863000,129.349000,129.677000
2018/10/14 13:00:00,129.759000,129.759000,129.443000,129.509000,129.677000,129.677000,129.368000,129.406000
2018/10/14 21:00:00,129.509000,129.662000,129.294000,129.412000,129.406000,129.643000,129.276000,129.392000
2018/10/15 05:00:00,129.412000,129.799000,129.135000,129.796000,129.392000,129.780000,129.118000,129.777000
2018/10/15 13:00:00,129.796000,129.808000,129.346000,129.441000,129.777000,129.791000,129.329000,129.397000
2018/10/15 21:00:00,129.441000,129.843000,129.438000,129.664000,129.397000,129.825000,129.391000,129.645000
2018/10/16 05:00:00,129.664000,130.071000,129.578000,129.984000,129.645000,130.052000,129.560000,129.967000
2018/10/16 13:00:00,129.984000,130.306000,129.858000,129.943000,129.967000,130.292000,129.838000,129.902000
2018/10/16 21:00:00,129.943000,130.169000,129.739000,129.773000,129.902000,130.151000,129.719000,129.755000
2018/10/17 05:00:00,129.773000,129.931000,129.338000,129.508000,129.755000,129.909000,129.320000,129.490000
2018/10/17 13:00:00,129.508000,129.606000,129.184000,129.584000,129.490000,129.589000,129.165000,129.546000
2018/10/17 21:00:00,129.584000,129.702000,129.330000,129.401000,129.546000,129.624000,129.312000,129.382000
2018/10/18 05:00:00,129.401000,129.741000,129.127000,129.443000,129.382000,129.722000,129.108000,129.423000
2018/10/18 13:00:00,129.443000,129.479000,128.333000,128.550000,129.423000,129.460000,128.313000,128.474000
2018/10/18 21:00:00,128.550000,128.875000,128.487000,128.757000,128.474000,128.856000,128.441000,128.737000
2018/10/19 05:00:00,128.757000,129.150000,128.565000,128.934000,128.737000,129.130000,128.546000,128.914000
2018/10/19 13:00:00,128.934000,129.698000,128.851000,129.599000,128.914000,129.678000,128.832000,129.523000
2018/10/21 13:00:00,129.599000,129.708000,129.533000,129.698000,129.523000,129.666000,129.482000,129.647000
2018/10/21 21:00:00,129.698000,129.752000,129.211000,129.630000,129.647000,129.733000,129.196000,129.611000
2018/10/22 05:00:00,129.630000,130.213000,129.508000,129.509000,129.611000,130.194000,129.490000,129.490000
2018/10/22 13:00:00,129.509000,129.561000,129.230000,129.364000,129.490000,129.541000,129.210000,129.319000
2018/10/22 21:00:00,129.364000,129.405000,128.851000,128.940000,129.319000,129.372000,128.832000,128.920000
2018/10/23 05:00:00,128.940000,129.034000,128.591000,128.622000,128.920000,129.015000,128.570000,128.603000
2018/10/23 13:00:00,128.622000,129.097000,128.223000,129.008000,128.603000,129.078000,128.204000,128.973000
2018/10/23 21:00:00,129.008000,129.228000,128.780000,129.179000,128.973000,129.209000,128.761000,129.159000
2018/10/24 05:00:00,129.179000,129.203000,128.282000,128.500000,129.159000,129.185000,128.263000,128.481000
2018/10/24 13:00:00,128.500000,128.526000,127.782000,127.896000,128.481000,128.510000,127.762000,127.864000
2018/10/24 21:00:00,127.896000,128.001000,127.506000,127.928000,127.864000,127.984000,127.488000,127.910000
2018/10/25 05:00:00,127.928000,128.451000,127.744000,128.388000,127.910000,128.431000,127.724000,128.371000
2018/10/25 13:00:00,128.388000,128.413000,127.727000,127.881000,128.371000,128.394000,127.707000,127.819000
2018/10/25 21:00:00,127.881000,127.941000,127.431000,127.586000,127.819000,127.879000,127.411000,127.566000
2018/10/26 05:00:00,127.586000,127.702000,126.946000,127.221000,127.566000,127.682000,126.925000,127.199000
2018/10/26 13:00:00,127.221000,127.760000,126.643000,127.639000,127.199000,127.742000,126.625000,127.566000
2018/10/28 13:00:00,127.639000,127.639000,127.408000,127.498000,127.566000,127.566000,127.333000,127.414000
2018/10/28 21:00:00,127.498000,127.672000,127.331000,127.568000,127.414000,127.654000,127.314000,127.549000
2018/10/29 05:00:00,127.568000,128.245000,127.258000,127.928000,127.549000,128.232000,127.241000,127.910000
2018/10/29 13:00:00,127.928000,128.197000,127.734000,127.815000,127.910000,128.180000,127.716000,127.788000
2018/10/29 21:00:00,127.815000,128.316000,127.747000,128.283000,127.788000,128.298000,127.725000,128.264000
2018/10/30 05:00:00,128.283000,128.409000,128.021000,128.365000,128.264000,128.392000,128.004000,128.344000
2018/10/30 13:00:00,128.365000,128.450000,127.975000,128.350000,128.344000,128.432000,127.956000,128.304000
2018/10/30 21:00:00,128.350000,128.555000,128.243000,128.439000,128.304000,128.540000,128.225000,128.418000
2018/10/31 05:00:00,128.439000,128.554000,128.176000,128.218000,128.418000,128.536000,128.158000,128.199000
2018/10/31 13:00:00,128.218000,128.391000,127.667000,127.790000,128.199000,128.373000,127.650000,127.742000
2018/10/31 21:00:00,127.790000,128.108000,127.626000,128.033000,127.742000,128.089000,127.605000,128.013000
2018/11/01 05:00:00,128.033000,128.776000,127.950000,128.524000,128.013000,128.757000,127.929000,128.504000
2018/11/01 13:00:00,128.524000,128.706000,128.375000,128.624000,128.504000,128.687000,128.356000,128.561000
2018/11/01 21:00:00,128.624000,129.001000,128.383000,128.886000,128.561000,128.984000,128.364000,128.865000
2018/11/02 05:00:00,128.886000,129.338000,128.884000,128.988000,128.865000,129.318000,128.864000,128.969000
2018/11/02 13:00:00,128.988000,129.164000,128.607000,128.946000,128.969000,129.141000,128.588000,128.890000
2018/11/04 14:00:00,128.946000,129.113000,128.873000,128.898000,128.890000,129.027000,128.821000,128.822000
2018/11/04 22:00:00,128.898000,129.059000,128.798000,129.004000,128.822000,129.040000,128.779000,128.984000
2018/11/05 06:00:00,129.004000,129.141000,128.613000,128.828000,128.984000,129.123000,128.589000,128.809000
2018/11/05 14:00:00,128.828000,129.337000,128.821000,129.144000,128.809000,129.317000,128.802000,129.096000
2018/11/05 22:00:00,129.144000,129.314000,129.137000,129.268000,129.096000,129.296000,129.081000,129.249000
2018/11/06 06:00:00,129.268000,129.474000,128.865000,129.354000,129.249000,129.456000,128.844000,129.334000
2018/11/06 14:00:00,129.354000,129.655000,129.283000,129.648000,129.334000,129.630000,129.264000,129.579000
2018/11/06 22:00:00,129.648000,129.906000,129.442000,129.585000,129.579000,129.887000,129.423000,129.562000
2018/11/07 06:00:00,129.585000,130.159000,129.405000,130.038000,129.562000,130.140000,129.383000,130.020000
2018/11/07 14:00:00,130.038000,130.139000,129.660000,129.763000,130.020000,130.121000,129.639000,129.662000
2018/11/07 22:00:00,129.763000,129.997000,129.721000,129.956000,129.662000,129.981000,129.662000,129.938000
2018/11/08 06:00:00,129.956000,130.138000,129.708000,129.910000,129.938000,130.120000,129.688000,129.889000
2018/11/08 14:00:00,129.910000,130.107000,129.401000,129.630000,129.889000,130.087000,129.383000,129.599000
2018/11/08 22:00:00,129.630000,129.686000,129.189000,129.293000,129.599000,129.631000,129.171000,129.273000
2018/11/09 06:00:00,129.293000,129.333000,128.932000,129.288000,129.273000,129.314000,128.913000,129.268000
2018/11/09 14:00:00,129.288000,129.376000,128.747000,129.040000,129.268000,129.358000,128.729000,128.976000
2018/11/11 14:00:00,129.040000,129.040000,128.713000,128.871000,128.976000,128.976000,128.656000,128.767000
2018/11/11 22:00:00,128.871000,129.199000,128.871000,129.001000,128.767000,129.179000,128.767000,128.980000
2018/11/12 06:00:00,129.001000,129.072000,128.143000,128.301000,128.980000,129.052000,128.124000,128.281000
2018/11/12 14:00:00,128.301000,128.313000,127.665000,127.724000,128.281000,128.294000,127.644000,127.686000
2018/11/12 22:00:00,127.724000,128.321000,127.512000,128.129000,127.686000,128.300000,127.494000,128.109000
2018/11/13 06:00:00,128.129000,128.422000,128.042000,128.318000,128.109000,128.404000,128.024000,128.299000
2018/11/13 14:00:00,128.318000,128.765000,128.204000,128.573000,128.299000,128.746000,128.186000,128.473000
2018/11/13 22:00:00,128.573000,128.990000,128.469000,128.621000,128.473000,128.972000,128.417000,128.600000
2018/11/14 06:00:00,128.621000,128.837000,128.290000,128.652000,128.600000,128.817000,128.269000,128.635000
2018/11/14 14:00:00,128.652000,129.241000,128.141000,128.542000,128.635000,129.221000,128.122000,128.468000
2018/11/14 22:00:00,128.542000,128.694000,128.449000,128.676000,128.468000,128.677000,128.422000,128.658000
2018/11/15 06:00:00,128.676000,128.857000,127.812000,127.919000,128.658000,128.837000,127.790000,127.893000
2018/11/15 14:00:00,127.919000,129.066000,127.779000,128.788000,127.893000,129.046000,127.760000,128.686000
2018/11/15 22:00:00,128.788000,128.798000,128.473000,128.563000,128.686000,128.778000,128.455000,128.540000
2018/11/16 06:00:00,128.563000,128.769000,128.135000,128.591000,128.540000,128.749000,128.114000,128.573000
2018/11/16 14:00:00,128.591000,128.912000,128.476000,128.858000,128.573000,128.885000,128.457000,128.790000
2018/11/18 14:00:00,128.858000,128.858000,128.583000,128.820000,128.790000,128.790000,128.512000,128.720000
2018/11/18 22:00:00,128.820000,128.873000,128.477000,128.587000,128.720000,128.829000,128.458000,128.567000
2018/11/19 06:00:00,128.587000,129.013000,128.530000,128.951000,128.567000,128.994000,128.513000,128.931000
2018/11/19 14:00:00,128.951000,129.078000,128.655000,128.952000,128.931000,129.059000,128.636000,128.893000
2018/11/19 22:00:00,128.952000,129.007000,128.803000,128.874000,128.893000,128.989000,128.783000,128.854000
2018/11/20 06:00:00,128.874000,129.050000,128.157000,128.210000,128.854000,129.029000,128.135000,128.188000
2018/11/20 14:00:00,128.210000,128.598000,128.018000,128.285000,128.188000,128.578000,128.001000,128.228000
2018/11/20 22:00:00,128.285000,128.519000,128.132000,128.437000,128.228000,128.499000,128.110000,128.414000
2018/11/21 06:00:00,128.437000,129.091000,128.399000,128.850000,128.414000,129.071000,128.382000,128.833000
2018/11/21 14:00:00,128.850000,128.994000,128.709000,128.789000,128.833000,128.973000,128.687000,128.689000
2018/11/21 22:00:00,128.789000,128.962000,128.685000,128.831000,128.689000,128.876000,128.654000,128.811000
2018/11/22 06:00:00,128.831000,129.114000,128.708000,128.839000,128.811000,129.095000,128.689000,128.818000
2018/11/22 14:00:00,128.839000,128.929000,128.716000,128.863000,128.818000,128.908000,128.695000,128.761000
2018/11/22 22:00:00,128.863000,128.931000,128.783000,128.821000,128.761000,128.911000,128.731000,128.801000
2018/11/23 06:00:00,128.821000,128.891000,127.939000,127.988000,128.801000,128.874000,127.918000,127.971000
2018/11/23 14:00:00,127.988000,128.143000,127.834000,128.143000,127.971000,128.079000,127.810000,128.041000
2018/11/25 14:00:00,128.143000,128.143000,128.024000,128.099000,128.041000,128.072000,127.982000,128.017000
2018/11/25 22:00:00,128.099000,128.510000,127.940000,128.471000,128.017000,128.491000,127.920000,128.451000
2018/11/26 06:00:00,128.471000,128.929000,128.426000,128.775000,128.451000,128.911000,128.407000,128.755000
2018/11/26 14:00:00,128.775000,128.880000,128.603000,128.697000,128.755000,128.862000,128.583000,128.634000
2018/11/26 22:00:00,128.697000,128.753000,128.507000,128.721000,128.634000,128.736000,128.488000,128.701000
2018/11/27 06:00:00,128.721000,128.858000,128.390000,128.647000,128.701000,128.839000,128.371000,128.627000
2018/11/27 14:00:00,128.647000,128.748000,128.366000,128.494000,128.627000,128.729000,128.347000,128.420000
2018/11/27 22:00:00,128.494000,128.691000,128.415000,128.637000,128.420000,128.672000,128.361000,128.618000
2018/11/28 06:00:00,128.637000,128.702000,128.262000,128.500000,128.618000,128.683000,128.240000,128.480000
2018/11/28 14:00:00,128.500000,129.270000,128.395000,129.234000,128.480000,129.250000,128.375000,129.190000
2018/11/28 22:00:00,129.234000,129.293000,128.926000,128.953000,129.190000,129.211000,128.909000,128.936000
2018/11/29 06:00:00,128.953000,129.124000,128.683000,128.891000,128.936000,129.105000,128.666000,128.872000
2018/11/29 14:00:00,128.891000,129.336000,128.818000,129.312000,128.872000,129.286000,128.798000,129.276000
2018/11/29 22:00:00,129.312000,129.345000,129.064000,129.190000,129.276000,129.276000,129.044000,129.170000
2018/11/30 06:00:00,129.190000,129.245000,128.937000,128.943000,129.170000,129.225000,128.917000,128.925000
2018/11/30 14:00:00,128.943000,129.015000,128.427000,128.501000,128.925000,128.995000,128.406000,128.417000
2018/12/02 14:00:00,128.501000,129.398000,128.501000,129.123000,128.417000,129.359000,128.417000,129.023000
2018/12/02 22:00:00,129.123000,129.123000,128.746000,129.011000,129.023000,129.036000,128.725000,128.990000
2018/12/03 06:00:00,129.011000,129.162000,128.555000,128.593000,128.990000,129.142000,128.534000,128.573000
2018/12/03 14:00:00,128.593000,129.079000,128.579000,129.065000,128.573000,129.050000,128.558000,129.018000
2018/12/03 22:00:00,129.065000,129.101000,128.618000,128.701000,129.018000,129.032000,128.599000,128.679000
2018/12/04 06:00:00,128.701000,128.848000,128.471000,128.592000,128.679000,128.830000,128.453000,128.575000
2018/12/04 14:00:00,128.592000,128.688000,127.631000,127.959000,128.575000,128.669000,127.611000,127.907000
2018/12/04 22:00:00,127.959000,128.096000,127.798000,127.981000,127.907000,128.079000,127.782000,127.961000
2018/12/05 06:00:00,127.981000,128.450000,127.959000,128.410000,127.961000,128.432000,127.940000,128.391000
2018/12/05 14:00:00,128.410000,128.504000,128.039000,128.439000,128.391000,128.483000,128.015000,128.397000
2018/12/05 22:00:00,128.439000,128.482000,127.715000,127.929000,128.397000,128.420000,127.694000,127.910000
2018/12/06 06:00:00,127.929000,128.220000,127.684000,128.016000,127.910000,128.201000,127.663000,127.994000
2018/12/06 14:00:00,128.016000,128.323000,127.688000,128.217000,127.994000,128.304000,127.668000,128.133000
2018/12/06 22:00:00,128.217000,128.436000,128.148000,128.359000,128.133000,128.417000,128.103000,128.338000
2018/12/07 06:00:00,128.359000,128.594000,128.196000,128.436000,128.338000,128.575000,128.177000,128.417000
2018/12/07 14:00:00,128.436000,128.685000,128.235000,128.472000,128.417000,128.664000,128.215000,128.391000
2018/12/09 14:00:00,128.472000,128.472000,128.150000,128.332000,128.391000,128.391000,128.091000,128.252000
2018/12/09 22:00:00,128.332000,128.651000,128.187000,128.633000,128.252000,128.630000,128.164000,128.613000
2018/12/10 06:00:00,128.633000,128.895000,128.490000,128.792000,128.613000,128.877000,128.472000,128.774000
2018/12/10 14:00:00,128.792000,128.950000,128.268000,128.737000,128.774000,128.930000,128.248000,128.684000
2018/12/10 22:00:00,128.737000,128.764000,128.430000,128.604000,128.684000,128.684000,128.414000,128.584000
2018/12/11 06:00:00,128.604000,128.994000,128.522000,128.734000,128.584000,128.972000,128.504000,128.715000
2018/12/11 14:00:00,128.734000,128.763000,128.188000,128.316000,128.715000,128.745000,128.168000,128.279000
2018/12/11 22:00:00,128.316000,128.644000,128.309000,128.562000,128.279000,128.624000,128.248000,128.543000
2018/12/12 06:00:00,128.562000,128.809000,128.371000,128.759000,128.543000,128.790000,128.353000,128.739000
2018/12/12 14:00:00,128.759000,128.876000,128.599000,128.807000,128.739000,128.858000,128.580000,128.770000
2018/12/12 22:00:00,128.807000,129.041000,128.741000,128.975000,128.770000,129.022000,128.704000,128.955000
2018/12/13 06:00:00,128.975000,129.266000,128.720000,128.806000,128.955000,129.246000,128.699000,128.786000
2018/12/13 14:00:00,128.806000,129.165000,128.732000,129.123000,128.786000,129.149000,128.712000,129.022000
2018/12/13 22:00:00,129.123000,129.177000,128.852000,128.916000,129.022000,129.113000,128.833000,128.897000
2018/12/14 06:00:00,128.916000,129.009000,128.070000,128.120000,128.897000,128.990000,128.053000,128.101000
2018/12/14 14:00:00,128.120000,128.268000,127.992000,128.208000,128.101000,128.250000,127.976000,128.145000
2018/12/16 14:00:00,128.208000,128.213000,128.108000,128.195000,128.145000,128.165000,128.085000,128.092000
2018/12/16 22:00:00,128.195000,128.403000,128.127000,128.331000,128.092000,128.384000,128.092000,128.313000
2018/12/17 06:00:00,128.331000,128.603000,128.265000,128.416000,128.313000,128.583000,128.247000,128.396000
2018/12/17 14:00:00,128.416000,128.422000,127.873000,128.055000,128.396000,128.403000,127.855000,128.021000
2018/12/17 22:00:00,128.055000,128.123000,127.653000,127.751000,128.021000,128.105000,127.633000,127.732000
2018/12/18 06:00:00,127.751000,128.061000,127.664000,127.934000,127.732000,128.043000,127.643000,127.916000
2018/12/18 14:00:00,127.934000,128.046000,127.770000,127.862000,127.916000,128.027000,127.751000,127.790000
2018/12/18 22:00:00,127.862000,128.121000,127.722000,127.959000,127.790000,128.101000,127.700000,127.938000
2018/12/19 06:00:00,127.959000,128.227000,127.902000,128.092000,127.938000,128.206000,127.884000,128.072000
2018/12/19 14:00:00,128.092000,128.405000,127.557000,128.007000,128.072000,128.370000,127.535000,127.946000
2018/12/19 22:00:00,128.007000,128.191000,127.561000,127.683000,127.946000,128.170000,127.540000,127.664000
2018/12/20 06:00:00,127.683000,128.401000,127.475000,127.785000,127.664000,128.378000,127.452000,127.764000
2018/12/20 14:00:00,127.785000,127.908000,127.231000,127.420000,127.764000,127.888000,127.208000,127.373000
2018/12/20 22:00:00,127.420000,127.590000,127.268000,127.572000,127.373000,127.569000,127.246000,127.552000
2018/12/21 06:00:00,127.572000,127.698000,126.791000,126.841000,127.552000,127.678000,126.769000,126.821000
2018/12/21 14:00:00,126.841000,127.056000,126.398000,126.491000,126.821000,127.031000,126.369000,126.412000
2018/12/23 14:00:00,126.491000,126.491000,125.814000,126.327000,126.412000,126.412000,125.760000,126.300000
2018/12/23 22:00:00,126.327000,126.587000,126.187000,126.563000,126.300000,126.564000,126.101000,126.541000
2018/12/24 06:00:00,126.563000,126.755000,126.243000,126.286000,126.541000,126.734000,126.220000,126.262000
2018/12/24 14:00:00,126.286000,126.366000,125.825000,125.937000,126.262000,126.339000,125.798000,125.834000
2018/12/25 22:00:00,125.937000,125.950000,125.894000,125.941000,125.834000,125.930000,125.834000,125.920000
2018/12/26 06:00:00,125.941000,126.056000,125.839000,125.880000,125.920000,126.034000,125.816000,125.856000
2018/12/26 14:00:00,125.880000,126.498000,125.811000,126.496000,125.856000,126.442000,125.793000,126.409000
2018/12/26 22:00:00,126.496000,126.688000,126.216000,126.657000,126.409000,126.668000,126.191000,126.637000
2018/12/27 06:00:00,126.657000,126.665000,126.004000,126.269000,126.637000,126.641000,125.980000,126.245000
2018/12/27 14:00:00,126.269000,127.114000,126.213000,126.983000,126.245000,127.082000,126.189000,126.897000
2018/12/27 22:00:00,126.983000,127.049000,126.668000,126.813000,126.897000,127.005000,126.646000,126.786000
2018/12/28 06:00:00,126.813000,126.815000,126.319000,126.546000,126.786000,126.792000,126.298000,126.521000
2018/12/28 14:00:00,126.546000,126.597000,126.139000,126.333000,126.521000,126.575000,126.115000,126.232000
2018/12/30 22:00:00,126.333000,126.450000,126.157000,126.209000,126.232000,126.430000,126.128000,126.188000
2018/12/31 06:00:00,126.209000,126.261000,125.818000,125.988000,126.188000,126.240000,125.797000,125.965000
2018/12/31 14:00:00,125.988000,125.990000,125.414000,125.602000,125.965000,125.969000,125.394000,125.574000
