StartDate,AskOpen,AskHigh,AskLow,AskClose,BidOpen,BidHigh,BidLow,BidClose
2017/01/02 22:00:00,123.354000,123.354000,122.768000,123.015000,123.161000,123.161000,122.735000,122.986000
2017/01/03 06:00:00,123.015000,123.346000,122.711000,122.823000,122.986000,123.316000,122.683000,122.797000
2017/01/03 14:00:00,122.823000,122.961000,122.286000,122.558000,122.797000,122.925000,122.252000,122.500000
2017/01/03 22:00:00,122.558000,122.942000,122.418000,122.895000,122.500000,122.915000,122.376000,122.866000
2017/01/04 06:00:00,122.895000,122.995000,122.563000,122.693000,122.866000,122.966000,122.534000,122.664000
2017/01/04 14:00:00,122.693000,123.141000,122.521000,123.062000,122.664000,123.112000,122.495000,122.933000
2017/01/04 22:00:00,123.062000,123.138000,122.416000,122.809000,122.933000,123.108000,122.387000,122.780000
2017/01/05 06:00:00,122.809000,122.851000,122.185000,122.346000,122.780000,122.820000,122.158000,122.318000
2017/01/05 14:00:00,122.346000,122.554000,122.038000,122.399000,122.318000,122.527000,122.000000,122.322000
2017/01/05 22:00:00,122.399000,122.843000,122.140000,122.705000,122.322000,122.812000,122.108000,122.676000
2017/01/06 06:00:00,122.705000,123.164000,122.596000,122.943000,122.676000,123.134000,122.567000,122.912000
2017/01/06 14:00:00,122.943000,123.464000,122.898000,123.290000,122.912000,123.436000,122.872000,123.111000
2017/01/08 14:00:00,123.290000,123.335000,123.195000,123.255000,123.111000,123.261000,123.111000,123.200000
2017/01/08 22:00:00,123.255000,123.722000,123.241000,123.632000,123.200000,123.691000,123.166000,123.604000
2017/01/09 06:00:00,123.632000,123.742000,122.553000,122.758000,123.604000,123.712000,122.522000,122.728000
2017/01/09 14:00:00,122.758000,123.091000,122.432000,122.732000,122.728000,123.062000,122.398000,122.637000
2017/01/09 22:00:00,122.732000,122.934000,122.378000,122.639000,122.637000,122.905000,122.334000,122.610000
2017/01/10 06:00:00,122.639000,122.957000,122.488000,122.764000,122.610000,122.929000,122.457000,122.738000
2017/01/10 14:00:00,122.764000,122.844000,122.125000,122.221000,122.738000,122.822000,122.096000,122.181000
2017/01/10 22:00:00,122.221000,122.638000,122.161000,122.355000,122.181000,122.608000,122.134000,122.325000
2017/01/11 06:00:00,122.355000,122.616000,122.034000,122.095000,122.325000,122.587000,122.008000,122.069000
2017/01/11 14:00:00,122.095000,122.345000,121.264000,122.158000,122.069000,122.316000,121.234000,122.117000
2017/01/11 22:00:00,122.158000,122.265000,121.387000,121.416000,122.117000,122.216000,121.358000,121.386000
2017/01/12 06:00:00,121.416000,121.940000,121.208000,121.850000,121.386000,121.911000,121.180000,121.821000
2017/01/12 14:00:00,121.850000,121.873000,121.363000,121.776000,121.821000,121.844000,121.333000,121.711000
2017/01/12 22:00:00,121.776000,122.164000,121.645000,122.090000,121.711000,122.135000,121.580000,122.063000
2017/01/13 06:00:00,122.090000,122.233000,121.866000,122.228000,122.063000,122.204000,121.756000,122.201000
2017/01/13 14:00:00,122.228000,122.435000,121.757000,121.934000,122.201000,122.406000,121.688000,121.699000
2017/01/15 14:00:00,121.934000,121.934000,121.053000,121.282000,121.699000,121.699000,120.925000,121.219000
2017/01/15 22:00:00,121.282000,121.720000,121.027000,121.112000,121.219000,121.659000,120.995000,121.083000
2017/01/16 06:00:00,121.112000,121.191000,120.776000,120.935000,121.083000,121.165000,120.747000,120.906000
2017/01/16 14:00:00,120.935000,121.140000,120.842000,121.124000,120.906000,121.103000,120.813000,120.995000
2017/01/16 22:00:00,121.124000,121.213000,120.817000,120.857000,120.995000,121.187000,120.790000,120.828000
2017/01/17 06:00:00,120.857000,121.419000,120.558000,120.958000,120.828000,121.392000,120.529000,120.929000
2017/01/17 14:00:00,120.958000,121.121000,120.592000,120.675000,120.929000,121.094000,120.565000,120.639000
2017/01/17 22:00:00,120.675000,121.139000,120.610000,121.080000,120.639000,121.111000,120.577000,121.053000
2017/01/18 06:00:00,121.080000,121.287000,120.963000,121.079000,121.053000,121.261000,120.937000,121.052000
2017/01/18 14:00:00,121.079000,122.012000,120.957000,121.905000,121.052000,121.979000,120.929000,121.833000
2017/01/18 22:00:00,121.905000,122.080000,121.751000,121.902000,121.833000,122.049000,121.686000,121.877000
2017/01/19 06:00:00,121.902000,122.476000,121.851000,122.085000,121.877000,122.445000,121.821000,122.058000
2017/01/19 14:00:00,122.085000,122.767000,121.857000,122.507000,122.058000,122.739000,121.829000,122.457000
2017/01/19 22:00:00,122.507000,122.738000,122.381000,122.556000,122.457000,122.699000,122.352000,122.535000
2017/01/20 06:00:00,122.556000,122.699000,122.392000,122.481000,122.535000,122.672000,122.367000,122.453000
2017/01/20 14:00:00,122.481000,122.962000,122.292000,122.776000,122.453000,122.937000,122.264000,122.533000
2017/01/22 14:00:00,122.776000,122.776000,122.304000,122.342000,122.533000,122.533000,122.151000,122.264000
2017/01/22 22:00:00,122.342000,122.533000,121.822000,121.847000,122.264000,122.474000,121.791000,121.816000
2017/01/23 06:00:00,121.847000,122.095000,121.624000,121.674000,121.816000,122.067000,121.595000,121.649000
2017/01/23 14:00:00,121.674000,122.165000,121.151000,121.363000,121.649000,122.130000,121.122000,121.303000
2017/01/23 22:00:00,121.363000,121.632000,121.218000,121.439000,121.303000,121.603000,121.186000,121.410000
2017/01/24 06:00:00,121.439000,121.892000,121.408000,121.799000,121.410000,121.866000,121.379000,121.770000
2017/01/24 14:00:00,121.799000,122.235000,121.620000,122.145000,121.770000,122.207000,121.593000,122.068000
2017/01/24 22:00:00,122.145000,122.284000,121.724000,121.888000,122.068000,122.255000,121.696000,121.856000
2017/01/25 06:00:00,121.888000,122.258000,121.640000,121.972000,121.856000,122.230000,121.610000,121.946000
2017/01/25 14:00:00,121.972000,122.240000,121.709000,121.796000,121.946000,122.215000,121.682000,121.707000
2017/01/25 22:00:00,121.796000,122.045000,121.686000,121.910000,121.707000,122.014000,121.656000,121.881000
2017/01/26 06:00:00,121.910000,122.683000,121.909000,122.225000,121.881000,122.655000,121.880000,122.196000
2017/01/26 14:00:00,122.225000,122.520000,122.010000,122.369000,122.196000,122.493000,121.981000,122.294000
2017/01/26 22:00:00,122.369000,122.818000,122.240000,122.786000,122.294000,122.789000,122.205000,122.755000
2017/01/27 06:00:00,122.786000,123.288000,122.768000,123.241000,122.755000,123.258000,122.740000,123.215000
2017/01/27 14:00:00,123.241000,123.327000,123.023000,123.224000,123.215000,123.299000,122.993000,123.008000
2017/01/29 14:00:00,123.224000,123.224000,122.925000,123.056000,123.008000,123.035000,122.810000,123.016000
2017/01/29 22:00:00,123.056000,123.193000,122.696000,122.893000,123.016000,123.123000,122.667000,122.866000
2017/01/30 06:00:00,122.893000,122.978000,121.579000,121.891000,122.866000,122.946000,121.553000,121.863000
2017/01/30 14:00:00,121.891000,121.893000,121.457000,121.720000,121.863000,121.865000,121.429000,121.632000
2017/01/30 22:00:00,121.720000,121.876000,121.314000,121.442000,121.632000,121.845000,121.285000,121.413000
2017/01/31 06:00:00,121.442000,122.282000,121.322000,121.861000,121.413000,122.244000,121.291000,121.834000
2017/01/31 14:00:00,121.861000,122.140000,121.031000,121.823000,121.834000,122.110000,121.001000,121.763000
2017/01/31 22:00:00,121.823000,122.238000,121.638000,122.106000,121.763000,122.210000,121.580000,122.079000
2017/02/01 06:00:00,122.106000,122.533000,122.079000,122.253000,122.079000,122.504000,122.050000,122.226000
2017/02/01 14:00:00,122.253000,122.469000,121.753000,121.991000,122.226000,122.435000,121.725000,121.919000
2017/02/01 22:00:00,121.991000,122.063000,121.434000,121.491000,121.919000,122.035000,121.409000,121.463000
2017/02/02 06:00:00,121.491000,121.901000,121.287000,121.408000,121.463000,121.873000,121.260000,121.380000
2017/02/02 14:00:00,121.408000,121.692000,121.222000,121.368000,121.380000,121.666000,121.196000,121.357000
2017/02/02 22:00:00,121.368000,121.707000,121.099000,121.603000,121.357000,121.673000,121.073000,121.574000
2017/02/03 06:00:00,121.603000,121.781000,121.183000,121.353000,121.574000,121.753000,121.138000,121.325000
2017/02/03 14:00:00,121.353000,121.689000,121.205000,121.493000,121.325000,121.661000,121.178000,121.380000
2017/02/05 14:00:00,121.493000,121.669000,121.282000,121.393000,121.380000,121.452000,121.210000,121.306000
2017/02/05 22:00:00,121.393000,121.514000,121.070000,121.312000,121.306000,121.486000,121.041000,121.285000
2017/02/06 06:00:00,121.312000,121.374000,120.127000,120.189000,121.285000,121.344000,120.096000,120.163000
2017/02/06 14:00:00,120.189000,120.728000,119.971000,120.143000,120.163000,120.696000,119.941000,120.090000
2017/02/06 22:00:00,120.143000,120.252000,119.751000,119.799000,120.090000,120.216000,119.720000,119.774000
2017/02/07 06:00:00,119.799000,120.061000,119.555000,119.958000,119.774000,120.034000,119.524000,119.930000
2017/02/07 14:00:00,119.958000,120.144000,119.662000,120.103000,119.930000,120.116000,119.634000,120.019000
2017/02/07 22:00:00,120.103000,120.119000,119.762000,119.938000,120.019000,120.091000,119.733000,119.910000
2017/02/08 06:00:00,119.938000,119.975000,119.342000,119.521000,119.910000,119.948000,119.319000,119.493000
2017/02/08 14:00:00,119.521000,119.900000,119.485000,119.783000,119.493000,119.871000,119.457000,119.734000
2017/02/08 22:00:00,119.783000,119.997000,119.570000,119.834000,119.734000,119.973000,119.501000,119.805000
2017/02/09 06:00:00,119.834000,120.236000,119.782000,120.083000,119.805000,120.207000,119.757000,120.056000
2017/02/09 14:00:00,120.083000,120.800000,119.991000,120.712000,120.056000,120.773000,119.963000,120.640000
2017/02/09 22:00:00,120.712000,121.349000,120.683000,121.143000,120.640000,121.322000,120.547000,121.115000
2017/02/10 06:00:00,121.143000,121.254000,120.526000,120.693000,121.115000,121.227000,120.498000,120.664000
2017/02/10 14:00:00,120.693000,120.778000,120.249000,120.597000,120.664000,120.749000,120.219000,120.420000
2017/02/12 14:00:00,120.597000,120.862000,120.597000,120.862000,120.420000,120.625000,120.420000,120.625000
2017/02/12 22:00:00,120.862000,121.200000,120.747000,120.868000,120.625000,121.156000,120.599000,120.841000
2017/02/13 06:00:00,120.868000,121.142000,120.760000,120.987000,120.841000,121.112000,120.732000,120.959000
2017/02/13 14:00:00,120.987000,120.995000,120.404000,120.545000,120.959000,120.962000,120.370000,120.517000
2017/02/13 22:00:00,120.545000,120.651000,120.304000,120.388000,120.517000,120.565000,120.271000,120.362000
2017/02/14 06:00:00,120.388000,120.712000,120.235000,120.362000,120.362000,120.684000,120.200000,120.336000
2017/02/14 14:00:00,120.362000,121.014000,120.301000,120.924000,120.336000,120.986000,120.274000,120.863000
2017/02/14 22:00:00,120.924000,121.059000,120.842000,121.056000,120.863000,121.030000,120.729000,121.027000
2017/02/15 06:00:00,121.056000,121.176000,120.727000,121.009000,121.027000,121.147000,120.701000,120.981000
2017/02/15 14:00:00,121.009000,121.296000,120.772000,121.055000,120.981000,121.269000,120.726000,120.985000
2017/02/15 22:00:00,121.055000,121.194000,120.821000,120.916000,120.985000,121.153000,120.793000,120.888000
2017/02/16 06:00:00,120.916000,121.095000,120.741000,121.064000,120.888000,121.067000,120.713000,121.037000
2017/02/16 14:00:00,121.064000,121.154000,120.695000,120.999000,121.037000,121.126000,120.659000,120.762000
2017/02/16 22:00:00,120.999000,121.115000,120.837000,121.006000,120.762000,121.083000,120.711000,120.978000
2017/02/17 06:00:00,121.006000,121.021000,119.972000,120.185000,120.978000,120.993000,119.939000,120.157000
2017/02/17 14:00:00,120.185000,120.399000,119.719000,119.874000,120.157000,120.373000,119.674000,119.723000
2017/02/19 14:00:00,119.874000,119.877000,119.863000,119.865000,119.723000,119.723000,119.620000,119.638000
2017/02/19 22:00:00,119.865000,120.107000,119.787000,120.061000,119.638000,120.078000,119.630000,120.036000
2017/02/20 06:00:00,120.061000,120.320000,120.025000,120.169000,120.036000,120.292000,119.996000,120.141000
2017/02/20 14:00:00,120.169000,120.222000,120.016000,120.070000,120.141000,120.194000,119.973000,119.973000
2017/02/20 22:00:00,120.070000,120.332000,120.022000,120.237000,119.973000,120.304000,119.913000,120.208000
2017/02/21 06:00:00,120.237000,120.281000,119.657000,119.815000,120.208000,120.256000,119.626000,119.792000
2017/02/21 14:00:00,119.815000,119.896000,119.577000,119.895000,119.792000,119.835000,119.549000,119.660000
2017/02/21 22:00:00,119.895000,119.946000,119.574000,119.656000,119.660000,119.861000,119.545000,119.627000
2017/02/22 06:00:00,119.656000,119.702000,118.613000,118.809000,119.627000,119.673000,118.582000,118.781000
2017/02/22 14:00:00,118.809000,119.875000,118.789000,119.664000,118.781000,119.847000,118.760000,119.585000
2017/02/22 22:00:00,119.664000,119.802000,119.403000,119.688000,119.585000,119.678000,119.374000,119.660000
2017/02/23 06:00:00,119.688000,119.731000,119.169000,119.244000,119.660000,119.697000,119.140000,119.218000
2017/02/23 14:00:00,119.244000,119.443000,119.058000,119.222000,119.218000,119.416000,119.029000,119.143000
2017/02/23 22:00:00,119.222000,119.459000,119.182000,119.388000,119.143000,119.430000,119.065000,119.360000
2017/02/24 06:00:00,119.388000,119.520000,118.894000,118.986000,119.360000,119.492000,118.868000,118.961000
2017/02/24 14:00:00,118.986000,119.028000,118.252000,118.548000,118.961000,118.998000,118.224000,118.361000
2017/02/26 14:00:00,118.548000,118.632000,118.490000,118.594000,118.361000,118.433000,118.277000,118.362000
2017/02/26 22:00:00,118.594000,118.666000,118.266000,118.494000,118.362000,118.621000,118.236000,118.468000
2017/02/27 06:00:00,118.494000,119.092000,118.450000,119.017000,118.468000,119.064000,118.421000,118.990000
2017/02/27 14:00:00,119.017000,119.575000,118.855000,119.358000,118.990000,119.450000,118.809000,119.302000
2017/02/27 22:00:00,119.358000,119.399000,118.897000,119.190000,119.302000,119.362000,118.744000,119.164000
2017/02/28 06:00:00,119.190000,119.235000,118.761000,118.824000,119.164000,119.207000,118.734000,118.792000
2017/02/28 14:00:00,118.824000,119.441000,118.685000,119.315000,118.792000,119.373000,118.648000,119.237000
2017/02/28 22:00:00,119.315000,119.919000,119.302000,119.755000,119.237000,119.878000,119.154000,119.727000
2017/03/01 06:00:00,119.755000,119.987000,119.564000,119.905000,119.727000,119.935000,119.536000,119.879000
2017/03/01 14:00:00,119.905000,120.234000,119.854000,119.976000,119.879000,120.209000,119.824000,119.905000
2017/03/01 22:00:00,119.976000,120.342000,119.976000,120.101000,119.905000,120.261000,119.878000,120.073000
2017/03/02 06:00:00,120.101000,120.507000,120.097000,120.278000,120.073000,120.478000,120.069000,120.251000
2017/03/02 14:00:00,120.278000,120.459000,120.161000,120.233000,120.251000,120.430000,120.130000,120.171000
2017/03/02 22:00:00,120.233000,120.325000,120.033000,120.173000,120.171000,120.239000,120.005000,120.137000
2017/03/03 06:00:00,120.173000,120.894000,120.039000,120.840000,120.137000,120.862000,120.013000,120.813000
2017/03/03 14:00:00,120.840000,121.257000,120.725000,121.214000,120.813000,121.156000,120.695000,121.088000
2017/03/05 14:00:00,121.214000,121.214000,120.761000,120.953000,121.088000,121.088000,120.555000,120.724000
2017/03/05 22:00:00,120.953000,121.232000,120.687000,120.744000,120.724000,121.120000,120.658000,120.716000
2017/03/06 06:00:00,120.744000,120.889000,120.365000,120.509000,120.716000,120.851000,120.333000,120.483000
2017/03/06 14:00:00,120.509000,120.730000,120.488000,120.559000,120.483000,120.704000,120.460000,120.499000
2017/03/06 22:00:00,120.559000,120.680000,120.495000,120.606000,120.499000,120.653000,120.452000,120.580000
2017/03/07 06:00:00,120.606000,120.735000,120.407000,120.579000,120.580000,120.709000,120.376000,120.552000
2017/03/07 14:00:00,120.579000,120.675000,120.430000,120.461000,120.552000,120.647000,120.395000,120.399000
2017/03/07 22:00:00,120.461000,120.546000,120.033000,120.180000,120.399000,120.461000,120.005000,120.153000
2017/03/08 06:00:00,120.180000,120.956000,120.116000,120.945000,120.153000,120.929000,120.089000,120.919000
2017/03/08 14:00:00,120.945000,121.141000,120.510000,120.605000,120.919000,121.112000,120.476000,120.547000
2017/03/08 22:00:00,120.605000,120.764000,120.519000,120.653000,120.547000,120.738000,120.419000,120.625000
2017/03/09 06:00:00,120.653000,121.698000,120.547000,121.559000,120.625000,121.636000,120.519000,121.533000
2017/03/09 14:00:00,121.559000,121.912000,121.313000,121.623000,121.533000,121.875000,121.286000,121.549000
2017/03/09 22:00:00,121.623000,122.348000,121.563000,122.334000,121.549000,122.311000,121.465000,122.305000
2017/03/10 06:00:00,122.334000,122.773000,122.181000,122.708000,122.305000,122.730000,122.082000,122.680000
2017/03/10 14:00:00,122.708000,122.851000,122.050000,122.611000,122.680000,122.822000,122.008000,122.512000
2017/03/12 13:00:00,122.611000,122.717000,122.527000,122.686000,122.512000,122.512000,122.329000,122.442000
2017/03/12 21:00:00,122.686000,122.906000,122.604000,122.737000,122.442000,122.876000,122.435000,122.706000
2017/03/13 05:00:00,122.737000,122.848000,122.158000,122.357000,122.706000,122.822000,122.127000,122.329000
2017/03/13 13:00:00,122.357000,122.453000,122.263000,122.397000,122.329000,122.427000,122.235000,122.337000
2017/03/13 21:00:00,122.397000,122.473000,122.304000,122.413000,122.337000,122.440000,122.276000,122.384000
2017/03/14 05:00:00,122.413000,122.647000,122.043000,122.105000,122.384000,122.616000,122.014000,122.079000
2017/03/14 13:00:00,122.105000,122.154000,121.667000,121.740000,122.079000,122.128000,121.641000,121.675000
2017/03/14 21:00:00,121.740000,121.979000,121.656000,121.852000,121.675000,121.951000,121.620000,121.826000
2017/03/15 05:00:00,121.852000,122.041000,121.721000,121.835000,121.826000,122.014000,121.693000,121.808000
2017/03/15 13:00:00,121.835000,122.074000,121.227000,121.744000,121.808000,122.047000,121.154000,121.669000
2017/03/15 21:00:00,121.744000,121.897000,121.532000,121.633000,121.669000,121.862000,121.483000,121.604000
2017/03/16 05:00:00,121.633000,121.848000,121.147000,121.640000,121.604000,121.820000,121.112000,121.613000
2017/03/16 13:00:00,121.640000,122.056000,121.300000,122.014000,121.613000,122.026000,121.272000,121.947000
2017/03/16 21:00:00,122.014000,122.267000,121.959000,122.170000,121.947000,122.238000,121.911000,122.142000
2017/03/17 05:00:00,122.170000,122.206000,121.357000,121.530000,122.142000,122.178000,121.327000,121.503000
2017/03/17 13:00:00,121.530000,121.563000,120.833000,121.099000,121.503000,121.513000,120.808000,121.000000
2017/03/19 13:00:00,121.099000,121.136000,120.973000,121.092000,121.000000,121.000000,120.760000,120.847000
2017/03/19 21:00:00,121.092000,121.169000,120.963000,121.127000,120.847000,121.133000,120.847000,121.099000
2017/03/20 05:00:00,121.127000,121.446000,121.105000,121.243000,121.099000,121.419000,121.077000,121.215000
2017/03/20 13:00:00,121.243000,121.338000,120.728000,120.953000,121.215000,121.312000,120.699000,120.876000
2017/03/20 21:00:00,120.953000,121.352000,120.679000,121.219000,120.876000,121.322000,120.643000,121.191000
2017/03/21 05:00:00,121.219000,121.851000,121.208000,121.577000,121.191000,121.827000,121.180000,121.550000
2017/03/21 13:00:00,121.577000,121.680000,120.637000,120.813000,121.550000,121.660000,120.585000,120.753000
2017/03/21 21:00:00,120.813000,120.884000,120.361000,120.602000,120.753000,120.835000,120.332000,120.574000
2017/03/22 05:00:00,120.602000,120.655000,119.809000,120.187000,120.574000,120.624000,119.781000,120.158000
2017/03/22 13:00:00,120.187000,120.359000,119.701000,120.064000,120.158000,120.326000,119.670000,120.010000
2017/03/22 21:00:00,120.064000,120.334000,120.017000,120.132000,120.010000,120.299000,119.978000,120.104000
2017/03/23 05:00:00,120.132000,120.237000,119.472000,119.599000,120.104000,120.206000,119.432000,119.571000
2017/03/23 13:00:00,119.599000,120.037000,119.340000,119.673000,119.571000,120.008000,119.314000,119.599000
2017/03/23 21:00:00,119.673000,120.000000,119.543000,119.861000,119.599000,119.970000,119.511000,119.833000
2017/03/24 05:00:00,119.861000,120.197000,119.830000,120.014000,119.833000,120.164000,119.802000,119.988000
2017/03/24 13:00:00,120.014000,120.284000,119.655000,120.275000,119.988000,120.233000,119.620000,120.170000
2017/03/26 13:00:00,120.275000,120.355000,120.082000,120.328000,120.170000,120.170000,119.933000,120.086000
2017/03/26 21:00:00,120.328000,120.361000,119.624000,119.755000,120.086000,120.219000,119.594000,119.726000
2017/03/27 05:00:00,119.755000,120.130000,119.561000,120.034000,119.726000,120.103000,119.532000,120.007000
2017/03/27 13:00:00,120.034000,120.335000,120.010000,120.227000,120.007000,120.307000,119.982000,120.198000
2017/03/27 21:00:00,120.227000,120.407000,120.104000,120.159000,120.198000,120.378000,120.071000,120.131000
2017/03/28 05:00:00,120.159000,120.273000,119.741000,119.814000,120.131000,120.245000,119.714000,119.786000
2017/03/28 13:00:00,119.814000,120.220000,119.713000,120.219000,119.786000,120.184000,119.686000,120.159000
2017/03/28 21:00:00,120.219000,120.458000,120.095000,120.238000,120.159000,120.429000,120.029000,120.215000
2017/03/29 05:00:00,120.238000,120.261000,119.029000,119.326000,120.215000,120.233000,119.000000,119.296000
2017/03/29 13:00:00,119.326000,119.595000,119.175000,119.590000,119.296000,119.561000,119.146000,119.528000
2017/03/29 21:00:00,119.590000,119.863000,119.511000,119.689000,119.528000,119.834000,119.480000,119.661000
2017/03/30 05:00:00,119.689000,119.689000,119.180000,119.429000,119.661000,119.661000,119.150000,119.401000
2017/03/30 13:00:00,119.429000,119.653000,119.103000,119.534000,119.401000,119.601000,119.063000,119.456000
2017/03/30 21:00:00,119.534000,119.874000,119.381000,119.658000,119.456000,119.811000,119.349000,119.630000
2017/03/31 05:00:00,119.658000,119.699000,119.381000,119.479000,119.630000,119.671000,119.351000,119.453000
2017/03/31 13:00:00,119.479000,119.514000,118.648000,118.759000,119.453000,119.488000,118.590000,118.686000
2017/04/02 13:00:00,118.759000,118.862000,118.759000,118.859000,118.686000,118.769000,118.661000,118.766000
2017/04/02 21:00:00,118.859000,118.987000,118.672000,118.919000,118.766000,118.936000,118.642000,118.891000
2017/04/03 05:00:00,118.919000,119.064000,118.615000,118.753000,118.891000,119.037000,118.589000,118.726000
2017/04/03 13:00:00,118.753000,118.883000,118.148000,118.390000,118.726000,118.839000,118.116000,118.316000
2017/04/03 21:00:00,118.390000,118.442000,117.751000,117.894000,118.316000,118.345000,117.720000,117.864000
2017/04/04 05:00:00,117.894000,117.962000,117.445000,117.764000,117.864000,117.935000,117.413000,117.736000
2017/04/04 13:00:00,117.764000,118.247000,117.709000,118.216000,117.736000,118.217000,117.680000,118.151000
2017/04/04 21:00:00,118.216000,118.478000,118.038000,118.116000,118.151000,118.447000,118.008000,118.088000
2017/04/05 05:00:00,118.116000,118.705000,118.055000,118.628000,118.088000,118.677000,118.026000,118.599000
2017/04/05 13:00:00,118.628000,118.843000,118.048000,118.056000,118.599000,118.779000,117.981000,117.983000
2017/04/05 21:00:00,118.056000,118.114000,117.798000,117.981000,117.983000,118.074000,117.756000,117.953000
2017/04/06 05:00:00,117.981000,118.446000,117.366000,118.135000,117.953000,118.416000,117.344000,118.111000
2017/04/06 13:00:00,118.135000,118.347000,117.866000,117.949000,118.111000,118.319000,117.838000,117.895000
2017/04/06 21:00:00,117.949000,118.181000,117.339000,117.701000,117.895000,118.151000,117.301000,117.672000
2017/04/07 05:00:00,117.701000,117.880000,117.392000,117.524000,117.672000,117.855000,117.320000,117.496000
2017/04/07 13:00:00,117.524000,117.898000,117.450000,117.716000,117.496000,117.870000,117.423000,117.611000
2017/04/09 13:00:00,117.716000,117.845000,117.550000,117.607000,117.611000,117.611000,117.399000,117.543000
2017/04/09 21:00:00,117.607000,118.029000,117.565000,117.960000,117.543000,117.998000,117.493000,117.932000
2017/04/10 05:00:00,117.960000,118.084000,117.607000,117.713000,117.932000,118.051000,117.580000,117.686000
2017/04/10 13:00:00,117.713000,117.961000,117.478000,117.556000,117.686000,117.935000,117.445000,117.498000
2017/04/10 21:00:00,117.556000,117.607000,117.081000,117.165000,117.498000,117.531000,117.051000,117.137000
2017/04/11 05:00:00,117.165000,117.480000,116.893000,117.196000,117.137000,117.453000,116.865000,117.168000
2017/04/11 13:00:00,117.196000,117.207000,116.243000,116.286000,117.168000,117.180000,116.210000,116.218000
2017/04/11 21:00:00,116.286000,116.409000,115.951000,116.047000,116.218000,116.376000,115.917000,116.020000
2017/04/12 05:00:00,116.047000,116.561000,116.001000,116.126000,116.020000,116.534000,115.972000,116.099000
2017/04/12 13:00:00,116.126000,116.460000,116.079000,116.280000,116.099000,116.431000,116.002000,116.217000
2017/04/12 21:00:00,116.280000,116.409000,116.008000,116.187000,116.217000,116.349000,115.977000,116.159000
2017/04/13 05:00:00,116.187000,116.472000,115.908000,116.028000,116.159000,116.441000,115.882000,116.000000
2017/04/13 13:00:00,116.028000,116.171000,115.737000,115.811000,116.000000,116.143000,115.709000,115.754000
2017/04/13 21:00:00,115.811000,116.106000,115.811000,115.874000,115.754000,116.000000,115.632000,115.819000
2017/04/14 05:00:00,115.874000,115.899000,115.467000,115.491000,115.819000,115.822000,115.377000,115.435000
2017/04/14 13:00:00,115.491000,115.578000,115.225000,115.426000,115.435000,115.501000,115.166000,115.201000
2017/04/16 13:00:00,115.426000,115.686000,115.426000,115.591000,115.201000,115.596000,115.201000,115.424000
2017/04/16 21:00:00,115.591000,115.617000,114.870000,114.986000,115.424000,115.457000,114.840000,114.959000
2017/04/17 05:00:00,114.986000,115.687000,114.965000,115.610000,114.959000,115.655000,114.937000,115.583000
2017/04/17 13:00:00,115.610000,116.047000,115.488000,115.960000,115.583000,116.021000,115.458000,115.892000
2017/04/17 21:00:00,115.960000,116.222000,115.930000,116.097000,115.892000,116.192000,115.782000,116.070000
2017/04/18 05:00:00,116.097000,116.386000,115.773000,116.352000,116.070000,116.357000,115.744000,116.325000
2017/04/18 13:00:00,116.352000,116.508000,115.996000,116.405000,116.325000,116.479000,115.968000,116.341000
2017/04/18 21:00:00,116.405000,116.623000,116.287000,116.445000,116.341000,116.593000,116.256000,116.416000
2017/04/19 05:00:00,116.445000,116.994000,116.390000,116.733000,116.416000,116.964000,116.361000,116.706000
2017/04/19 13:00:00,116.733000,116.974000,116.518000,116.647000,116.706000,116.941000,116.490000,116.576000
2017/04/19 21:00:00,116.647000,116.920000,116.573000,116.872000,116.576000,116.889000,116.470000,116.844000
2017/04/20 05:00:00,116.872000,117.515000,116.693000,117.272000,116.844000,117.486000,116.662000,117.245000
2017/04/20 13:00:00,117.272000,117.842000,117.113000,117.193000,117.245000,117.806000,117.085000,117.129000
2017/04/20 21:00:00,117.193000,117.267000,117.007000,117.083000,117.129000,117.238000,116.981000,117.054000
2017/04/21 05:00:00,117.083000,117.321000,116.602000,116.762000,117.054000,117.295000,116.574000,116.734000
2017/04/21 13:00:00,116.762000,117.197000,116.481000,117.110000,116.734000,117.101000,116.454000,116.861000
2017/04/23 21:00:00,117.110000,120.445000,117.110000,119.535000,116.861000,120.326000,116.861000,119.508000
2017/04/24 05:00:00,119.535000,119.953000,119.246000,119.603000,119.508000,119.924000,119.216000,119.575000
2017/04/24 13:00:00,119.603000,119.824000,118.935000,119.296000,119.575000,119.793000,118.906000,119.235000
2017/04/24 21:00:00,119.296000,119.683000,119.084000,119.555000,119.235000,119.654000,119.052000,119.526000
2017/04/25 05:00:00,119.555000,120.569000,119.551000,120.512000,119.526000,120.537000,119.523000,120.478000
2017/04/25 13:00:00,120.512000,121.665000,120.396000,121.449000,120.478000,121.633000,120.365000,121.373000
2017/04/25 21:00:00,121.449000,121.886000,121.279000,121.769000,121.373000,121.850000,121.250000,121.741000
2017/04/26 05:00:00,121.769000,121.996000,120.971000,121.357000,121.741000,121.966000,120.939000,121.330000
2017/04/26 13:00:00,121.357000,121.581000,120.935000,121.134000,121.330000,121.543000,120.901000,121.075000
2017/04/26 21:00:00,121.134000,121.503000,121.097000,121.349000,121.075000,121.473000,120.981000,121.316000
2017/04/27 05:00:00,121.349000,121.913000,121.181000,121.424000,121.316000,121.877000,121.145000,121.391000
2017/04/27 13:00:00,121.424000,121.446000,120.622000,120.992000,121.391000,121.414000,120.593000,120.924000
2017/04/27 21:00:00,120.992000,121.098000,120.709000,120.717000,120.924000,121.040000,120.678000,120.687000
2017/04/28 05:00:00,120.717000,122.016000,120.710000,121.767000,120.687000,121.986000,120.679000,121.739000
2017/04/28 13:00:00,121.767000,121.829000,121.293000,121.581000,121.739000,121.801000,121.262000,121.501000
2017/04/30 13:00:00,121.581000,121.663000,121.459000,121.638000,121.501000,121.589000,121.304000,121.391000
2017/04/30 21:00:00,121.638000,121.749000,121.329000,121.623000,121.391000,121.718000,121.285000,121.595000
2017/05/01 05:00:00,121.623000,121.953000,121.617000,121.913000,121.595000,121.922000,121.588000,121.883000
2017/05/01 13:00:00,121.913000,122.105000,121.725000,121.973000,121.883000,122.075000,121.647000,121.892000
2017/05/01 21:00:00,121.973000,122.213000,121.928000,122.152000,121.892000,122.181000,121.788000,122.124000
2017/05/02 05:00:00,122.152000,122.613000,122.135000,122.468000,122.124000,122.587000,122.104000,122.440000
2017/05/02 13:00:00,122.468000,122.517000,122.137000,122.516000,122.440000,122.492000,122.105000,122.454000
2017/05/02 21:00:00,122.516000,122.582000,122.409000,122.546000,122.454000,122.552000,122.348000,122.519000
2017/05/03 05:00:00,122.546000,122.700000,122.330000,122.607000,122.519000,122.669000,122.305000,122.579000
2017/05/03 13:00:00,122.607000,122.885000,122.497000,122.770000,122.579000,122.853000,122.467000,122.702000
2017/05/03 21:00:00,122.770000,122.970000,122.633000,122.891000,122.702000,122.946000,122.578000,122.865000
2017/05/04 05:00:00,122.891000,123.630000,122.620000,123.440000,122.865000,123.600000,122.592000,123.412000
2017/05/04 13:00:00,123.440000,123.663000,123.268000,123.621000,123.412000,123.633000,123.232000,123.509000
2017/05/04 21:00:00,123.621000,123.688000,123.229000,123.267000,123.509000,123.658000,123.198000,123.239000
2017/05/05 05:00:00,123.267000,123.693000,122.941000,123.571000,123.239000,123.552000,122.913000,123.541000
2017/05/05 13:00:00,123.571000,124.136000,123.473000,124.099000,123.541000,124.033000,123.446000,123.855000
2017/05/07 13:00:00,124.099000,124.643000,124.099000,124.582000,123.855000,124.536000,123.855000,124.386000
2017/05/07 21:00:00,124.582000,124.587000,123.422000,123.699000,124.386000,124.448000,123.378000,123.667000
2017/05/08 05:00:00,123.699000,124.053000,123.000000,123.403000,123.667000,124.007000,122.971000,123.376000
2017/05/08 13:00:00,123.403000,123.825000,123.136000,123.815000,123.376000,123.794000,123.102000,123.687000
2017/05/08 21:00:00,123.815000,123.899000,123.671000,123.843000,123.687000,123.868000,123.640000,123.816000
2017/05/09 05:00:00,123.843000,124.198000,123.716000,124.159000,123.816000,124.172000,123.687000,124.130000
2017/05/09 13:00:00,124.159000,124.553000,123.767000,124.018000,124.130000,124.528000,123.737000,123.949000
2017/05/09 21:00:00,124.018000,124.164000,123.765000,123.960000,123.949000,124.133000,123.732000,123.933000
2017/05/10 05:00:00,123.960000,124.340000,123.509000,123.871000,123.933000,124.312000,123.481000,123.844000
2017/05/10 13:00:00,123.871000,124.271000,123.731000,124.218000,123.844000,124.216000,123.702000,124.157000
2017/05/10 21:00:00,124.218000,124.320000,124.089000,124.176000,124.157000,124.283000,124.060000,124.147000
2017/05/11 05:00:00,124.176000,124.443000,123.538000,123.723000,124.147000,124.413000,123.506000,123.695000
2017/05/11 13:00:00,123.723000,123.940000,123.337000,123.705000,123.695000,123.909000,123.305000,123.649000
2017/05/11 21:00:00,123.705000,123.804000,123.553000,123.600000,123.649000,123.772000,123.523000,123.570000
2017/05/12 05:00:00,123.600000,123.898000,123.327000,123.646000,123.570000,123.871000,123.296000,123.617000
2017/05/12 13:00:00,123.646000,123.972000,123.631000,123.961000,123.617000,123.941000,123.600000,123.881000
2017/05/14 13:00:00,123.961000,123.961000,123.695000,123.727000,123.881000,123.881000,123.516000,123.610000
2017/05/14 21:00:00,123.727000,123.978000,123.707000,123.899000,123.610000,123.948000,123.610000,123.873000
2017/05/15 05:00:00,123.899000,124.569000,123.880000,124.437000,123.873000,124.542000,123.854000,124.408000
2017/05/15 13:00:00,124.437000,124.931000,124.407000,124.928000,124.408000,124.886000,124.378000,124.864000
2017/05/15 21:00:00,124.928000,125.012000,124.607000,124.783000,124.864000,124.946000,124.578000,124.757000
2017/05/16 05:00:00,124.783000,125.831000,124.619000,125.670000,124.757000,125.803000,124.587000,125.642000
2017/05/16 13:00:00,125.670000,125.781000,125.155000,125.418000,125.642000,125.755000,125.127000,125.345000
2017/05/16 21:00:00,125.418000,125.429000,124.814000,125.007000,125.345000,125.381000,124.783000,124.980000
2017/05/17 05:00:00,125.007000,125.007000,124.506000,124.541000,124.980000,124.980000,124.475000,124.513000
2017/05/17 13:00:00,124.541000,124.543000,123.670000,123.703000,124.513000,124.514000,123.609000,123.642000
2017/05/17 21:00:00,123.703000,124.131000,123.450000,123.890000,123.642000,124.100000,123.386000,123.864000
2017/05/18 05:00:00,123.890000,124.094000,122.574000,123.053000,123.864000,124.063000,122.547000,123.026000
2017/05/18 13:00:00,123.053000,123.901000,123.011000,123.793000,123.026000,123.871000,122.985000,123.726000
2017/05/18 21:00:00,123.793000,123.941000,123.400000,123.770000,123.726000,123.906000,123.374000,123.742000
2017/05/19 05:00:00,123.770000,124.671000,123.700000,124.473000,123.742000,124.637000,123.673000,124.446000
2017/05/19 13:00:00,124.473000,124.958000,124.256000,124.744000,124.446000,124.931000,124.215000,124.679000
2017/05/21 13:00:00,124.744000,124.789000,124.206000,124.428000,124.679000,124.679000,124.022000,124.191000
2017/05/21 21:00:00,124.428000,124.901000,124.386000,124.793000,124.191000,124.873000,124.191000,124.766000
2017/05/22 05:00:00,124.793000,125.311000,124.134000,125.130000,124.766000,125.285000,124.104000,125.103000
2017/05/22 13:00:00,125.130000,125.287000,124.734000,125.127000,125.103000,125.253000,124.703000,125.058000
2017/05/22 21:00:00,125.127000,125.148000,124.622000,125.067000,125.058000,125.121000,124.592000,125.042000
2017/05/23 05:00:00,125.067000,125.409000,124.576000,124.963000,125.042000,125.376000,124.551000,124.936000
2017/05/23 13:00:00,124.963000,125.292000,124.622000,125.058000,124.936000,125.262000,124.596000,124.984000
2017/05/23 21:00:00,125.058000,125.239000,124.995000,125.061000,124.984000,125.210000,124.897000,125.034000
2017/05/24 05:00:00,125.061000,125.279000,124.917000,125.227000,125.034000,125.253000,124.894000,125.200000
2017/05/24 13:00:00,125.227000,125.430000,125.068000,125.096000,125.200000,125.397000,125.030000,125.034000
2017/05/24 21:00:00,125.096000,125.508000,125.096000,125.486000,125.034000,125.481000,125.034000,125.460000
2017/05/25 05:00:00,125.486000,125.821000,125.231000,125.277000,125.460000,125.794000,125.205000,125.250000
2017/05/25 13:00:00,125.277000,125.494000,125.226000,125.402000,125.250000,125.469000,125.201000,125.333000
2017/05/25 21:00:00,125.402000,125.468000,124.891000,124.941000,125.333000,125.411000,124.863000,124.915000
2017/05/26 05:00:00,124.941000,124.946000,124.200000,124.303000,124.915000,124.917000,124.173000,124.276000
2017/05/26 13:00:00,124.303000,124.515000,124.182000,124.468000,124.276000,124.489000,124.155000,124.413000
2017/05/28 13:00:00,124.468000,124.596000,124.468000,124.563000,124.413000,124.434000,124.338000,124.338000
2017/05/28 21:00:00,124.563000,124.563000,124.241000,124.266000,124.338000,124.481000,124.202000,124.240000
2017/05/29 05:00:00,124.266000,124.659000,124.252000,124.572000,124.240000,124.632000,124.226000,124.545000
2017/05/29 13:00:00,124.572000,124.601000,124.218000,124.264000,124.545000,124.576000,124.187000,124.191000
2017/05/29 21:00:00,124.264000,124.290000,123.262000,123.409000,124.191000,124.246000,123.234000,123.382000
2017/05/30 05:00:00,123.409000,124.273000,123.173000,124.051000,123.382000,124.215000,123.144000,124.023000
2017/05/30 13:00:00,124.051000,124.410000,123.738000,124.046000,124.023000,124.383000,123.712000,123.960000
2017/05/30 21:00:00,124.046000,124.301000,123.746000,124.048000,123.960000,124.270000,123.717000,124.021000
2017/05/31 05:00:00,124.048000,124.548000,123.769000,124.424000,124.021000,124.522000,123.738000,124.398000
2017/05/31 13:00:00,124.424000,124.620000,124.178000,124.620000,124.398000,124.526000,124.152000,124.512000
2017/05/31 21:00:00,124.620000,124.936000,124.484000,124.869000,124.512000,124.904000,124.455000,124.842000
2017/06/01 05:00:00,124.869000,124.934000,124.645000,124.856000,124.842000,124.907000,124.590000,124.831000
2017/06/01 13:00:00,124.856000,125.168000,124.731000,124.919000,124.831000,125.080000,124.704000,124.843000
2017/06/01 21:00:00,124.919000,125.284000,124.855000,125.223000,124.843000,125.255000,124.823000,125.196000
2017/06/02 05:00:00,125.223000,125.328000,124.711000,124.787000,125.196000,125.301000,124.687000,124.759000
2017/06/02 13:00:00,124.787000,124.795000,124.442000,124.624000,124.759000,124.766000,124.417000,124.557000
2017/06/04 13:00:00,124.624000,124.624000,124.446000,124.527000,124.557000,124.557000,124.287000,124.410000
2017/06/04 21:00:00,124.527000,124.723000,124.428000,124.616000,124.410000,124.660000,124.371000,124.592000
2017/06/05 05:00:00,124.616000,124.728000,124.263000,124.399000,124.592000,124.700000,124.236000,124.372000
2017/06/05 13:00:00,124.399000,124.486000,124.208000,124.416000,124.372000,124.460000,124.182000,124.312000
2017/06/05 21:00:00,124.416000,124.424000,123.727000,123.839000,124.312000,124.384000,123.702000,123.813000
2017/06/06 05:00:00,123.839000,123.854000,122.942000,123.162000,123.813000,123.827000,122.913000,123.136000
2017/06/06 13:00:00,123.162000,123.561000,123.067000,123.433000,123.136000,123.535000,123.044000,123.359000
2017/06/06 21:00:00,123.433000,123.539000,123.308000,123.454000,123.359000,123.508000,123.256000,123.431000
2017/06/07 05:00:00,123.454000,123.516000,122.646000,122.819000,123.431000,123.488000,122.620000,122.794000
2017/06/07 13:00:00,122.819000,123.750000,122.797000,123.639000,122.794000,123.726000,122.771000,123.601000
2017/06/07 21:00:00,123.639000,123.828000,123.383000,123.488000,123.601000,123.778000,123.353000,123.462000
2017/06/08 05:00:00,123.488000,124.076000,123.180000,123.565000,123.462000,124.017000,123.152000,123.537000
2017/06/08 13:00:00,123.565000,123.788000,123.269000,123.445000,123.537000,123.762000,123.241000,123.339000
2017/06/08 21:00:00,123.445000,123.661000,122.830000,123.495000,123.339000,123.632000,122.800000,123.467000
2017/06/09 05:00:00,123.495000,123.701000,123.233000,123.567000,123.467000,123.676000,123.207000,123.542000
2017/06/09 13:00:00,123.567000,123.877000,123.327000,123.585000,123.542000,123.850000,123.300000,123.485000
2017/06/11 13:00:00,123.585000,123.856000,123.544000,123.756000,123.485000,123.628000,123.346000,123.587000
2017/06/11 21:00:00,123.756000,123.851000,123.448000,123.601000,123.587000,123.720000,123.417000,123.574000
2017/06/12 05:00:00,123.601000,123.739000,123.214000,123.360000,123.574000,123.713000,123.189000,123.335000
2017/06/12 13:00:00,123.360000,123.399000,122.805000,123.198000,123.335000,123.373000,122.780000,123.140000
2017/06/12 21:00:00,123.198000,123.263000,123.033000,123.152000,123.140000,123.232000,123.003000,123.126000
2017/06/13 05:00:00,123.152000,123.766000,123.084000,123.472000,123.126000,123.740000,123.061000,123.446000
2017/06/13 13:00:00,123.472000,123.557000,123.192000,123.410000,123.446000,123.530000,123.165000,123.339000
2017/06/13 21:00:00,123.410000,123.508000,123.332000,123.479000,123.339000,123.480000,123.178000,123.453000
2017/06/14 05:00:00,123.479000,123.655000,123.183000,123.216000,123.453000,123.633000,123.156000,123.189000
2017/06/14 13:00:00,123.216000,123.305000,122.786000,122.972000,123.189000,123.279000,122.752000,122.904000
2017/06/14 21:00:00,122.972000,123.206000,122.528000,123.024000,122.904000,123.178000,122.495000,122.995000
2017/06/15 05:00:00,123.024000,123.179000,122.414000,123.060000,122.995000,123.142000,122.388000,123.032000
2017/06/15 13:00:00,123.060000,123.733000,122.909000,123.708000,123.032000,123.707000,122.883000,123.635000
2017/06/15 21:00:00,123.708000,124.052000,123.580000,123.955000,123.635000,124.013000,123.531000,123.930000
2017/06/16 05:00:00,123.955000,124.477000,123.779000,124.145000,123.930000,124.450000,123.755000,124.121000
2017/06/16 13:00:00,124.145000,124.207000,123.827000,124.172000,124.121000,124.178000,123.784000,124.108000
2017/06/18 13:00:00,124.172000,124.424000,124.172000,124.424000,124.108000,124.256000,124.031000,124.200000
2017/06/18 21:00:00,124.424000,124.424000,124.095000,124.244000,124.200000,124.377000,123.999000,124.217000
2017/06/19 05:00:00,124.244000,124.517000,124.148000,124.430000,124.217000,124.491000,124.123000,124.403000
2017/06/19 13:00:00,124.430000,124.504000,124.214000,124.363000,124.403000,124.479000,124.187000,124.305000
2017/06/19 21:00:00,124.363000,124.631000,124.310000,124.581000,124.305000,124.612000,124.208000,124.555000
2017/06/20 05:00:00,124.581000,124.663000,124.208000,124.316000,124.555000,124.638000,124.180000,124.289000
2017/06/20 13:00:00,124.316000,124.415000,123.937000,124.103000,124.289000,124.388000,123.910000,124.040000
2017/06/20 21:00:00,124.103000,124.194000,123.852000,123.908000,124.040000,124.120000,123.825000,123.882000
2017/06/21 05:00:00,123.908000,124.411000,123.675000,124.366000,123.882000,124.385000,123.647000,124.339000
2017/06/21 13:00:00,124.366000,124.475000,124.124000,124.430000,124.339000,124.450000,124.097000,124.372000
2017/06/21 21:00:00,124.430000,124.544000,123.919000,124.137000,124.372000,124.421000,123.891000,124.107000
2017/06/22 05:00:00,124.137000,124.361000,123.858000,124.044000,124.107000,124.337000,123.830000,124.017000
2017/06/22 13:00:00,124.044000,124.348000,123.921000,124.171000,124.017000,124.322000,123.894000,124.111000
2017/06/22 21:00:00,124.171000,124.311000,124.036000,124.275000,124.111000,124.283000,124.005000,124.246000
2017/06/23 05:00:00,124.275000,124.473000,124.169000,124.417000,124.246000,124.445000,124.141000,124.393000
2017/06/23 13:00:00,124.417000,124.723000,124.352000,124.605000,124.393000,124.696000,124.327000,124.545000
2017/06/25 13:00:00,124.605000,124.657000,124.488000,124.562000,124.545000,124.545000,124.322000,124.445000
2017/06/25 21:00:00,124.562000,124.712000,124.499000,124.595000,124.445000,124.671000,124.360000,124.569000
2017/06/26 05:00:00,124.595000,125.019000,124.536000,124.954000,124.569000,124.993000,124.510000,124.928000
2017/06/26 13:00:00,124.954000,125.164000,124.770000,125.099000,124.928000,125.136000,124.743000,125.025000
2017/06/26 21:00:00,125.099000,125.374000,125.060000,125.151000,125.025000,125.347000,124.994000,125.124000
2017/06/27 05:00:00,125.151000,126.355000,124.755000,126.267000,125.124000,126.330000,124.730000,126.238000
2017/06/27 13:00:00,126.267000,127.497000,126.194000,127.412000,126.238000,127.471000,126.166000,127.360000
2017/06/27 21:00:00,127.412000,127.466000,127.086000,127.232000,127.360000,127.360000,127.059000,127.206000
2017/06/28 05:00:00,127.232000,127.872000,126.501000,126.995000,127.206000,127.845000,126.461000,126.967000
2017/06/28 13:00:00,126.995000,127.878000,126.985000,127.842000,126.967000,127.854000,126.958000,127.777000
2017/06/28 21:00:00,127.842000,128.156000,127.746000,128.000000,127.777000,128.127000,127.678000,127.971000
2017/06/29 05:00:00,128.000000,128.804000,127.864000,128.670000,127.971000,128.774000,127.835000,128.647000
2017/06/29 13:00:00,128.670000,128.847000,127.888000,128.336000,128.647000,128.821000,127.854000,128.276000
2017/06/29 21:00:00,128.336000,128.410000,127.819000,128.041000,128.276000,128.332000,127.793000,128.014000
2017/06/30 05:00:00,128.041000,128.256000,127.460000,127.987000,128.014000,128.231000,127.430000,127.961000
2017/06/30 13:00:00,127.987000,128.622000,127.898000,128.444000,127.961000,128.593000,127.869000,128.348000
2017/07/02 13:00:00,128.444000,128.444000,127.887000,128.099000,128.348000,128.348000,127.723000,127.949000
2017/07/02 21:00:00,128.099000,128.475000,128.099000,128.460000,127.949000,128.448000,127.931000,128.432000
2017/07/03 05:00:00,128.460000,128.641000,128.323000,128.458000,128.432000,128.614000,128.295000,128.430000
2017/07/03 13:00:00,128.458000,128.964000,128.391000,128.895000,128.430000,128.939000,128.366000,128.836000
2017/07/03 21:00:00,128.895000,129.029000,128.607000,128.667000,128.836000,128.958000,128.578000,128.641000
2017/07/04 05:00:00,128.667000,128.668000,128.049000,128.407000,128.641000,128.643000,128.025000,128.382000
2017/07/04 13:00:00,128.407000,128.659000,128.392000,128.609000,128.382000,128.543000,128.364000,128.538000
2017/07/04 21:00:00,128.609000,128.668000,128.238000,128.509000,128.538000,128.623000,128.211000,128.483000
2017/07/05 05:00:00,128.509000,129.102000,128.490000,128.613000,128.483000,129.072000,128.463000,128.589000
2017/07/05 13:00:00,128.613000,128.659000,128.168000,128.583000,128.589000,128.633000,128.141000,128.528000
2017/07/05 21:00:00,128.583000,128.608000,128.012000,128.171000,128.528000,128.570000,127.986000,128.145000
2017/07/06 05:00:00,128.171000,129.137000,128.158000,128.978000,128.145000,129.110000,128.132000,128.951000
2017/07/06 13:00:00,128.978000,129.432000,128.811000,129.362000,128.951000,129.405000,128.784000,129.308000
2017/07/06 21:00:00,129.362000,129.932000,129.189000,129.715000,129.308000,129.903000,129.157000,129.690000
2017/07/07 05:00:00,129.715000,130.060000,129.634000,129.906000,129.690000,130.034000,129.536000,129.877000
2017/07/07 13:00:00,129.906000,130.141000,129.544000,129.901000,129.877000,130.115000,129.518000,129.841000
2017/07/09 13:00:00,129.901000,130.041000,129.854000,129.894000,129.841000,129.957000,129.755000,129.846000
2017/07/09 21:00:00,129.894000,130.291000,129.894000,130.166000,129.846000,130.265000,129.784000,130.141000
2017/07/10 05:00:00,130.166000,130.414000,129.920000,130.050000,130.141000,130.388000,129.894000,130.026000
2017/07/10 13:00:00,130.050000,130.180000,129.867000,130.014000,130.026000,130.157000,129.839000,129.979000
2017/07/10 21:00:00,130.014000,130.285000,129.980000,130.239000,129.979000,130.258000,129.939000,130.211000
2017/07/11 05:00:00,130.239000,130.541000,130.184000,130.337000,130.211000,130.515000,130.159000,130.309000
2017/07/11 13:00:00,130.337000,130.782000,130.255000,130.685000,130.309000,130.756000,130.226000,130.627000
2017/07/11 21:00:00,130.685000,130.704000,130.077000,130.263000,130.627000,130.669000,130.050000,130.237000
2017/07/12 05:00:00,130.263000,130.331000,129.525000,129.576000,130.237000,130.303000,129.499000,129.549000
2017/07/12 13:00:00,129.576000,129.611000,129.059000,129.171000,129.549000,129.587000,129.032000,129.114000
2017/07/12 21:00:00,129.171000,129.678000,129.095000,129.322000,129.114000,129.650000,129.067000,129.295000
2017/07/13 05:00:00,129.322000,129.594000,128.508000,129.405000,129.295000,129.565000,128.477000,129.381000
2017/07/13 13:00:00,129.405000,129.488000,128.999000,129.170000,129.381000,129.464000,128.971000,129.109000
2017/07/13 21:00:00,129.170000,129.536000,129.153000,129.351000,129.109000,129.506000,129.065000,129.323000
2017/07/14 05:00:00,129.351000,129.436000,128.654000,128.745000,129.323000,129.409000,128.626000,128.720000
2017/07/14 13:00:00,128.745000,129.143000,128.606000,129.085000,128.720000,129.091000,128.580000,129.025000
2017/07/16 21:00:00,129.085000,129.170000,128.977000,129.090000,129.025000,129.137000,128.914000,129.062000
2017/07/17 05:00:00,129.090000,129.161000,128.754000,128.980000,129.062000,129.134000,128.727000,128.954000
2017/07/17 13:00:00,128.980000,129.497000,128.806000,129.300000,128.954000,129.456000,128.780000,129.235000
2017/07/17 21:00:00,129.300000,129.595000,129.080000,129.205000,129.235000,129.564000,129.047000,129.179000
2017/07/18 05:00:00,129.205000,129.765000,129.095000,129.287000,129.179000,129.737000,129.066000,129.256000
2017/07/18 13:00:00,129.287000,129.707000,129.287000,129.488000,129.256000,129.681000,129.256000,129.428000
2017/07/18 21:00:00,129.488000,129.609000,129.219000,129.288000,129.428000,129.527000,129.191000,129.262000
2017/07/19 05:00:00,129.288000,129.447000,128.618000,128.675000,129.262000,129.420000,128.589000,128.648000
2017/07/19 13:00:00,128.675000,128.929000,128.592000,128.927000,128.648000,128.871000,128.566000,128.867000
2017/07/19 21:00:00,128.927000,129.180000,128.808000,129.008000,128.867000,129.146000,128.772000,128.984000
2017/07/20 05:00:00,129.008000,129.982000,128.797000,129.775000,128.984000,129.951000,128.770000,129.744000
2017/07/20 13:00:00,129.775000,130.284000,129.404000,130.182000,129.744000,130.255000,129.377000,130.124000
2017/07/20 21:00:00,130.182000,130.345000,130.032000,130.177000,130.124000,130.318000,130.003000,130.152000
2017/07/21 05:00:00,130.177000,130.519000,129.599000,129.614000,130.152000,130.493000,129.573000,129.589000
2017/07/21 13:00:00,129.614000,129.788000,129.514000,129.642000,129.589000,129.762000,129.486000,129.582000
2017/07/23 21:00:00,129.642000,129.801000,129.322000,129.598000,129.582000,129.747000,129.296000,129.572000
2017/07/24 05:00:00,129.598000,129.722000,128.885000,129.186000,129.572000,129.694000,128.856000,129.160000
2017/07/24 13:00:00,129.186000,129.514000,129.028000,129.356000,129.160000,129.478000,129.002000,129.292000
2017/07/24 21:00:00,129.356000,129.589000,129.348000,129.453000,129.292000,129.558000,129.275000,129.425000
2017/07/25 05:00:00,129.453000,130.416000,129.267000,130.389000,129.425000,130.391000,129.241000,130.365000
2017/07/25 13:00:00,130.389000,130.601000,129.993000,130.338000,130.365000,130.574000,129.966000,130.268000
2017/07/25 21:00:00,130.338000,130.517000,130.251000,130.256000,130.268000,130.487000,130.222000,130.230000
2017/07/26 05:00:00,130.256000,130.339000,129.952000,130.109000,130.230000,130.314000,129.925000,130.082000
2017/07/26 13:00:00,130.109000,130.627000,130.046000,130.513000,130.082000,130.598000,130.020000,130.445000
2017/07/26 21:00:00,130.513000,130.585000,130.116000,130.443000,130.445000,130.546000,130.085000,130.415000
2017/07/27 05:00:00,130.443000,130.601000,130.216000,130.363000,130.415000,130.576000,130.190000,130.336000
2017/07/27 13:00:00,130.363000,130.486000,129.561000,129.989000,130.336000,130.460000,129.534000,129.901000
2017/07/27 21:00:00,129.989000,130.028000,129.575000,129.820000,129.901000,129.976000,129.541000,129.796000
2017/07/28 05:00:00,129.820000,130.420000,129.728000,130.215000,129.796000,130.394000,129.702000,130.190000
2017/07/28 13:00:00,130.215000,130.382000,130.003000,130.097000,130.190000,130.355000,129.978000,130.047000
2017/07/30 21:00:00,130.097000,130.178000,129.563000,129.718000,130.047000,130.065000,129.530000,129.694000
2017/07/31 05:00:00,129.718000,129.975000,129.643000,129.705000,129.694000,129.948000,129.617000,129.680000
2017/07/31 13:00:00,129.705000,130.618000,129.696000,130.608000,129.680000,130.576000,129.671000,130.545000
2017/07/31 21:00:00,130.608000,130.608000,130.167000,130.390000,130.545000,130.570000,130.142000,130.365000
2017/08/01 05:00:00,130.390000,130.634000,130.209000,130.543000,130.365000,130.586000,130.183000,130.517000
2017/08/01 13:00:00,130.543000,130.586000,129.855000,130.300000,130.517000,130.560000,129.824000,130.264000
2017/08/01 21:00:00,130.300000,131.200000,130.208000,131.085000,130.264000,131.172000,130.123000,131.061000
2017/08/02 05:00:00,131.085000,131.429000,130.873000,131.150000,131.061000,131.389000,130.849000,131.125000
2017/08/02 13:00:00,131.150000,131.384000,130.818000,131.343000,131.125000,131.358000,130.795000,131.279000
2017/08/02 21:00:00,131.343000,131.354000,130.899000,131.121000,131.279000,131.311000,130.874000,131.094000
2017/08/03 05:00:00,131.121000,131.221000,130.701000,131.017000,131.094000,131.194000,130.673000,130.993000
2017/08/03 13:00:00,131.017000,131.020000,130.475000,130.688000,130.993000,130.993000,130.447000,130.557000
2017/08/03 21:00:00,130.688000,130.865000,130.529000,130.789000,130.557000,130.836000,130.462000,130.764000
2017/08/04 05:00:00,130.789000,131.134000,130.611000,131.032000,130.764000,131.104000,130.541000,131.004000
2017/08/04 13:00:00,131.032000,131.093000,130.112000,130.354000,131.004000,131.069000,130.082000,130.292000
2017/08/06 13:00:00,130.350000,130.517000,130.319000,130.405000,130.296000,130.432000,130.272000,130.289000
2017/08/06 21:00:00,130.405000,130.635000,130.384000,130.585000,130.289000,130.617000,130.286000,130.569000
2017/08/07 05:00:00,130.585000,130.884000,130.454000,130.666000,130.569000,130.865000,130.435000,130.647000
2017/08/07 13:00:00,130.666000,130.768000,130.511000,130.689000,130.647000,130.750000,130.494000,130.567000
2017/08/07 21:00:00,130.689000,130.837000,130.605000,130.645000,130.567000,130.816000,130.559000,130.626000
2017/08/08 05:00:00,130.645000,130.652000,130.252000,130.413000,130.626000,130.635000,130.237000,130.397000
2017/08/08 13:00:00,130.413000,130.442000,129.613000,129.780000,130.397000,130.425000,129.594000,129.638000
2017/08/08 21:00:00,129.780000,129.794000,128.727000,129.081000,129.638000,129.741000,128.701000,129.064000
2017/08/09 05:00:00,129.081000,129.377000,128.586000,128.853000,129.064000,129.357000,128.565000,128.835000
2017/08/09 13:00:00,128.853000,129.535000,128.450000,129.519000,128.835000,129.449000,128.429000,129.396000
2017/08/09 21:00:00,129.519000,129.567000,128.959000,129.130000,129.396000,129.547000,128.941000,129.112000
2017/08/10 05:00:00,129.130000,129.189000,128.598000,128.718000,129.112000,129.171000,128.579000,128.702000
2017/08/10 13:00:00,128.718000,128.839000,128.239000,128.662000,128.702000,128.822000,128.220000,128.529000
2017/08/10 21:00:00,128.662000,128.662000,128.193000,128.316000,128.529000,128.536000,128.173000,128.299000
2017/08/11 05:00:00,128.316000,128.941000,128.059000,128.871000,128.299000,128.922000,128.043000,128.852000
2017/08/11 13:00:00,128.871000,129.174000,128.581000,129.097000,128.852000,129.155000,128.564000,129.047000
2017/08/13 13:00:00,129.097000,129.146000,128.852000,129.067000,129.047000,129.047000,128.803000,128.963000
2017/08/13 21:00:00,129.067000,129.661000,128.971000,129.457000,128.963000,129.641000,128.874000,129.438000
2017/08/14 05:00:00,129.457000,129.663000,129.239000,129.339000,129.438000,129.643000,129.224000,129.323000
2017/08/14 13:00:00,129.339000,129.388000,128.929000,129.244000,129.323000,129.371000,128.913000,129.121000
2017/08/14 21:00:00,129.244000,129.939000,129.093000,129.870000,129.121000,129.921000,129.064000,129.854000
2017/08/15 05:00:00,129.870000,130.044000,129.478000,129.580000,129.854000,130.028000,129.460000,129.562000
2017/08/15 13:00:00,129.580000,129.934000,129.427000,129.934000,129.562000,129.898000,129.409000,129.811000
2017/08/15 21:00:00,129.934000,130.012000,129.769000,129.966000,129.811000,130.000000,129.728000,129.949000
2017/08/16 05:00:00,129.966000,130.406000,129.619000,129.696000,129.949000,130.389000,129.596000,129.680000
2017/08/16 13:00:00,129.696000,129.788000,129.528000,129.740000,129.680000,129.758000,129.513000,129.616000
2017/08/16 21:00:00,129.740000,129.740000,129.149000,129.430000,129.616000,129.692000,129.126000,129.412000
2017/08/17 05:00:00,129.430000,129.468000,128.560000,128.931000,129.412000,129.449000,128.532000,128.917000
2017/08/17 13:00:00,128.931000,129.165000,128.379000,128.513000,128.917000,129.149000,128.357000,128.383000
2017/08/17 21:00:00,128.513000,128.513000,128.007000,128.291000,128.383000,128.458000,127.985000,128.275000
2017/08/18 05:00:00,128.291000,128.440000,127.833000,127.916000,128.275000,128.421000,127.815000,127.900000
2017/08/18 13:00:00,127.916000,128.800000,127.572000,128.442000,127.900000,128.780000,127.554000,128.392000
2017/08/20 13:00:00,128.442000,128.714000,128.427000,128.580000,128.392000,128.606000,128.293000,128.476000
2017/08/20 21:00:00,128.580000,128.660000,128.348000,128.364000,128.476000,128.600000,128.331000,128.345000
2017/08/21 05:00:00,128.364000,128.434000,127.845000,128.339000,128.345000,128.415000,127.827000,128.322000
2017/08/21 13:00:00,128.339000,128.802000,128.223000,128.798000,128.322000,128.779000,128.205000,128.668000
2017/08/21 21:00:00,128.798000,129.197000,128.656000,129.021000,128.668000,129.176000,128.581000,129.002000
2017/08/22 05:00:00,129.021000,129.061000,128.339000,128.594000,129.002000,129.045000,128.321000,128.578000
2017/08/22 13:00:00,128.594000,128.923000,128.442000,128.920000,128.578000,128.894000,128.424000,128.790000
2017/08/22 21:00:00,128.920000,129.136000,128.660000,128.723000,128.790000,129.114000,128.643000,128.701000
2017/08/23 05:00:00,128.723000,129.072000,128.499000,128.710000,128.701000,129.054000,128.480000,128.692000
2017/08/23 13:00:00,128.710000,129.045000,128.638000,128.807000,128.692000,129.029000,128.620000,128.676000
2017/08/23 21:00:00,128.807000,128.975000,128.562000,128.850000,128.676000,128.955000,128.474000,128.833000
2017/08/24 05:00:00,128.850000,129.200000,128.708000,129.095000,128.833000,129.182000,128.692000,129.076000
2017/08/24 13:00:00,129.095000,129.372000,128.801000,129.284000,129.076000,129.355000,128.784000,129.249000
2017/08/24 21:00:00,129.284000,129.516000,129.181000,129.294000,129.249000,129.500000,129.163000,129.278000
2017/08/25 05:00:00,129.294000,129.698000,129.122000,129.564000,129.278000,129.675000,129.104000,129.547000
2017/08/25 13:00:00,129.564000,130.446000,129.420000,130.405000,129.547000,130.429000,129.390000,130.294000
2017/08/27 13:00:00,130.405000,130.821000,130.381000,130.466000,130.294000,130.699000,130.259000,130.355000
2017/08/27 21:00:00,130.466000,130.721000,129.993000,130.098000,130.355000,130.703000,129.974000,130.081000
2017/08/28 05:00:00,130.098000,130.531000,130.052000,130.492000,130.081000,130.515000,130.034000,130.476000
2017/08/28 13:00:00,130.492000,130.982000,130.387000,130.895000,130.476000,130.964000,130.369000,130.841000
2017/08/28 21:00:00,130.895000,130.925000,129.670000,130.305000,130.841000,130.865000,129.652000,130.288000
2017/08/29 05:00:00,130.305000,130.941000,130.294000,130.572000,130.288000,130.922000,130.277000,130.555000
2017/08/29 13:00:00,130.572000,131.633000,130.461000,131.412000,130.555000,131.615000,130.445000,131.369000
2017/08/29 21:00:00,131.412000,131.647000,131.130000,131.426000,131.369000,131.630000,131.084000,131.411000
2017/08/30 05:00:00,131.426000,131.718000,131.154000,131.404000,131.411000,131.701000,131.136000,131.389000
2017/08/30 13:00:00,131.404000,131.495000,130.984000,131.037000,131.389000,131.479000,130.959000,130.980000
2017/08/30 21:00:00,131.037000,131.449000,130.968000,131.248000,130.980000,131.430000,130.919000,131.230000
2017/08/31 05:00:00,131.248000,131.595000,130.809000,130.856000,131.230000,131.580000,130.793000,130.840000
2017/08/31 13:00:00,130.856000,131.078000,130.710000,131.001000,130.840000,131.062000,130.698000,130.947000
2017/08/31 21:00:00,131.001000,131.197000,130.886000,130.920000,130.947000,131.181000,130.870000,130.902000
2017/09/01 05:00:00,130.920000,131.362000,130.771000,130.964000,130.902000,131.336000,130.671000,130.945000
2017/09/01 13:00:00,130.964000,131.061000,130.671000,130.827000,130.945000,131.043000,130.654000,130.738000
2017/09/03 13:00:00,130.827000,130.827000,129.538000,130.205000,130.738000,130.738000,129.438000,130.124000
2017/09/03 21:00:00,130.205000,130.634000,130.179000,130.484000,130.124000,130.616000,130.078000,130.466000
2017/09/04 05:00:00,130.484000,130.720000,130.114000,130.498000,130.466000,130.702000,130.097000,130.480000
2017/09/04 13:00:00,130.498000,130.682000,130.390000,130.545000,130.480000,130.665000,130.341000,130.413000
2017/09/04 21:00:00,130.545000,130.649000,130.033000,130.197000,130.413000,130.633000,130.010000,130.180000
2017/09/05 05:00:00,130.197000,130.267000,129.850000,129.933000,130.180000,130.253000,129.834000,129.921000
2017/09/05 13:00:00,129.933000,130.053000,129.394000,129.666000,129.921000,130.038000,129.378000,129.591000
2017/09/05 21:00:00,129.666000,129.723000,129.380000,129.513000,129.591000,129.634000,129.362000,129.495000
2017/09/06 05:00:00,129.513000,130.015000,129.430000,129.897000,129.495000,129.999000,129.415000,129.881000
2017/09/06 13:00:00,129.897000,130.406000,129.634000,130.227000,129.881000,130.390000,129.620000,130.088000
2017/09/06 21:00:00,130.227000,130.312000,129.956000,130.056000,130.088000,130.266000,129.940000,130.038000
2017/09/07 05:00:00,130.056000,131.106000,129.943000,130.938000,130.038000,131.090000,129.899000,130.922000
2017/09/07 13:00:00,130.938000,131.081000,129.916000,130.432000,130.922000,131.066000,129.903000,130.337000
2017/09/07 21:00:00,130.432000,130.677000,130.149000,130.449000,130.337000,130.659000,130.130000,130.428000
2017/09/08 05:00:00,130.449000,130.462000,129.474000,129.705000,130.428000,130.438000,129.459000,129.691000
2017/09/08 13:00:00,129.705000,129.930000,129.506000,129.853000,129.691000,129.914000,129.491000,129.747000
2017/09/10 13:00:00,129.853000,130.421000,129.853000,130.130000,129.747000,130.337000,129.747000,129.990000
2017/09/10 21:00:00,130.130000,130.384000,129.997000,130.151000,129.990000,130.352000,129.941000,130.132000
2017/09/11 05:00:00,130.151000,130.501000,130.094000,130.318000,130.132000,130.483000,130.076000,130.301000
2017/09/11 13:00:00,130.318000,130.915000,130.273000,130.825000,130.301000,130.902000,130.258000,130.745000
2017/09/11 21:00:00,130.825000,130.918000,130.685000,130.777000,130.745000,130.901000,130.664000,130.760000
2017/09/12 05:00:00,130.777000,131.330000,130.756000,131.186000,130.760000,131.314000,130.739000,131.169000
2017/09/12 13:00:00,131.186000,131.910000,131.184000,131.847000,131.169000,131.895000,131.168000,131.809000
2017/09/12 21:00:00,131.847000,132.024000,131.746000,131.978000,131.809000,132.007000,131.716000,131.960000
2017/09/13 05:00:00,131.978000,131.996000,131.680000,131.875000,131.960000,131.980000,131.663000,131.858000
2017/09/13 13:00:00,131.875000,131.885000,131.260000,131.348000,131.858000,131.868000,131.246000,131.288000
2017/09/13 21:00:00,131.348000,131.503000,131.155000,131.223000,131.288000,131.484000,131.136000,131.209000
2017/09/14 05:00:00,131.223000,131.702000,131.113000,131.376000,131.209000,131.685000,131.097000,131.358000
2017/09/14 13:00:00,131.376000,131.767000,131.164000,131.419000,131.358000,131.749000,131.145000,131.360000
2017/09/14 21:00:00,131.419000,131.509000,130.628000,131.468000,131.360000,131.493000,130.593000,131.449000
2017/09/15 05:00:00,131.468000,133.104000,131.466000,132.579000,131.449000,133.085000,131.448000,132.560000
2017/09/15 13:00:00,132.579000,132.950000,132.284000,132.474000,132.560000,132.934000,132.269000,132.385000
2017/09/17 13:00:00,132.474000,132.711000,132.454000,132.463000,132.385000,132.591000,132.360000,132.363000
2017/09/17 21:00:00,132.463000,132.936000,132.463000,132.749000,132.363000,132.917000,132.360000,132.732000
2017/09/18 05:00:00,132.749000,133.338000,132.640000,133.285000,132.732000,133.321000,132.623000,133.268000
2017/09/18 13:00:00,133.285000,133.455000,132.960000,133.437000,133.268000,133.422000,132.941000,133.307000
2017/09/18 21:00:00,133.437000,133.766000,133.241000,133.694000,133.307000,133.751000,133.222000,133.677000
2017/09/19 05:00:00,133.694000,134.183000,133.368000,133.544000,133.677000,134.164000,133.351000,133.527000
2017/09/19 13:00:00,133.544000,133.911000,133.277000,133.858000,133.527000,133.891000,133.260000,133.835000
2017/09/19 21:00:00,133.858000,134.037000,133.738000,133.832000,133.835000,134.019000,133.719000,133.815000
2017/09/20 05:00:00,133.832000,133.958000,133.520000,133.633000,133.815000,133.941000,133.503000,133.615000
2017/09/20 13:00:00,133.633000,134.129000,133.260000,133.483000,133.615000,134.106000,133.241000,133.413000
2017/09/20 21:00:00,133.483000,133.765000,133.444000,133.628000,133.413000,133.749000,133.383000,133.611000
2017/09/21 05:00:00,133.628000,134.081000,133.561000,133.897000,133.611000,134.062000,133.542000,133.882000
2017/09/21 13:00:00,133.897000,134.392000,133.746000,134.352000,133.882000,134.380000,133.730000,134.270000
2017/09/21 21:00:00,134.352000,134.399000,133.511000,133.731000,134.270000,134.384000,133.494000,133.713000
2017/09/22 05:00:00,133.731000,134.416000,133.725000,134.136000,133.713000,134.402000,133.707000,134.120000
2017/09/22 13:00:00,134.136000,134.153000,133.794000,133.824000,134.120000,134.137000,133.767000,133.780000
2017/09/24 13:00:00,133.824000,133.847000,133.488000,133.519000,133.780000,133.808000,133.388000,133.443000
2017/09/24 21:00:00,133.519000,134.249000,133.519000,133.963000,133.443000,134.233000,133.414000,133.946000
2017/09/25 05:00:00,133.963000,134.017000,133.050000,133.255000,133.946000,134.003000,133.033000,133.241000
2017/09/25 13:00:00,133.255000,133.470000,131.926000,132.411000,133.241000,133.454000,131.909000,132.360000
2017/09/25 21:00:00,132.411000,132.535000,132.200000,132.230000,132.360000,132.518000,132.184000,132.212000
2017/09/26 05:00:00,132.230000,132.344000,131.757000,132.234000,132.212000,132.328000,131.741000,132.219000
2017/09/26 13:00:00,132.234000,132.606000,131.965000,132.434000,132.219000,132.590000,131.949000,132.308000
2017/09/26 21:00:00,132.434000,132.580000,132.324000,132.383000,132.308000,132.562000,132.293000,132.365000
2017/09/27 05:00:00,132.383000,132.742000,132.331000,132.680000,132.365000,132.725000,132.314000,132.664000
2017/09/27 13:00:00,132.680000,132.755000,132.096000,132.559000,132.664000,132.740000,132.080000,132.481000
2017/09/27 21:00:00,132.559000,132.692000,132.335000,132.641000,132.481000,132.673000,132.317000,132.623000
2017/09/28 05:00:00,132.641000,132.817000,132.523000,132.679000,132.623000,132.802000,132.505000,132.665000
2017/09/28 13:00:00,132.679000,132.897000,132.305000,132.429000,132.665000,132.881000,132.285000,132.366000
2017/09/28 21:00:00,132.429000,132.828000,132.333000,132.671000,132.366000,132.811000,132.281000,132.656000
2017/09/29 05:00:00,132.671000,132.937000,132.600000,132.831000,132.656000,132.918000,132.582000,132.817000
2017/09/29 13:00:00,132.831000,133.125000,132.772000,133.001000,132.817000,133.110000,132.758000,132.875000
2017/10/01 13:00:00,133.001000,133.001000,132.632000,132.880000,132.875000,132.875000,132.554000,132.819000
2017/10/01 21:00:00,132.880000,133.086000,132.729000,132.875000,132.819000,133.062000,132.634000,132.856000
2017/10/02 05:00:00,132.875000,132.896000,132.324000,132.424000,132.856000,132.877000,132.308000,132.407000
2017/10/02 13:00:00,132.424000,132.566000,132.199000,132.363000,132.407000,132.535000,132.185000,132.243000
2017/10/02 21:00:00,132.363000,132.490000,132.201000,132.464000,132.243000,132.476000,132.165000,132.445000
2017/10/03 05:00:00,132.464000,132.898000,132.360000,132.854000,132.445000,132.880000,132.343000,132.837000
2017/10/03 13:00:00,132.854000,132.888000,132.529000,132.561000,132.837000,132.872000,132.487000,132.516000
2017/10/03 21:00:00,132.561000,132.645000,132.425000,132.554000,132.516000,132.628000,132.405000,132.537000
2017/10/04 05:00:00,132.554000,132.566000,132.255000,132.460000,132.537000,132.549000,132.238000,132.445000
2017/10/04 13:00:00,132.460000,132.845000,132.409000,132.636000,132.445000,132.830000,132.391000,132.558000
2017/10/04 21:00:00,132.636000,132.742000,132.478000,132.576000,132.558000,132.725000,132.460000,132.558000
2017/10/05 05:00:00,132.576000,132.786000,131.890000,131.914000,132.558000,132.770000,131.875000,131.898000
2017/10/05 13:00:00,131.914000,132.173000,131.853000,132.155000,131.898000,132.159000,131.835000,132.084000
2017/10/05 21:00:00,132.155000,132.211000,131.985000,132.169000,132.084000,132.195000,131.970000,132.152000
2017/10/06 05:00:00,132.169000,132.545000,132.056000,132.491000,132.152000,132.530000,132.040000,132.474000
2017/10/06 13:00:00,132.491000,132.775000,132.147000,132.259000,132.474000,132.764000,132.127000,132.127000
2017/10/08 13:00:00,132.259000,132.305000,132.058000,132.133000,132.127000,132.203000,131.993000,132.013000
2017/10/08 21:00:00,132.133000,132.278000,131.871000,132.133000,132.013000,132.247000,131.846000,132.115000
2017/10/09 05:00:00,132.133000,132.424000,131.987000,132.307000,132.115000,132.409000,131.971000,132.291000
2017/10/09 13:00:00,132.307000,132.504000,132.143000,132.328000,132.291000,132.490000,132.125000,132.266000
2017/10/09 21:00:00,132.328000,132.717000,132.242000,132.603000,132.266000,132.700000,132.221000,132.589000
2017/10/10 05:00:00,132.603000,132.762000,132.348000,132.538000,132.589000,132.745000,132.330000,132.520000
2017/10/10 13:00:00,132.538000,132.880000,132.252000,132.794000,132.520000,132.862000,132.238000,132.768000
2017/10/10 21:00:00,132.794000,132.910000,132.709000,132.875000,132.768000,132.894000,132.684000,132.859000
2017/10/11 05:00:00,132.875000,132.982000,132.464000,132.832000,132.859000,132.967000,132.447000,132.814000
2017/10/11 13:00:00,132.832000,133.512000,132.789000,133.439000,132.814000,133.487000,132.771000,133.385000
2017/10/11 21:00:00,133.439000,133.498000,133.244000,133.431000,133.385000,133.486000,133.233000,133.414000
2017/10/12 05:00:00,133.431000,133.436000,133.043000,133.156000,133.414000,133.418000,133.027000,133.138000
2017/10/12 13:00:00,133.156000,133.182000,132.803000,132.862000,133.138000,133.165000,132.787000,132.801000
2017/10/12 21:00:00,132.862000,132.947000,132.737000,132.884000,132.801000,132.929000,132.720000,132.866000
2017/10/13 05:00:00,132.884000,132.890000,132.215000,132.583000,132.866000,132.871000,132.199000,132.566000
2017/10/13 13:00:00,132.583000,132.728000,132.150000,132.281000,132.566000,132.711000,132.132000,132.158000
2017/10/15 13:00:00,132.281000,132.281000,132.015000,132.056000,132.158000,132.158000,131.968000,131.998000
2017/10/15 21:00:00,132.056000,132.396000,132.038000,132.200000,131.998000,132.385000,131.998000,132.181000
2017/10/16 05:00:00,132.200000,132.212000,131.670000,132.014000,132.181000,132.197000,131.651000,131.996000
2017/10/16 13:00:00,132.014000,132.387000,131.724000,132.353000,131.996000,132.370000,131.707000,132.319000
2017/10/16 21:00:00,132.353000,132.383000,131.948000,132.072000,132.319000,132.364000,131.930000,132.052000
2017/10/17 05:00:00,132.072000,132.203000,131.854000,132.151000,132.052000,132.187000,131.836000,132.135000
2017/10/17 13:00:00,132.151000,132.152000,131.871000,132.033000,132.135000,132.136000,131.856000,131.988000
2017/10/17 21:00:00,132.033000,132.184000,131.980000,132.062000,131.988000,132.168000,131.951000,132.044000
2017/10/18 05:00:00,132.062000,132.846000,132.045000,132.787000,132.044000,132.832000,132.028000,132.769000
2017/10/18 13:00:00,132.787000,133.291000,132.754000,133.143000,132.769000,133.275000,132.735000,133.095000
2017/10/18 21:00:00,133.143000,133.442000,133.132000,133.365000,133.095000,133.431000,133.090000,133.347000
2017/10/19 05:00:00,133.365000,133.633000,132.483000,133.150000,133.347000,133.618000,132.468000,133.135000
2017/10/19 13:00:00,133.150000,133.452000,133.100000,133.440000,133.135000,133.433000,133.084000,133.344000
2017/10/19 21:00:00,133.440000,133.865000,133.313000,133.758000,133.344000,133.849000,133.264000,133.742000
2017/10/20 05:00:00,133.758000,133.972000,133.610000,133.704000,133.742000,133.957000,133.592000,133.687000
2017/10/20 13:00:00,133.704000,133.846000,133.508000,133.796000,133.687000,133.829000,133.496000,133.681000
2017/10/22 13:00:00,133.796000,134.010000,133.796000,133.988000,133.681000,133.987000,133.681000,133.962000
2017/10/22 21:00:00,133.988000,134.145000,133.853000,133.874000,133.962000,134.120000,133.836000,133.857000
2017/10/23 05:00:00,133.874000,133.908000,133.519000,133.600000,133.857000,133.890000,133.503000,133.585000
2017/10/23 13:00:00,133.600000,133.697000,133.109000,133.296000,133.585000,133.682000,133.095000,133.266000
2017/10/23 21:00:00,133.296000,133.391000,133.193000,133.361000,133.266000,133.375000,133.177000,133.344000
2017/10/24 05:00:00,133.361000,134.002000,133.319000,133.933000,133.344000,133.988000,133.303000,133.917000
2017/10/24 13:00:00,133.933000,134.204000,133.784000,134.011000,133.917000,134.186000,133.770000,133.947000
2017/10/24 21:00:00,134.011000,134.115000,133.785000,133.940000,133.947000,134.097000,133.767000,133.923000
2017/10/25 05:00:00,133.940000,134.503000,133.765000,134.385000,133.923000,134.487000,133.748000,134.373000
2017/10/25 13:00:00,134.385000,134.508000,134.012000,134.374000,134.373000,134.493000,133.996000,134.344000
2017/10/25 21:00:00,134.374000,134.410000,134.108000,134.249000,134.344000,134.371000,134.090000,134.232000
2017/10/26 05:00:00,134.249000,134.503000,133.619000,133.802000,134.232000,134.487000,133.600000,133.790000
2017/10/26 13:00:00,133.802000,133.984000,132.667000,132.819000,133.790000,133.962000,132.650000,132.767000
2017/10/26 21:00:00,132.819000,132.947000,132.604000,132.827000,132.767000,132.931000,132.587000,132.811000
2017/10/27 05:00:00,132.827000,132.961000,132.462000,132.521000,132.811000,132.945000,132.449000,132.505000
2017/10/27 13:00:00,132.521000,132.557000,131.759000,132.014000,132.505000,132.541000,131.745000,131.917000
2017/10/29 13:00:00,132.014000,132.161000,131.987000,132.086000,131.917000,132.108000,131.898000,131.988000
2017/10/29 21:00:00,132.086000,132.131000,131.859000,131.984000,131.988000,132.099000,131.836000,131.969000
2017/10/30 05:00:00,131.984000,132.297000,131.930000,131.978000,131.969000,132.281000,131.913000,131.961000
2017/10/30 13:00:00,131.978000,131.985000,131.464000,131.882000,131.961000,131.969000,131.447000,131.846000
2017/10/30 21:00:00,131.882000,131.908000,131.562000,131.602000,131.846000,131.880000,131.545000,131.585000
2017/10/31 05:00:00,131.602000,132.001000,131.519000,131.976000,131.585000,131.985000,131.502000,131.960000
2017/10/31 13:00:00,131.976000,132.577000,131.924000,132.351000,131.960000,132.560000,131.907000,132.329000
2017/10/31 21:00:00,132.351000,132.614000,132.347000,132.462000,132.329000,132.597000,132.324000,132.445000
2017/11/01 05:00:00,132.462000,132.878000,132.404000,132.684000,132.445000,132.846000,132.387000,132.667000
2017/11/01 13:00:00,132.684000,132.794000,132.435000,132.706000,132.667000,132.778000,132.411000,132.660000
2017/11/01 21:00:00,132.706000,132.870000,132.576000,132.790000,132.660000,132.852000,132.558000,132.774000
2017/11/02 05:00:00,132.790000,133.159000,132.657000,132.942000,132.774000,133.141000,132.642000,132.926000
2017/11/02 13:00:00,132.942000,133.144000,132.656000,133.027000,132.926000,133.129000,132.640000,133.007000
2017/11/02 21:00:00,133.027000,133.030000,132.813000,132.945000,133.007000,133.008000,132.796000,132.926000
2017/11/03 05:00:00,132.945000,133.018000,132.762000,132.830000,132.926000,132.982000,132.745000,132.814000
2017/11/03 13:00:00,132.830000,132.949000,132.412000,132.478000,132.814000,132.934000,132.363000,132.363000
2017/11/05 14:00:00,132.478000,132.552000,132.445000,132.510000,132.363000,132.494000,132.363000,132.398000
2017/11/05 22:00:00,132.510000,133.129000,132.476000,132.686000,132.398000,133.113000,132.380000,132.670000
2017/11/06 06:00:00,132.686000,132.839000,132.201000,132.202000,132.670000,132.822000,132.184000,132.185000
2017/11/06 14:00:00,132.202000,132.351000,132.011000,132.057000,132.185000,132.336000,131.965000,131.970000
2017/11/06 22:00:00,132.057000,132.346000,132.046000,132.300000,131.970000,132.328000,131.958000,132.283000
2017/11/07 06:00:00,132.300000,132.421000,131.871000,131.963000,132.283000,132.409000,131.855000,131.950000
2017/11/07 14:00:00,131.963000,132.305000,131.849000,132.131000,131.950000,132.292000,131.834000,132.056000
2017/11/07 22:00:00,132.131000,132.168000,131.811000,132.008000,132.056000,132.118000,131.794000,131.992000
2017/11/08 06:00:00,132.008000,132.178000,131.408000,131.657000,131.992000,132.161000,131.393000,131.642000
2017/11/08 14:00:00,131.657000,132.081000,131.610000,132.062000,131.642000,132.063000,131.594000,132.009000
2017/11/08 22:00:00,132.062000,132.270000,131.645000,131.817000,132.009000,132.254000,131.629000,131.799000
2017/11/09 06:00:00,131.817000,132.029000,131.530000,131.766000,131.799000,132.011000,131.513000,131.751000
2017/11/09 14:00:00,131.766000,132.238000,131.703000,132.103000,131.751000,132.223000,131.688000,132.065000
2017/11/09 22:00:00,132.103000,132.226000,131.960000,132.148000,132.065000,132.210000,131.946000,132.133000
2017/11/10 06:00:00,132.148000,132.254000,132.005000,132.098000,132.133000,132.237000,131.989000,132.082000
2017/11/10 14:00:00,132.098000,132.560000,132.086000,132.492000,132.082000,132.546000,132.069000,132.377000
2017/11/12 14:00:00,132.492000,132.502000,132.348000,132.376000,132.377000,132.416000,132.226000,132.251000
2017/11/12 22:00:00,132.376000,132.608000,132.324000,132.332000,132.251000,132.594000,132.251000,132.314000
2017/11/13 06:00:00,132.332000,132.342000,131.941000,132.257000,132.314000,132.326000,131.925000,132.240000
2017/11/13 14:00:00,132.257000,132.636000,132.137000,132.597000,132.240000,132.620000,132.120000,132.545000
2017/11/13 22:00:00,132.597000,132.740000,132.494000,132.667000,132.545000,132.725000,132.476000,132.651000
2017/11/14 06:00:00,132.667000,133.522000,132.575000,133.509000,132.651000,133.504000,132.571000,133.492000
2017/11/14 14:00:00,133.509000,133.901000,133.177000,133.868000,133.492000,133.849000,133.160000,133.835000
2017/11/14 22:00:00,133.868000,133.972000,133.309000,133.425000,133.835000,133.882000,133.294000,133.411000
2017/11/15 06:00:00,133.425000,133.658000,133.333000,133.441000,133.411000,133.645000,133.319000,133.423000
2017/11/15 14:00:00,133.441000,133.546000,132.980000,133.117000,133.423000,133.529000,132.963000,133.072000
2017/11/15 22:00:00,133.117000,133.234000,132.813000,133.213000,133.072000,133.217000,132.785000,133.195000
2017/11/16 06:00:00,133.213000,133.466000,133.067000,133.085000,133.195000,133.447000,133.050000,133.070000
2017/11/16 14:00:00,133.085000,133.130000,132.766000,133.125000,133.070000,133.113000,132.750000,133.034000
2017/11/16 22:00:00,133.125000,133.167000,132.817000,132.906000,133.034000,133.158000,132.800000,132.891000
2017/11/17 06:00:00,132.906000,132.984000,132.625000,132.697000,132.891000,132.968000,132.608000,132.680000
2017/11/17 14:00:00,132.697000,132.701000,132.062000,132.265000,132.680000,132.687000,132.047000,132.136000
2017/11/19 14:00:00,132.265000,132.275000,132.160000,132.258000,132.136000,132.176000,132.072000,132.116000
2017/11/19 22:00:00,132.258000,132.343000,131.180000,131.519000,132.116000,132.267000,131.162000,131.503000
2017/11/20 06:00:00,131.519000,132.480000,131.413000,132.142000,131.503000,132.463000,131.395000,132.125000
2017/11/20 14:00:00,132.142000,132.282000,131.897000,132.160000,132.125000,132.266000,131.881000,132.114000
2017/11/20 22:00:00,132.160000,132.282000,132.048000,132.169000,132.114000,132.268000,132.032000,132.153000
2017/11/21 06:00:00,132.169000,132.278000,131.700000,131.845000,132.153000,132.261000,131.683000,131.833000
2017/11/21 14:00:00,131.845000,132.100000,131.584000,132.029000,131.833000,132.084000,131.569000,131.957000
2017/11/21 22:00:00,132.029000,132.140000,131.724000,131.790000,131.957000,132.067000,131.713000,131.774000
2017/11/22 06:00:00,131.790000,131.941000,131.481000,131.619000,131.774000,131.924000,131.467000,131.603000
2017/11/22 14:00:00,131.619000,131.782000,131.444000,131.529000,131.603000,131.765000,131.427000,131.483000
2017/11/22 22:00:00,131.529000,131.828000,131.237000,131.679000,131.483000,131.812000,131.225000,131.663000
2017/11/23 06:00:00,131.679000,131.892000,131.488000,131.883000,131.663000,131.875000,131.472000,131.866000
2017/11/23 14:00:00,131.883000,131.885000,131.684000,131.840000,131.866000,131.871000,131.669000,131.756000
2017/11/23 22:00:00,131.840000,132.211000,131.768000,132.152000,131.756000,132.197000,131.719000,132.135000
2017/11/24 06:00:00,132.152000,132.521000,131.950000,132.497000,132.135000,132.507000,131.934000,132.483000
2017/11/24 14:00:00,132.497000,133.247000,132.486000,133.134000,132.483000,133.230000,132.469000,133.019000
2017/11/26 14:00:00,133.134000,133.175000,132.962000,133.013000,133.019000,133.077000,132.928000,132.973000
2017/11/26 22:00:00,133.013000,133.239000,132.722000,132.869000,132.973000,133.219000,132.708000,132.854000
2017/11/27 06:00:00,132.869000,132.928000,132.546000,132.639000,132.854000,132.912000,132.530000,132.621000
2017/11/27 14:00:00,132.639000,132.706000,132.089000,132.207000,132.621000,132.691000,132.068000,132.166000
2017/11/27 22:00:00,132.207000,132.486000,132.112000,132.335000,132.166000,132.470000,132.082000,132.319000
2017/11/28 06:00:00,132.335000,132.579000,132.192000,132.334000,132.319000,132.566000,132.176000,132.317000
2017/11/28 14:00:00,132.334000,132.424000,131.733000,132.043000,132.317000,132.407000,131.716000,131.956000
2017/11/28 22:00:00,132.043000,132.307000,131.955000,132.226000,131.956000,132.292000,131.880000,132.207000
2017/11/29 06:00:00,132.226000,132.590000,132.001000,132.585000,132.207000,132.573000,131.985000,132.568000
2017/11/29 14:00:00,132.585000,132.806000,132.431000,132.631000,132.568000,132.793000,132.415000,132.560000
2017/11/29 22:00:00,132.631000,133.076000,132.573000,133.032000,132.560000,133.061000,132.511000,133.016000
2017/11/30 06:00:00,133.032000,133.319000,132.662000,133.151000,133.016000,133.302000,132.647000,133.134000
2017/11/30 14:00:00,133.151000,134.157000,133.150000,133.996000,133.134000,134.142000,133.133000,133.948000
2017/11/30 22:00:00,133.996000,134.307000,133.814000,134.248000,133.948000,134.291000,133.798000,134.230000
2017/12/01 06:00:00,134.248000,134.392000,133.473000,133.825000,134.230000,134.375000,133.459000,133.808000
2017/12/01 14:00:00,133.825000,133.922000,132.918000,133.557000,133.808000,133.906000,132.905000,133.420000
2017/12/03 14:00:00,133.557000,134.048000,133.557000,133.876000,133.420000,133.998000,133.420000,133.756000
2017/12/03 22:00:00,133.876000,134.034000,133.698000,133.892000,133.756000,134.008000,133.632000,133.875000
2017/12/04 06:00:00,133.892000,134.060000,133.728000,133.823000,133.875000,134.044000,133.711000,133.806000
2017/12/04 14:00:00,133.823000,133.872000,133.277000,133.424000,133.806000,133.856000,133.262000,133.355000
2017/12/04 22:00:00,133.424000,133.721000,133.368000,133.618000,133.355000,133.705000,133.329000,133.601000
2017/12/05 06:00:00,133.618000,133.753000,133.238000,133.264000,133.601000,133.737000,133.222000,133.250000
2017/12/05 14:00:00,133.264000,133.510000,133.016000,133.199000,133.250000,133.495000,133.003000,133.103000
2017/12/05 22:00:00,133.199000,133.259000,132.705000,132.756000,133.103000,133.205000,132.685000,132.739000
2017/12/06 06:00:00,132.756000,132.865000,132.410000,132.486000,132.739000,132.849000,132.397000,132.469000
2017/12/06 14:00:00,132.486000,132.565000,132.267000,132.481000,132.469000,132.548000,132.255000,132.435000
2017/12/06 22:00:00,132.481000,132.751000,132.413000,132.682000,132.435000,132.734000,132.359000,132.666000
2017/12/07 06:00:00,132.682000,132.968000,132.664000,132.851000,132.666000,132.953000,132.649000,132.834000
2017/12/07 14:00:00,132.851000,133.294000,132.799000,133.151000,132.834000,133.279000,132.784000,133.120000
2017/12/07 22:00:00,133.151000,133.417000,133.145000,133.413000,133.120000,133.400000,133.117000,133.397000
2017/12/08 06:00:00,133.413000,133.466000,133.159000,133.324000,133.397000,133.451000,133.092000,133.309000
2017/12/08 14:00:00,133.324000,133.651000,133.122000,133.651000,133.309000,133.606000,133.108000,133.514000
2017/12/10 14:00:00,133.651000,133.651000,133.511000,133.636000,133.514000,133.556000,133.429000,133.516000
2017/12/10 22:00:00,133.636000,133.894000,133.559000,133.777000,133.516000,133.878000,133.512000,133.761000
2017/12/11 06:00:00,133.777000,133.847000,133.544000,133.585000,133.761000,133.832000,133.530000,133.567000
2017/12/11 14:00:00,133.585000,133.864000,133.555000,133.682000,133.567000,133.848000,133.540000,133.607000
2017/12/11 22:00:00,133.682000,133.757000,133.483000,133.582000,133.607000,133.737000,133.465000,133.564000
2017/12/12 06:00:00,133.582000,133.768000,133.366000,133.371000,133.564000,133.754000,133.350000,133.354000
2017/12/12 14:00:00,133.371000,133.487000,133.015000,133.348000,133.354000,133.471000,133.004000,133.310000
2017/12/12 22:00:00,133.348000,133.376000,133.055000,133.216000,133.310000,133.354000,133.040000,133.199000
2017/12/13 06:00:00,133.216000,133.345000,132.860000,132.944000,133.199000,133.329000,132.846000,132.926000
2017/12/13 14:00:00,132.944000,133.185000,132.870000,133.115000,132.926000,133.171000,132.840000,133.065000
2017/12/13 22:00:00,133.115000,133.518000,133.096000,133.145000,133.065000,133.502000,133.063000,133.129000
2017/12/14 06:00:00,133.145000,133.768000,133.140000,133.303000,133.129000,133.752000,133.124000,133.286000
2017/12/14 14:00:00,133.303000,133.337000,132.245000,132.401000,133.286000,133.321000,132.229000,132.346000
2017/12/14 22:00:00,132.401000,132.483000,132.169000,132.285000,132.346000,132.468000,132.155000,132.268000
2017/12/15 06:00:00,132.285000,132.543000,132.062000,132.429000,132.268000,132.527000,132.046000,132.412000
2017/12/15 14:00:00,132.429000,132.738000,132.254000,132.407000,132.412000,132.721000,132.239000,132.291000
2017/12/17 14:00:00,132.407000,132.488000,132.377000,132.461000,132.291000,132.404000,132.236000,132.341000
2017/12/17 22:00:00,132.461000,132.578000,132.198000,132.509000,132.341000,132.560000,132.117000,132.491000
2017/12/18 06:00:00,132.509000,132.883000,132.506000,132.709000,132.491000,132.866000,132.489000,132.693000
2017/12/18 14:00:00,132.709000,133.018000,132.560000,132.625000,132.693000,133.001000,132.545000,132.583000
2017/12/18 22:00:00,132.625000,132.846000,132.609000,132.781000,132.583000,132.828000,132.573000,132.763000
2017/12/19 06:00:00,132.781000,133.445000,132.705000,133.410000,132.763000,133.429000,132.690000,133.392000
2017/12/19 14:00:00,133.410000,133.931000,133.173000,133.671000,133.392000,133.915000,133.156000,133.636000
2017/12/19 22:00:00,133.671000,133.909000,133.640000,133.821000,133.636000,133.894000,133.592000,133.802000
2017/12/20 06:00:00,133.821000,134.228000,133.670000,134.184000,133.802000,134.213000,133.652000,134.168000
2017/12/20 14:00:00,134.184000,134.786000,134.109000,134.650000,134.168000,134.770000,134.091000,134.589000
2017/12/20 22:00:00,134.650000,134.708000,134.466000,134.583000,134.589000,134.691000,134.450000,134.566000
2017/12/21 06:00:00,134.583000,134.892000,134.473000,134.474000,134.566000,134.874000,134.454000,134.457000
2017/12/21 14:00:00,134.474000,134.723000,134.455000,134.584000,134.457000,134.706000,134.438000,134.524000
2017/12/21 22:00:00,134.584000,134.595000,133.917000,134.270000,134.524000,134.550000,133.897000,134.257000
2017/12/22 06:00:00,134.270000,134.513000,134.253000,134.409000,134.257000,134.501000,134.236000,134.392000
2017/12/22 14:00:00,134.409000,134.459000,134.089000,134.401000,134.392000,134.405000,134.070000,134.304000
2017/12/25 22:00:00,134.401000,134.509000,134.401000,134.494000,134.304000,134.487000,134.304000,134.476000
2017/12/26 06:00:00,134.494000,134.566000,134.234000,134.296000,134.476000,134.546000,134.216000,134.277000
2017/12/26 14:00:00,134.296000,134.524000,134.214000,134.290000,134.277000,134.503000,134.199000,134.256000
2017/12/26 22:00:00,134.290000,134.497000,134.208000,134.466000,134.256000,134.480000,134.171000,134.447000
2017/12/27 06:00:00,134.466000,134.775000,134.305000,134.752000,134.447000,134.761000,134.288000,134.736000
2017/12/27 14:00:00,134.752000,134.983000,134.687000,134.780000,134.736000,134.966000,134.671000,134.712000
2017/12/27 22:00:00,134.780000,134.859000,134.589000,134.593000,134.712000,134.815000,134.554000,134.573000
2017/12/28 06:00:00,134.593000,134.843000,134.474000,134.843000,134.573000,134.825000,134.453000,134.825000
2017/12/28 14:00:00,134.843000,134.992000,134.734000,134.850000,134.825000,134.975000,134.715000,134.771000
2017/12/28 22:00:00,134.850000,134.952000,134.556000,134.691000,134.771000,134.922000,134.537000,134.671000
2017/12/29 06:00:00,134.691000,135.080000,134.661000,134.950000,134.671000,135.064000,134.648000,134.932000
2017/12/29 14:00:00,134.950000,135.526000,134.898000,135.282000,134.932000,135.509000,134.879000,135.150000
